4 5

0.0872817633207887 0.412718236679211 0.412718236679211 0.0872817633207887 

0.941021525746293 0.0014503210834008 0.00875757028930981 0.0487705828809961 
0.0154888098750322 0.963015010107432 0.00830348078658555 0.01319269923095 
0.01319269923095 0.00830348078658555 0.963015010107432 0.0154888098750322 
0.0487705828809961 0.00875757028930981 0.0014503210834008 0.941021525746293 

0.94121559602054 0.0358028524032948 0.00239028050026125 0.0205912710759035 
0.228905276844581 0.338052433556367 0.333287246917593 0.0997550426814594 
0.0997550426814594 0.333287246917593 0.338052433556367 0.228905276844581 
0.0205912710759035 0.00239028050026125 0.0358028524032948 0.94121559602054 

0.988786711543553 4.16399246982307e-06 0.0095118734998746 0.00169725096410289 
0.00572685444602722 0.917649551613017 0.0671823342346151 0.00944125970634019 
0.00944125970634019 0.0671823342346151 0.917649551613017 0.00572685444602722 
0.00169725096410289 0.0095118734998746 4.16399246982307e-06 0.988786711543553 

0.497120740857922 0.0304512729449655 0.0182054234465251 0.454222562750588 
0.138178384408386 0.419865724000269 0.393008674202113 0.0489472173892323 
0.0489472173892323 0.393008674202113 0.419865724000269 0.138178384408386 
0.454222562750588 0.0182054234465251 0.0304512729449655 0.497120740857922 

0.953607871321339 0.00154820708403577 0.0373670553569976 0.00747686623762778 
0.0190221733727097 0.949459081781423 0.0263281336395128 0.00519061120635433 
0.00519061120635433 0.0263281336395128 0.949459081781423 0.0190221733727097 
0.00747686623762778 0.0373670553569976 0.00154820708403577 0.953607871321339 


