4 5

0.0591669715940952 0.440833028405905 0.440833028405905 0.0591669715940952 

0.948278315497738 0.0170754494847684 0.00488556861159449 0.0297606664058991 
0.00100331403446479 0.955059231177266 0.0238614854258408 0.0200759693624285 
0.0200759693624285 0.0238614854258408 0.955059231177266 0.00100331403446479 
0.0297606664058991 0.00488556861159449 0.0170754494847684 0.948278315497738 

0.872300259620423 0.0255139842787446 0.000464723400236533 0.101721032700596 
0.0194433550545262 0.410807696698836 0.378357887236927 0.191391061009711 
0.191391061009711 0.378357887236927 0.410807696698836 0.0194433550545262 
0.101721032700596 0.000464723400236533 0.0255139842787446 0.872300259620423 

0.95754645055458 0.000706752929056545 0.0407001262204791 0.00104667029588429 
0.0495568499903677 0.945195135116271 0.00043121382662753 0.00481680106673342 
0.00481680106673342 0.00043121382662753 0.945195135116271 0.0495568499903677 
0.00104667029588429 0.0407001262204791 0.000706752929056545 0.95754645055458 

0.735555660576523 0.000598148047184329 0.037560076772765 0.226286114603527 
0.00774525121203551 0.518070362203077 0.472372839460667 0.00181154712422071 
0.00181154712422071 0.472372839460667 0.518070362203077 0.00774525121203551 
0.226286114603527 0.037560076772765 0.000598148047184329 0.735555660576523 

0.914022412616385 0.0108556652079764 0.000930605144235839 0.0741913170314024 
0.000835718953445613 0.993255442693745 0.0058298690101688 7.89693426410394e-05 
7.89693426410394e-05 0.0058298690101688 0.993255442693745 0.000835718953445613 
0.0741913170314024 0.000930605144235839 0.0108556652079764 0.914022412616385 


