4 5

0.053658889606595 0.446341110393405 0.446341110393405 0.053658889606595 

0.973809329674708 0.00158639938955681 0.0225867327673978 0.00201753816833711 
0.0273611971392936 0.930117784202252 0.040393872611399 0.00212714604705532 
0.00212714604705532 0.040393872611399 0.930117784202252 0.0273611971392936 
0.00201753816833711 0.0225867327673978 0.00158639938955681 0.973809329674708 

0.798360079357016 0.0318468851079452 0.0215583335797489 0.14823470195529 
0.00625564583255028 0.247428100643549 0.15920465250258 0.58711160102132 
0.58711160102132 0.15920465250258 0.247428100643549 0.00625564583255028 
0.14823470195529 0.0215583335797489 0.0318468851079452 0.798360079357016 

0.930400142491317 0.00249125261426364 0.0335952241032467 0.0335133807911726 
0.00727469780819278 0.973354402118595 0.0193563241402478 1.45759329640621e-05 
1.45759329640621e-05 0.0193563241402478 0.973354402118595 0.00727469780819278 
0.0335133807911726 0.0335952241032467 0.00249125261426364 0.930400142491317 

0.30688235270596 0.361543764415657 0.0803779705602789 0.251195912318105 
0.00952373818382541 0.800970362563585 0.152923899281856 0.0365819999707337 
0.0365819999707337 0.152923899281856 0.800970362563585 0.00952373818382541 
0.251195912318105 0.0803779705602789 0.361543764415657 0.30688235270596 

0.957955220230914 0.00263283976199082 0.0389691064606804 0.000442833546414945 
0.042491299130514 0.944798332351988 0.010474133189905 0.00223623532759321 
0.00223623532759321 0.010474133189905 0.944798332351988 0.042491299130514 
0.000442833546414945 0.0389691064606804 0.00263283976199082 0.957955220230914 


