4 5

0.492829048307613 0.00717095169238746 0.00717095169238746 0.492829048307613 

0.927837297709076 0.00585699490770792 0.0484142769459888 0.017891430437227 
0.0214455765929352 0.975604257823102 0.00107300152085277 0.00187716406310971 
0.00187716406310971 0.00107300152085277 0.975604257823102 0.0214455765929352 
0.017891430437227 0.0484142769459888 0.00585699490770792 0.927837297709076 

0.444763569426252 0.192452685707396 0.31631544484739 0.0464683000189623 
0.00110468361666844 0.486605869983692 0.475147193295856 0.0371422531037834 
0.0371422531037834 0.475147193295856 0.486605869983692 0.00110468361666844 
0.0464683000189623 0.31631544484739 0.192452685707396 0.444763569426252 

0.953569775255809 0.0384958096013236 0.000447527541562655 0.00748688760130484 
0.00105174151241684 0.950216590342614 0.0487241379436881 7.53020128129258e-06 
7.53020128129258e-06 0.0487241379436881 0.950216590342614 0.00105174151241684 
0.00748688760130484 0.000447527541562655 0.0384958096013236 0.953569775255809 

0.720276260637437 0.0151000360229623 0.0258923186706372 0.238731384668963 
0.0357031763556373 0.450635660388086 0.449897078977031 0.0637640842792461 
0.0637640842792461 0.449897078977031 0.450635660388086 0.0357031763556373 
0.238731384668963 0.0258923186706372 0.0151000360229623 0.720276260637437 

0.950373356743217 0.0320165962717684 0.00162795335150274 0.0159820936335117 
0.00348325497113643 0.953295991394334 0.0427278182555474 0.000492935378982328 
0.000492935378982328 0.0427278182555474 0.953295991394334 0.00348325497113643 
0.0159820936335117 0.00162795335150274 0.0320165962717684 0.950373356743217 


