4 5

0.344122824841179 0.155877175158821 0.155877175158821 0.344122824841179 

0.976629589871356 0.00608045148331401 0.012859765269875 0.00443019337545458 
0.0385884982695135 0.927107376968482 0.0164892824943881 0.0178148422676162 
0.0178148422676162 0.0164892824943881 0.927107376968482 0.0385884982695135 
0.00443019337545458 0.012859765269875 0.00608045148331401 0.976629589871356 

0.672729591294679 0.0654991038074106 0.0376506345569678 0.224120670340942 
0.340102006215378 0.29838791445831 0.281999050535323 0.0795110287909885 
0.0795110287909885 0.281999050535323 0.29838791445831 0.340102006215378 
0.224120670340942 0.0376506345569678 0.0654991038074106 0.672729591294679 

0.940017193354498 0.0540813460921921 0.000347441775627722 0.00555401877768219 
2.04180732828844e-05 0.962596088721124 0.000363089659464022 0.0370204035461294 
0.0370204035461294 0.000363089659464022 0.962596088721124 2.04180732828844e-05 
0.00555401877768219 0.000347441775627722 0.0540813460921921 0.940017193354498 

0.484231192007752 0.000504149411792425 0.0355650236222248 0.47969963495823 
0.00627649875476793 0.852645978026902 0.0300057533714477 0.111071769846882 
0.111071769846882 0.0300057533714477 0.852645978026902 0.00627649875476793 
0.47969963495823 0.0355650236222248 0.000504149411792425 0.484231192007752 

0.984697755738553 0.0151409367596408 2.16985078269234e-06 0.000159137651023766 
1.30665969419463e-07 0.918903251813895 0.00410097510366547 0.0769956424164697 
0.0769956424164697 0.00410097510366547 0.918903251813895 1.30665969419463e-07 
0.000159137651023766 2.16985078269234e-06 0.0151409367596408 0.984697755738553 


