4 5

0.0482234107330441 0.451776589266956 0.451776589266956 0.0482234107330441 

0.963607639662809 0.000304684970192549 0.0161331007096093 0.0199545746573894 
0.0327883099795015 0.939596412459987 0.0272680673727856 0.000347210187725589 
0.000347210187725589 0.0272680673727856 0.939596412459987 0.0327883099795015 
0.0199545746573894 0.0161331007096093 0.000304684970192549 0.963607639662809 

0.935593817705352 0.00166361702997263 0.00667787414249422 0.0560646911221809 
0.0128915013820415 0.351293339431545 0.310594377231552 0.325220781954861 
0.325220781954861 0.310594377231552 0.351293339431545 0.0128915013820415 
0.0560646911221809 0.00667787414249422 0.00166361702997263 0.935593817705352 

0.946669892204185 0.000473980776612334 1.5998977750823e-05 0.052840128041452 
0.00567502242634094 0.957981940639582 0.0359763741398199 0.000366662794256845 
0.000366662794256845 0.0359763741398199 0.957981940639582 0.00567502242634094 
0.052840128041452 1.5998977750823e-05 0.000473980776612334 0.946669892204185 

0.735716656877751 0.122783464673522 0.0550603009369997 0.0864395775117279 
0.0136721007756091 0.490126188239244 0.448391749824737 0.0478099611604108 
0.0478099611604108 0.448391749824737 0.490126188239244 0.0136721007756091 
0.0864395775117279 0.0550603009369997 0.122783464673522 0.735716656877751 

0.982732936893178 0.00182918061486306 0.0131636572038945 0.00227422528806437 
0.0215728321549916 0.922413168038669 0.054953634130248 0.00106036567609181 
0.00106036567609181 0.054953634130248 0.922413168038669 0.0215728321549916 
0.00227422528806437 0.0131636572038945 0.00182918061486306 0.982732936893178 


