4 5

0.0507997862296179 0.449200213770382 0.449200213770382 0.0507997862296179 

0.954621663012445 0.000299481813271534 0.0289615318336344 0.0161173233406489 
0.036357622947363 0.948093571021793 0.0151331565786604 0.000415649452183704 
0.000415649452183704 0.0151331565786604 0.948093571021793 0.036357622947363 
0.0161173233406489 0.0289615318336344 0.000299481813271534 0.954621663012445 

0.465792766483769 0.0259322860575444 0.107408964551046 0.40086598290764 
0.00570226282157341 0.696968183501829 0.28822849360279 0.00910106007380748 
0.00910106007380748 0.28822849360279 0.696968183501829 0.00570226282157341 
0.40086598290764 0.107408964551046 0.0259322860575444 0.465792766483769 

0.934643354334187 0.00145696896384059 0.0477788549813686 0.0161208217206039 
0.025378513381609 0.968320214760355 0.00551950874368012 0.000781763114355835 
0.000781763114355835 0.00551950874368012 0.968320214760355 0.025378513381609 
0.0161208217206039 0.0477788549813686 0.00145696896384059 0.934643354334187 

0.608687454629771 0.0263497863551771 0.221136740855552 0.1438260181595 
0.00428594245133725 0.497681806613455 0.366122178835542 0.131910072099666 
0.131910072099666 0.366122178835542 0.497681806613455 0.00428594245133725 
0.1438260181595 0.221136740855552 0.0263497863551771 0.608687454629771 

0.98200493193575 0.010755955902071 0.00707966667930914 0.000159445482870335 
0.0482642007176088 0.92219631999087 0.0179573348060473 0.0115821444854739 
0.0115821444854739 0.0179573348060473 0.92219631999087 0.0482642007176088 
0.000159445482870335 0.00707966667930914 0.010755955902071 0.98200493193575 


