4 5

0.453124241554178 0.0468757584458217 0.0468757584458217 0.453124241554178 

0.946783126736939 0.00952265091817119 0.000675033732632426 0.0430191886122571 
0.00283188020016192 0.956850476113625 0.0160851603321523 0.0242324833540612 
0.0242324833540612 0.0160851603321523 0.956850476113625 0.00283188020016192 
0.0430191886122571 0.000675033732632426 0.00952265091817119 0.946783126736939 

0.508094218464151 0.113287096109034 0.0181691047038807 0.360449580722934 
0.097823393412882 0.482180046349735 0.419244097568417 0.00075246266896549 
0.00075246266896549 0.419244097568417 0.482180046349735 0.097823393412882 
0.360449580722934 0.0181691047038807 0.113287096109034 0.508094218464151 

0.959132387744629 0.00303606117654084 0.00852784756886685 0.029303703509963 
0.0263894579416777 0.944171015118496 0.0174974188718922 0.0119421080679341 
0.0119421080679341 0.0174974188718922 0.944171015118496 0.0263894579416777 
0.029303703509963 0.00852784756886685 0.00303606117654084 0.959132387744629 

0.607733622693691 0.0614508603604591 0.000819972255042226 0.329995544690807 
0.523430361997238 0.280851924248712 0.171461845758814 0.0242558679952358 
0.0242558679952358 0.171461845758814 0.280851924248712 0.523430361997238 
0.329995544690807 0.000819972255042226 0.0614508603604591 0.607733622693691 

0.977814068411073 0.0049621496290101 0.00705798743838892 0.0101657945215276 
0.0390269832103262 0.925861019617305 0.000462634626420433 0.0346493625459487 
0.0346493625459487 0.000462634626420433 0.925861019617305 0.0390269832103262 
0.0101657945215276 0.00705798743838892 0.0049621496290101 0.977814068411073 


