4 5

0.243385217851028 0.256614782148972 0.256614782148972 0.243385217851028 

0.963599560649175 0.00869547011761944 6.48995687451796e-05 0.0276400696644606 
0.00834984269895408 0.939513285491869 0.00921463676778878 0.0429222350413886 
0.0429222350413886 0.00921463676778878 0.939513285491869 0.00834984269895408 
0.0276400696644606 6.48995687451796e-05 0.00869547011761944 0.963599560649175 

0.868052107562267 0.0163885486452911 0.00396549103577145 0.11159385275667 
0.00484648547951924 0.487516991126213 0.45625560070857 0.0513809226856983 
0.0513809226856983 0.45625560070857 0.487516991126213 0.00484648547951924 
0.11159385275667 0.00396549103577145 0.0163885486452911 0.868052107562267 

0.911361354183205 5.43857397028704e-05 0.000152684157965518 0.0884315759191263 
0.000138031870683159 0.997551379729703 0.00228247225524492 2.81161443693888e-05 
2.81161443693888e-05 0.00228247225524492 0.997551379729703 0.000138031870683159 
0.0884315759191263 0.000152684157965518 5.43857397028704e-05 0.911361354183205 

0.284978053344061 0.435426961082407 0.100475799428379 0.179119186145153 
0.0910761913255376 0.878008503174885 0.0280254950531768 0.00288981044640063 
0.00288981044640063 0.0280254950531768 0.878008503174885 0.0910761913255376 
0.179119186145153 0.100475799428379 0.435426961082407 0.284978053344061 

0.971756790205727 0.0205012573645388 0.0063131831071071 0.00142876932262681 
0.00343896212331901 0.933342844370295 0.0630833555968023 0.000134837909583852 
0.000134837909583852 0.0630833555968023 0.933342844370295 0.00343896212331901 
0.00142876932262681 0.0063131831071071 0.0205012573645388 0.971756790205727 


