4 5

0.349946739966981 0.150053260033019 0.150053260033019 0.349946739966981 

0.920305345820963 0.00107799037251439 0.0160719916904489 0.0625446721160738 
2.88147130081432e-05 0.985614804388499 0.00796851186732911 0.00638786903116356 
0.00638786903116356 0.00796851186732911 0.985614804388499 2.88147130081432e-05 
0.0625446721160738 0.0160719916904489 0.00107799037251439 0.920305345820963 

0.689180730883881 0.108064618338679 0.00409196289536221 0.198662687882078 
0.460078263156693 0.366911727556798 0.162308354692402 0.0107016545941069 
0.0107016545941069 0.162308354692402 0.366911727556798 0.460078263156693 
0.198662687882078 0.00409196289536221 0.108064618338679 0.689180730883881 

0.981216202332221 0.00472249984563953 0.000212038083476715 0.0138492597386628 
0.0319429947024867 0.923262518375516 0.0398004632181454 0.00499402370385235 
0.00499402370385235 0.0398004632181454 0.923262518375516 0.0319429947024867 
0.0138492597386628 0.000212038083476715 0.00472249984563953 0.981216202332221 

0.336994372342044 0.18633509202244 0.371528238189756 0.105142297445761 
0.16391879805514 0.542591365976063 0.265449210936217 0.02804062503258 
0.02804062503258 0.265449210936217 0.542591365976063 0.16391879805514 
0.105142297445761 0.371528238189756 0.18633509202244 0.336994372342044 

0.933085254034959 0.0164304938718735 0.00831791977533215 0.0421663323178356 
0.024017428942523 0.97114502089589 0.00434698929521465 0.00049056086637266 
0.00049056086637266 0.00434698929521465 0.97114502089589 0.024017428942523 
0.0421663323178356 0.00831791977533215 0.0164304938718735 0.933085254034959 


