4 5

0.364506850251928 0.135493149748072 0.135493149748072 0.364506850251928 

0.96073031226139 0.00671100071904924 0.00380860971407841 0.0287500773054821 
0.00244251595929207 0.943302101302974 0.0435151859236201 0.0107401968141137 
0.0107401968141137 0.0435151859236201 0.943302101302974 0.00244251595929207 
0.0287500773054821 0.00380860971407841 0.00671100071904924 0.96073031226139 

0.415457613971623 0.172482714427055 0.0145451454253185 0.397514526176004 
0.168586882135697 0.698098917386345 0.0390756173945241 0.0942385830834332 
0.0942385830834332 0.0390756173945241 0.698098917386345 0.168586882135697 
0.397514526176004 0.0145451454253185 0.172482714427055 0.415457613971623 

0.93369960515209 0.00455422195023117 0.0116358995647334 0.0501102733329459 
0.00263209768254658 0.970829183329876 0.0243410616735327 0.00219765731404497 
0.00219765731404497 0.0243410616735327 0.970829183329876 0.00263209768254658 
0.0501102733329459 0.0116358995647334 0.00455422195023117 0.93369960515209 

0.501141748458731 0.0160111406374232 0.262134795685318 0.220712315218528 
0.00356919289270607 0.491840021068587 0.423892049710279 0.0806987363284281 
0.0806987363284281 0.423892049710279 0.491840021068587 0.00356919289270607 
0.220712315218528 0.262134795685318 0.0160111406374232 0.501141748458731 

0.954942657620303 0.022249342698299 0.000646114812071542 0.0221618848693263 
0.0119015742833176 0.9486576130467 0.0336871465726454 0.00575366609733712 
0.00575366609733712 0.0336871465726454 0.9486576130467 0.0119015742833176 
0.0221618848693263 0.000646114812071542 0.022249342698299 0.954942657620303 


