4 5

0.180743126547895 0.319256873452105 0.319256873452105 0.180743126547895 

0.95233622001665 0.0392203718548568 0.00191741312515009 0.00652599500334294 
0.0377641223933112 0.951718000117422 0.00325570293078925 0.00726217455847739 
0.00726217455847739 0.00325570293078925 0.951718000117422 0.0377641223933112 
0.00652599500334294 0.00191741312515009 0.0392203718548568 0.95233622001665 

0.371447156470107 0.332946047687594 0.0216968284148737 0.273909967427426 
0.0590521731000019 0.385115598776511 0.308869112474394 0.246963115649093 
0.246963115649093 0.308869112474394 0.385115598776511 0.0590521731000019 
0.273909967427426 0.0216968284148737 0.332946047687594 0.371447156470107 

0.942942564267468 0.0175263104966335 0.0377176861579629 0.00181343907793563 
0.0270187948435667 0.960354992540163 0.00636964586659378 0.0062565667496766 
0.0062565667496766 0.00636964586659378 0.960354992540163 0.0270187948435667 
0.00181343907793563 0.0377176861579629 0.0175263104966335 0.942942564267468 

0.898433728698929 0.000601771578768219 2.3485192038274e-05 0.100941014530264 
0.0682315881788877 0.271930159818507 0.214456388703635 0.445381863298969 
0.445381863298969 0.214456388703635 0.271930159818507 0.0682315881788877 
0.100941014530264 2.3485192038274e-05 0.000601771578768219 0.898433728698929 

0.938078543896304 0.00151249567212079 0.0295793985127851 0.0308295619187898 
0.0130805756363298 0.965410999543458 0.0148678522901494 0.00664057253006252 
0.00664057253006252 0.0148678522901494 0.965410999543458 0.0130805756363298 
0.0308295619187898 0.0295793985127851 0.00151249567212079 0.938078543896304 


