4 5

0.362603643559851 0.137396356440149 0.137396356440149 0.362603643559851 

0.953020833309189 0.000694839258465411 0.0449546051246967 0.00132972230764905 
0.00236484979797564 0.950861829509065 0.0221035742125121 0.024669746480447 
0.024669746480447 0.0221035742125121 0.950861829509065 0.00236484979797564 
0.00132972230764905 0.0449546051246967 0.000694839258465411 0.953020833309189 

0.466418894157772 0.00927204700560664 0.0650425413090659 0.459266517527555 
0.000787810771047726 0.865084305983689 0.0268328178695105 0.107295065375752 
0.107295065375752 0.0268328178695105 0.865084305983689 0.000787810771047726 
0.459266517527555 0.0650425413090659 0.00927204700560664 0.466418894157772 

0.956038052846941 0.000266965091213493 0.0255803044856478 0.0181146775761981 
0.0444124296509121 0.946716473662573 0.00498244667594044 0.00388865001057421 
0.00388865001057421 0.00498244667594044 0.946716473662573 0.0444124296509121 
0.0181146775761981 0.0255803044856478 0.000266965091213493 0.956038052846941 

0.343059815317372 0.0283712689800261 0.418266468316824 0.210302447385778 
0.0842471818026088 0.581275295174019 0.0801376208641991 0.254339902159173 
0.254339902159173 0.0801376208641991 0.581275295174019 0.0842471818026088 
0.210302447385778 0.418266468316824 0.0283712689800261 0.343059815317372 

0.933980319088 0.0180932016300576 0.00497972074447134 0.0429467585374711 
0.00441999028048047 0.970076821456403 0.0158521205972784 0.00965106766583833 
0.00965106766583833 0.0158521205972784 0.970076821456403 0.00441999028048047 
0.0429467585374711 0.00497972074447134 0.0180932016300576 0.933980319088 


