4 5

0.322549221105874 0.177450778894126 0.177450778894126 0.322549221105874 

0.92654757163691 0.00228361742105419 0.0663819931013333 0.0047868178407024 
0.0091962182126676 0.976750216682264 0.0130723255628734 0.000981239542195406 
0.000981239542195406 0.0130723255628734 0.976750216682264 0.0091962182126676 
0.0047868178407024 0.0663819931013333 0.00228361742105419 0.92654757163691 

0.510225684271488 0.0771076349747516 0.0737306594182109 0.33893602133555 
0.424224816659322 0.285734353602982 0.276984658172466 0.01305617156523 
0.01305617156523 0.276984658172466 0.285734353602982 0.424224816659322 
0.33893602133555 0.0737306594182109 0.0771076349747516 0.510225684271488 

0.933884106708761 0.00438119384664775 0.0372362533375961 0.0244984461069954 
0.02974350465417 0.969340768249279 0.000871411726857507 4.43153696932479e-05 
4.43153696932479e-05 0.000871411726857507 0.969340768249279 0.02974350465417 
0.0244984461069954 0.0372362533375961 0.00438119384664775 0.933884106708761 

0.499075602808817 0.00177479914772241 0.000240535698065673 0.498909062345395 
0.0814662018921709 0.83325009516275 0.0549116321089835 0.0303720708360959 
0.0303720708360959 0.0549116321089835 0.83325009516275 0.0814662018921709 
0.498909062345395 0.000240535698065673 0.00177479914772241 0.499075602808817 

0.947210526327954 0.0179279610214319 0.00710825041309795 0.0277532622375165 
0.00205346353224362 0.956171900279881 0.0261369033177434 0.0156377328701319 
0.0156377328701319 0.0261369033177434 0.956171900279881 0.00205346353224362 
0.0277532622375165 0.00710825041309795 0.0179279610214319 0.947210526327954 


