4 5

0.473386050085537 0.0266139499144629 0.0266139499144629 0.473386050085537 

0.957253800109908 0.00061928227548782 0.00383299661952739 0.0382939209950769 
0.0104763402341948 0.946313091702483 0.0202902852944044 0.0229202827689179 
0.0229202827689179 0.0202902852944044 0.946313091702483 0.0104763402341948 
0.0382939209950769 0.00383299661952739 0.00061928227548782 0.957253800109908 

0.560534840017577 0.00290197922481082 0.00376538356583291 0.432797797191779 
0.0335567716514393 0.479516730487119 0.479318855343288 0.00760764251815439 
0.00760764251815439 0.479318855343288 0.479516730487119 0.0335567716514393 
0.432797797191779 0.00376538356583291 0.00290197922481082 0.560534840017577 

0.998707825385889 1.99488491966204e-05 0.000233843761031001 0.00103838200388351 
0.0817591593129851 0.906014035988372 0.00155112097223897 0.0106756837264037 
0.0106756837264037 0.00155112097223897 0.906014035988372 0.0817591593129851 
0.00103838200388351 0.000233843761031001 1.99488491966204e-05 0.998707825385889 

0.602553038565716 0.000551183089371873 0.0230840274949632 0.373811750849949 
0.000503576176848097 0.447943736208143 0.436421398968763 0.115131288646246 
0.115131288646246 0.436421398968763 0.447943736208143 0.000503576176848097 
0.373811750849949 0.0230840274949632 0.000551183089371873 0.602553038565716 

0.943536765993171 0.0125555241476273 0.0151518398682373 0.0287558699909642 
0.00149719593253347 0.959982546497247 0.025045711822117 0.0134745457481023 
0.0134745457481023 0.025045711822117 0.959982546497247 0.00149719593253347 
0.0287558699909642 0.0151518398682373 0.0125555241476273 0.943536765993171 


