4 5

0.272318276576698 0.227681723423302 0.227681723423302 0.272318276576698 

0.959609932266488 0.000102438908047393 0.0033825215349238 0.0369051072905411 
0.0154238540726372 0.943949898705839 0.0224657317663501 0.0181605154551737 
0.0181605154551737 0.0224657317663501 0.943949898705839 0.0154238540726372 
0.0369051072905411 0.0033825215349238 0.000102438908047393 0.959609932266488 

0.451817873432077 0.0108550424936036 0.0948234209571134 0.442503663117206 
0.0487707310198058 0.80181119510564 0.0140231366382028 0.135394937236352 
0.135394937236352 0.0140231366382028 0.80181119510564 0.0487707310198058 
0.442503663117206 0.0948234209571134 0.0108550424936036 0.451817873432077 

0.986098394444573 2.24997287662411e-05 0.000670799193481657 0.0132083066331787 
0.0176273620084921 0.918003737095605 0.0234763324442683 0.0408925684516346 
0.0408925684516346 0.0234763324442683 0.918003737095605 0.0176273620084921 
0.0132083066331787 0.000670799193481657 2.24997287662411e-05 0.986098394444573 

0.443094640861909 0.129859549645896 0.00673759583332696 0.420308213658868 
0.0468423331299081 0.531615007046809 0.398813636886071 0.0227290229372123 
0.0227290229372123 0.398813636886071 0.531615007046809 0.0468423331299081 
0.420308213658868 0.00673759583332696 0.129859549645896 0.443094640861909 

0.986411835441649 0.0129863103400948 9.99488635817364e-07 0.000600854729620237 
0.0518009830721064 0.918464068029859 0.0296811825067593 5.37663912751063e-05 
5.37663912751063e-05 0.0296811825067593 0.918464068029859 0.0518009830721064 
0.000600854729620237 9.99488635817364e-07 0.0129863103400948 0.986411835441649 


