4 5

0.443335289601237 0.0566647103987634 0.0566647103987634 0.443335289601237 

0.946515217345445 0.0175485722994674 0.00347003727391184 0.0324661730811758 
0.00160948981561289 0.956708768300416 0.0108980661276012 0.0307836757563695 
0.0307836757563695 0.0108980661276012 0.956708768300416 0.00160948981561289 
0.0324661730811758 0.00347003727391184 0.0175485722994674 0.946515217345445 

0.475473392245173 0.0327594193269348 0.0168394828622629 0.47492770556563 
0.015503034923275 0.701871619143986 0.278568211215958 0.00405713471678159 
0.00405713471678159 0.278568211215958 0.701871619143986 0.015503034923275 
0.47492770556563 0.0168394828622629 0.0327594193269348 0.475473392245173 

0.960179462831033 2.95433434343754e-05 0.00170924418613842 0.0380817496393945 
0.00836231481623697 0.943415946119411 0.0223894675237894 0.0258322715405625 
0.0258322715405625 0.0223894675237894 0.943415946119411 0.00836231481623697 
0.0380817496393945 0.00170924418613842 2.95433434343754e-05 0.960179462831033 

0.560312435038234 0.0243349993861521 0.0476987685521159 0.367653797023498 
0.0539483034290487 0.323847018911321 0.289621676301889 0.332583001357742 
0.332583001357742 0.289621676301889 0.323847018911321 0.0539483034290487 
0.367653797023498 0.0476987685521159 0.0243349993861521 0.560312435038234 

0.973003045481411 0.0228076076556446 0.00117022218032723 0.00301912468261706 
0.00819779887620291 0.931027034548058 0.0405916538430663 0.0201835127326725 
0.0201835127326725 0.0405916538430663 0.931027034548058 0.00819779887620291 
0.00301912468261706 0.00117022218032723 0.0228076076556446 0.973003045481411 


