4 5

0.0456712223822251 0.454328777617775 0.454328777617775 0.0456712223822251 

0.927846303540782 7.38501687194354e-05 0.0076797961027739 0.0644000501877248 
0.000394339804972583 0.977759919064698 0.0183031339318121 0.00354260719851765 
0.00354260719851765 0.0183031339318121 0.977759919064698 0.000394339804972583 
0.0644000501877248 0.0076797961027739 7.38501687194354e-05 0.927846303540782 

0.389249192424135 0.124996639410136 0.374120018729965 0.111634149435765 
0.0216312237291658 0.467881486052366 0.278028851724697 0.232458438493772 
0.232458438493772 0.278028851724697 0.467881486052366 0.0216312237291658 
0.111634149435765 0.374120018729965 0.124996639410136 0.389249192424135 

0.983695095406341 0.000657129661150236 2.3325747970251e-06 0.0156454423577116 
0.00152199901256243 0.922725320126731 0.0714818210784526 0.00427085978225396 
0.00427085978225396 0.0714818210784526 0.922725320126731 0.00152199901256243 
0.0156454423577116 2.3325747970251e-06 0.000657129661150236 0.983695095406341 

0.534368451480061 0.000855073248129494 0.0758257518438054 0.388950723428005 
0.00558425006668603 0.377026042913083 0.125657902557842 0.491731804462388 
0.491731804462388 0.125657902557842 0.377026042913083 0.00558425006668603 
0.388950723428005 0.0758257518438054 0.000855073248129494 0.534368451480061 

0.971833138861359 0.0159283463670074 0.0019234062876134 0.0103151084840203 
0.00422736003680695 0.931360644829096 0.013374250618502 0.0510377445155951 
0.0510377445155951 0.013374250618502 0.931360644829096 0.00422736003680695 
0.0103151084840203 0.0019234062876134 0.0159283463670074 0.971833138861359 


