4 5

0.0939136063680053 0.406086393631995 0.406086393631995 0.0939136063680053 

0.918765897001642 0.0172982167276874 0.0438591524611459 0.0200767338095245 
0.00976665480124762 0.985316328655957 0.00359909112333423 0.00131792541946118 
0.00131792541946118 0.00359909112333423 0.985316328655957 0.00976665480124762 
0.0200767338095245 0.0438591524611459 0.0172982167276874 0.918765897001642 

0.40862920467685 0.115450283490149 0.362640426004799 0.113280085828203 
0.000465659784324654 0.490786334633643 0.398691360094157 0.110056645487875 
0.110056645487875 0.398691360094157 0.490786334633643 0.000465659784324654 
0.113280085828203 0.362640426004799 0.115450283490149 0.40862920467685 

0.95444394271944 0.000157983184488219 0.0132755086037038 0.0321225654923676 
0.000540447153457847 0.949178120782512 0.016885669416845 0.033395762647185 
0.033395762647185 0.016885669416845 0.949178120782512 0.000540447153457847 
0.0321225654923676 0.0132755086037038 0.000157983184488219 0.95444394271944 

0.195578837868087 0.402208795310657 0.35513144283363 0.047080923987626 
0.192684857644596 0.425277519252481 0.360252951273036 0.021784671829888 
0.021784671829888 0.360252951273036 0.425277519252481 0.192684857644596 
0.047080923987626 0.35513144283363 0.402208795310657 0.195578837868087 

0.964328251030897 0.00154776717165594 0.00784369921897277 0.0262802825784742 
0.00198661704363112 0.939467347922025 0.0338197613335122 0.024726273700832 
0.024726273700832 0.0338197613335122 0.939467347922025 0.00198661704363112 
0.0262802825784742 0.00784369921897277 0.00154776717165594 0.964328251030897 


