4 5

0.175842856289819 0.324157143710181 0.324157143710181 0.175842856289819 

0.987854801816081 5.97832949332803e-05 0.00146176692665889 0.0106236479623269 
0.00347732507361747 0.917069203056761 0.0428191060803194 0.0366343657893019 
0.0366343657893019 0.0428191060803194 0.917069203056761 0.00347732507361747 
0.0106236479623269 0.00146176692665889 5.97832949332803e-05 0.987854801816081 

0.478282165711417 0.000212119883636487 0.0803016533866174 0.44120406101833 
0.00267161979162492 0.600024119701564 0.219003691182816 0.178300569323995 
0.178300569323995 0.219003691182816 0.600024119701564 0.00267161979162492 
0.44120406101833 0.0803016533866174 0.000212119883636487 0.478282165711417 

0.937363352800327 0.0145421910103858 0.0399761187259502 0.00811833746333712 
0.00856896658880668 0.965854694172935 0.022262705259518 0.0033136339787403 
0.0033136339787403 0.022262705259518 0.965854694172935 0.00856896658880668 
0.00811833746333712 0.0399761187259502 0.0145421910103858 0.937363352800327 

0.524557237771767 0.208712367470326 0.0483167129431436 0.218413681814764 
0.47820872704951 0.384291879603553 0.13466575823471 0.00283363511222703 
0.00283363511222703 0.13466575823471 0.384291879603553 0.47820872704951 
0.218413681814764 0.0483167129431436 0.208712367470326 0.524557237771767 

0.96894288136924 0.000512245758835864 0.0265152555115408 0.00402961736038371 
0.0263323483647748 0.934901957391604 0.000643203275499271 0.038122490968122 
0.038122490968122 0.000643203275499271 0.934901957391604 0.0263323483647748 
0.00402961736038371 0.0265152555115408 0.000512245758835864 0.96894288136924 


