4 5

0.23990889871493 0.26009110128507 0.26009110128507 0.23990889871493 

0.916675374099642 0.00214128129088963 0.0145068056840492 0.0666765389254189 
0.00142605252248009 0.989815761530368 0.00213580658571422 0.00662237936143749 
0.00662237936143749 0.00213580658571422 0.989815761530368 0.00142605252248009 
0.0666765389254189 0.0145068056840492 0.00214128129088963 0.916675374099642 

0.809862852310619 0.0288809174108552 0.000186463305297431 0.161069766973228 
0.0665518875940795 0.467682804662774 0.46470865350271 0.00105665424043623 
0.00105665424043623 0.46470865350271 0.467682804662774 0.0665518875940795 
0.161069766973228 0.000186463305297431 0.0288809174108552 0.809862852310619 

0.930747035007742 0.0460091299604642 0.0220620052090421 0.001181829822752 
0.0114827598437724 0.973042818450808 0.00231037079699409 0.0131640509084252 
0.0131640509084252 0.00231037079699409 0.973042818450808 0.0114827598437724 
0.001181829822752 0.0220620052090421 0.0460091299604642 0.930747035007742 

0.362961117714295 0.0770430805149175 0.400290375403241 0.159705426367546 
0.0289281188402245 0.551463773766717 0.120272038655626 0.299336068737433 
0.299336068737433 0.120272038655626 0.551463773766717 0.0289281188402245 
0.159705426367546 0.400290375403241 0.0770430805149175 0.362961117714295 

0.965628092272458 0.00547742341469463 0.0179429705640389 0.0109515137488086 
0.0100493041647733 0.938446375360155 0.0480861573990231 0.0034181630760487 
0.0034181630760487 0.0480861573990231 0.938446375360155 0.0100493041647733 
0.0109515137488086 0.0179429705640389 0.00547742341469463 0.965628092272458 


