4 5

0.291907282429747 0.208092717570253 0.208092717570253 0.291907282429747 

0.960451519729551 0.000509166310102258 0.00739990881701976 0.0316394051433269 
0.00272283499303513 0.943632254412839 0.0420069020803072 0.0116380085138189 
0.0116380085138189 0.0420069020803072 0.943632254412839 0.00272283499303513 
0.0316394051433269 0.00739990881701976 0.000509166310102258 0.960451519729551 

0.51084223059349 0.0114216051396497 0.0336198765109977 0.444116287755862 
0.00109695157285346 0.67122780173732 0.301454404972438 0.0262208417173888 
0.0262208417173888 0.301454404972438 0.67122780173732 0.00109695157285346 
0.444116287755862 0.0336198765109977 0.0114216051396497 0.51084223059349 

0.967608079971026 0.00269641720394099 0.000733311316098538 0.0289621915089341 
0.020008481537032 0.936320958852993 0.0365815265181524 0.00708903309182276 
0.00708903309182276 0.0365815265181524 0.936320958852993 0.020008481537032 
0.0289621915089341 0.000733311316098538 0.00269641720394099 0.967608079971026 

0.736601071620615 0.0815637654461302 0.16202903640113 0.0198061265321252 
0.521978888477764 0.2722132759985 0.152318539070162 0.0534892964535741 
0.0534892964535741 0.152318539070162 0.2722132759985 0.521978888477764 
0.0198061265321252 0.16202903640113 0.0815637654461302 0.736601071620615 

0.990617140976099 0.0011808753972113 0.00376637098832892 0.00443561263836084 
0.00451248878381478 0.916773196817975 0.078312216298161 0.00040209810004881 
0.00040209810004881 0.078312216298161 0.916773196817975 0.00451248878381478 
0.00443561263836084 0.00376637098832892 0.0011808753972113 0.990617140976099 


