4 5

0.47816609009169 0.0218339099083096 0.0218339099083096 0.47816609009169 

0.927168413045865 0.0112661281526495 0.0282582672292219 0.0333071915722634 
0.00082698877785557 0.976878917069385 0.0155845131005987 0.0067095810521607 
0.0067095810521607 0.0155845131005987 0.976878917069385 0.00082698877785557 
0.0333071915722634 0.0282582672292219 0.0112661281526495 0.927168413045865 

0.476497141531543 0.0211443434041797 0.419995975081746 0.0823625399825308 
0.00183081739966212 0.500070269261925 0.213857670422078 0.284241242916335 
0.284241242916335 0.213857670422078 0.500070269261925 0.00183081739966212 
0.0823625399825308 0.419995975081746 0.0211443434041797 0.476497141531543 

0.935827371570113 0.00548800646975466 0.0584871176007469 0.000197504359385148 
0.031827552299145 0.967129752615254 0.000134691535313147 0.000908003550287473 
0.000908003550287473 0.000134691535313147 0.967129752615254 0.031827552299145 
0.000197504359385148 0.0584871176007469 0.00548800646975466 0.935827371570113 

0.486998072456029 0.0623413287027441 0.330143951984647 0.120516646856579 
0.0166084681080508 0.473465967028543 0.418671547693851 0.0912540171695552 
0.0912540171695552 0.418671547693851 0.473465967028543 0.0166084681080508 
0.120516646856579 0.330143951984647 0.0623413287027441 0.486998072456029 

0.948571828241917 0.0476266650641006 0.000810561976070524 0.00299094471791145 
0.0247811074284749 0.955187612524162 0.00891909017211667 0.0111121898752462 
0.0111121898752462 0.00891909017211667 0.955187612524162 0.0247811074284749 
0.00299094471791145 0.000810561976070524 0.0476266650641006 0.948571828241917 


