4 5

0.397722849971615 0.102277150028385 0.102277150028385 0.397722849971615 

0.971206026102443 0.00145445857538568 0.0271998666136629 0.000139648708508244 
0.0464812101859311 0.9322421020226 0.00316865461048144 0.0181080331809873 
0.0181080331809873 0.00316865461048144 0.9322421020226 0.0464812101859311 
0.000139648708508244 0.0271998666136629 0.00145445857538568 0.971206026102443 

0.435634088082445 0.020124842519004 0.435610133001802 0.108630936396749 
0.00423571856533436 0.517110794478681 0.317989804616216 0.160663682339769 
0.160663682339769 0.317989804616216 0.517110794478681 0.00423571856533436 
0.108630936396749 0.435610133001802 0.020124842519004 0.435634088082445 

0.951757262755635 0.0213598996195162 0.00129327658176019 0.0255895610430884 
0.00318232697105067 0.951150564829696 0.0015376460249017 0.0441294621743515 
0.0441294621743515 0.0015376460249017 0.951150564829696 0.00318232697105067 
0.0255895610430884 0.00129327658176019 0.0213598996195162 0.951757262755635 

0.613626535612779 0.0518241812867917 0.238168587341538 0.0963806957588914 
0.0411928125691396 0.413748951696101 0.362718575412949 0.18233966032181 
0.18233966032181 0.362718575412949 0.413748951696101 0.0411928125691396 
0.0963806957588914 0.238168587341538 0.0518241812867917 0.613626535612779 

0.982317289277165 0.00469426735799467 4.57139266068227e-06 0.0129838719721794 
0.0160469417776274 0.922135958736056 0.0397953154307674 0.0220217840555491 
0.0220217840555491 0.0397953154307674 0.922135958736056 0.0160469417776274 
0.0129838719721794 4.57139266068227e-06 0.00469426735799467 0.982317289277165 


