4 5

0.491616184357554 0.00838381564244628 0.00838381564244628 0.491616184357554 

0.981504395948376 0.0141956580965996 4.39152703154951e-05 0.00425603068470898 
0.000671773413129677 0.921908806532161 0.00359037286236702 0.0738290471923418 
0.0738290471923418 0.00359037286236702 0.921908806532161 0.000671773413129677 
0.00425603068470898 4.39152703154951e-05 0.0141956580965996 0.981504395948376 

0.777449317360454 0.0014782972989463 0.0157446707208666 0.205327714619733 
0.000739538177393349 0.497310454304449 0.497127436281942 0.004822571236215 
0.004822571236215 0.497127436281942 0.497310454304449 0.000739538177393349 
0.205327714619733 0.0157446707208666 0.0014782972989463 0.777449317360454 

0.968473597267443 0.00425053829963176 0.0252193365598528 0.00205652787307281 
0.0144580613169896 0.93541938778494 0.0374032724036885 0.0127192784943815 
0.0127192784943815 0.0374032724036885 0.93541938778494 0.0144580613169896 
0.00205652787307281 0.0252193365598528 0.00425053829963176 0.968473597267443 

0.500957122373219 0.00136792832978286 0.122908686867399 0.374766262429599 
0.00170642943175944 0.493657553973606 0.235162585803505 0.26947343079113 
0.26947343079113 0.235162585803505 0.493657553973606 0.00170642943175944 
0.374766262429599 0.122908686867399 0.00136792832978286 0.500957122373219 

0.986310299093879 0.000631025251142254 0.00599258866385441 0.00706608699112388 
0.0476514595463504 0.917656577195769 0.000381151667969482 0.0343108115899114 
0.0343108115899114 0.000381151667969482 0.917656577195769 0.0476514595463504 
0.00706608699112388 0.00599258866385441 0.000631025251142254 0.986310299093879 


