4 5

0.0133574294159189 0.486642570584081 0.486642570584081 0.0133574294159189 

0.941209805873652 0.0378923684528971 0.00576025796310751 0.0151375677103435 
0.00131787320957494 0.961714264519387 0.00596181578769606 0.0310060464833417 
0.0310060464833417 0.00596181578769606 0.961714264519387 0.00131787320957494 
0.0151375677103435 0.00576025796310751 0.0378923684528971 0.941209805873652 

0.427798381726568 0.0228597983618546 0.147351590529337 0.401990229382241 
0.183471256316603 0.65461493769379 0.155735922188463 0.00617788380114483 
0.00617788380114483 0.155735922188463 0.65461493769379 0.183471256316603 
0.401990229382241 0.147351590529337 0.0228597983618546 0.427798381726568 

0.914533253122484 0.000358328313995548 0.0178219705585929 0.0672864480049276 
0.000143798887845561 0.992146474001672 0.00541050481956623 0.00229922229091593 
0.00229922229091593 0.00541050481956623 0.992146474001672 0.000143798887845561 
0.0672864480049276 0.0178219705585929 0.000358328313995548 0.914533253122484 

0.510543534739627 0.00456788748248355 9.56965817451856e-05 0.484792881196144 
0.0143465504653317 0.936794624112357 0.0483537389563684 0.00050508646594316 
0.00050508646594316 0.0483537389563684 0.936794624112357 0.0143465504653317 
0.484792881196144 9.56965817451856e-05 0.00456788748248355 0.510543534739627 

0.969852859415397 0.000172647210097585 0.0166124105663312 0.0133620828081744 
0.0565961664572794 0.933097211230401 0.0100838761960462 0.00022274611627383 
0.00022274611627383 0.0100838761960462 0.933097211230401 0.0565961664572794 
0.0133620828081744 0.0166124105663312 0.000172647210097585 0.969852859415397 


