4 5

0.11964876158163 0.38035123841837 0.38035123841837 0.11964876158163 

0.948323523041515 0.0108545557326864 0.0179842776758708 0.0228376435499282 
0.000412475916838502 0.955166175711762 0.0303651078676404 0.0140562405037594 
0.0140562405037594 0.0303651078676404 0.955166175711762 0.000412475916838502 
0.0228376435499282 0.0179842776758708 0.0108545557326864 0.948323523041515 

0.508762141218656 0.0875557378966288 0.327702585146841 0.0759795357378741 
0.414731224064267 0.475842195648856 0.0206847293971694 0.0887418508897076 
0.0887418508897076 0.0206847293971694 0.475842195648856 0.414731224064267 
0.0759795357378741 0.327702585146841 0.0875557378966288 0.508762141218656 

0.990879603454483 0.000333849047442293 0.00121335886379701 0.00757318863427792 
0.0373449716669841 0.914354607650633 0.0458270403154352 0.00247338036694712 
0.00247338036694712 0.0458270403154352 0.914354607650633 0.0373449716669841 
0.00757318863427792 0.00121335886379701 0.000333849047442293 0.990879603454483 

0.591937949317719 0.023321948101938 0.00270004335315896 0.382040059227184 
0.0746931339827395 0.327016979006495 0.106386208276769 0.491903678733997 
0.491903678733997 0.106386208276769 0.327016979006495 0.0746931339827395 
0.382040059227184 0.00270004335315896 0.023321948101938 0.591937949317719 

0.957117362937587 0.0170252246259381 0.000254887197667988 0.0256025252388073 
0.0271736283429753 0.94653304321178 0.0251383157132267 0.00115501273201794 
0.00115501273201794 0.0251383157132267 0.94653304321178 0.0271736283429753 
0.0256025252388073 0.000254887197667988 0.0170252246259381 0.957117362937587 


