4 5

0.37845652597025 0.12154347402975 0.12154347402975 0.37845652597025 

0.970224814401684 0.0115677429801462 0.000392779267934822 0.0178146633502352 
0.000579188152702822 0.934839264037591 0.0621861658560895 0.0023953819536167 
0.0023953819536167 0.0621861658560895 0.934839264037591 0.000579188152702822 
0.0178146633502352 0.000392779267934822 0.0115677429801462 0.970224814401684 

0.467048271912295 0.0662356559054242 0.00819162980157841 0.458524442380703 
0.190221657259484 0.619261783953735 0.0784576907901817 0.112058867996599 
0.112058867996599 0.0784576907901817 0.619261783953735 0.190221657259484 
0.458524442380703 0.00819162980157841 0.0662356559054242 0.467048271912295 

0.956514986258817 0.0108022354249983 0.00830789044349769 0.0243748878726867 
0.0490886233787712 0.946854595139365 0.000443477974705953 0.00361330350715754 
0.00361330350715754 0.000443477974705953 0.946854595139365 0.0490886233787712 
0.0243748878726867 0.00830789044349769 0.0108022354249983 0.956514986258817 

0.557622477475124 0.0764556018056201 0.0108058126722172 0.355116108047039 
0.0260058078392426 0.487794319250942 0.480845155590216 0.00535471731959928 
0.00535471731959928 0.480845155590216 0.487794319250942 0.0260058078392426 
0.355116108047039 0.0108058126722172 0.0764556018056201 0.557622477475124 

0.972752601642085 0.0104049825058541 0.0033217498502168 0.0135206660018439 
0.00146086441974086 0.932599163563369 0.065609717322836 0.000330254694054623 
0.000330254694054623 0.065609717322836 0.932599163563369 0.00146086441974086 
0.0135206660018439 0.0033217498502168 0.0104049825058541 0.972752601642085 


