4 5

0.0719530002679676 0.428046999732032 0.428046999732032 0.0719530002679676 

0.943957366283193 0.00316801733661683 0.0307164212629704 0.0221581951172201 
0.0176280497029482 0.959155300633852 0.0211424086261907 0.00207424103700856 
0.00207424103700856 0.0211424086261907 0.959155300633852 0.0176280497029482 
0.0221581951172201 0.0307164212629704 0.00316801733661683 0.943957366283193 

0.49000961429182 0.0117956103855769 0.00856754824282196 0.489627227079782 
0.0406482423803308 0.698079417472759 0.257749928541957 0.00352241160495284 
0.00352241160495284 0.257749928541957 0.698079417472759 0.0406482423803308 
0.489627227079782 0.00856754824282196 0.0117956103855769 0.49000961429182 

0.916948318902345 0.00232605003562801 0.000993101565102257 0.0797325294969246 
0.00564373279058519 0.990563384850153 0.00310901948691844 0.000683862872343758 
0.000683862872343758 0.00310901948691844 0.990563384850153 0.00564373279058519 
0.0797325294969246 0.000993101565102257 0.00232605003562801 0.916948318902345 

0.432103082167024 0.105021272444087 0.281893003978613 0.180982641410276 
0.00667583787326037 0.454021299603134 0.264928953021813 0.274373909501793 
0.274373909501793 0.264928953021813 0.454021299603134 0.00667583787326037 
0.180982641410276 0.281893003978613 0.105021272444087 0.432103082167024 

0.973859942817708 6.89670004633738e-05 0.0139512622687104 0.0121198279131185 
0.0665003679664145 0.929213879100238 0.00270717004051807 0.00157858289282983 
0.00157858289282983 0.00270717004051807 0.929213879100238 0.0665003679664145 
0.0121198279131185 0.0139512622687104 6.89670004633738e-05 0.973859942817708 


