4 5

0.169853186118416 0.330146813881584 0.330146813881584 0.169853186118416 

0.96829562169711 0.000189250385158685 0.00321066423664809 0.0283044636810832 
0.000159923256696812 0.936911727308636 0.0618647963389984 0.00106355309566905 
0.00106355309566905 0.0618647963389984 0.936911727308636 0.000159923256696812 
0.0283044636810832 0.00321066423664809 0.000189250385158685 0.96829562169711 

0.654441675044002 1.08999114006322e-05 7.98966378683911e-05 0.345467528406729 
0.000199735170902336 0.499807615589238 0.499660556855772 0.00033209238408748 
0.00033209238408748 0.499660556855772 0.499807615589238 0.000199735170902336 
0.345467528406729 7.98966378683911e-05 1.08999114006322e-05 0.654441675044002 

0.947850422486237 0.00206682090429592 0.0276346181498811 0.0224481384595859 
0.0428039025616683 0.954995967309859 0.000699834774065711 0.00150029535440671 
0.00150029535440671 0.000699834774065711 0.954995967309859 0.0428039025616683 
0.0224481384595859 0.0276346181498811 0.00206682090429592 0.947850422486237 

0.48774684703268 0.0310835251322029 0.00550822647774158 0.475661401357375 
0.164941042131479 0.571774336119873 0.248731134143952 0.014553487604696 
0.014553487604696 0.248731134143952 0.571774336119873 0.164941042131479 
0.475661401357375 0.00550822647774158 0.0310835251322029 0.48774684703268 

0.958003757020221 0.00565412068172832 0.00180845830125377 0.0345336639967972 
0.0132179680110899 0.945367847087346 0.0158815382186647 0.025532646682899 
0.025532646682899 0.0158815382186647 0.945367847087346 0.0132179680110899 
0.0345336639967972 0.00180845830125377 0.00565412068172832 0.958003757020221 


