4 5

0.346202209126204 0.153797790873796 0.153797790873796 0.346202209126204 

0.955202604382053 0.0232430832130804 0.00751402238196347 0.0140402900229035 
0.0152756663372693 0.948163736734661 0.0256332392540904 0.0109273576739796 
0.0109273576739796 0.0256332392540904 0.948163736734661 0.0152756663372693 
0.0140402900229035 0.00751402238196347 0.0232430832130804 0.955202604382053 

0.888652887381896 0.000226133508961206 0.00340871594300892 0.107712263166133 
0.722564676841243 0.17182829091129 0.0297351541848305 0.075871878062636 
0.075871878062636 0.0297351541848305 0.17182829091129 0.722564676841243 
0.107712263166133 0.00340871594300892 0.000226133508961206 0.888652887381896 

0.972155280236329 0.00584910272350226 0.0123607761110574 0.00963484092911121 
0.0592519492657581 0.931213428967884 0.00529327589449657 0.0042413458718611 
0.0042413458718611 0.00529327589449657 0.931213428967884 0.0592519492657581 
0.00963484092911121 0.0123607761110574 0.00584910272350226 0.972155280236329 

0.664967270390005 0.0819771229692283 0.235179202221012 0.0178764044197546 
0.303541242235648 0.349564252162312 0.313666995847049 0.0332275097549906 
0.0332275097549906 0.313666995847049 0.349564252162312 0.303541242235648 
0.0178764044197546 0.235179202221012 0.0819771229692283 0.664967270390005 

0.978380573237765 0.0125880540696158 0.00222254877576802 0.00680882391685111 
0.000330273998416775 0.927550296421412 0.0705916032368296 0.00152782634334204 
0.00152782634334204 0.0705916032368296 0.927550296421412 0.000330273998416775 
0.00680882391685111 0.00222254877576802 0.0125880540696158 0.978380573237765 


