4 5

0.258280389825813 0.241719610174187 0.241719610174187 0.258280389825813 

0.969366723540179 3.44156010143384e-05 0.0193273142445422 0.0112715466142641 
0.0575906921599726 0.933516096196895 0.00883445183568765 5.87598074448144e-05 
5.87598074448144e-05 0.00883445183568765 0.933516096196895 0.0575906921599726 
0.0112715466142641 0.0193273142445422 3.44156010143384e-05 0.969366723540179 

0.357654703104943 0.227231812784852 0.22845686464306 0.186656619467144 
0.0204391399876049 0.591766682621961 0.264160778936112 0.123633398454323 
0.123633398454323 0.264160778936112 0.591766682621961 0.0204391399876049 
0.186656619467144 0.22845686464306 0.227231812784852 0.357654703104943 

0.943928054856776 0.000295287669175123 0.0207736970525385 0.0350029604215108 
1.48098046002575e-05 0.960068487669124 0.0394671661149036 0.000449536411372098 
0.000449536411372098 0.0394671661149036 0.960068487669124 1.48098046002575e-05 
0.0350029604215108 0.0207736970525385 0.000295287669175123 0.943928054856776 

0.750957737256885 0.10805188457155 0.000210745714095142 0.14077963245747 
0.048915116693421 0.200335119811804 0.143269667675151 0.607480095819625 
0.607480095819625 0.143269667675151 0.200335119811804 0.048915116693421 
0.14077963245747 0.000210745714095142 0.10805188457155 0.750957737256885 

0.929579081741398 0.00145401394999785 0.0311973092652859 0.0377695950433184 
0.011105610937419 0.974336064163896 0.0124611668276416 0.00209715807104349 
0.00209715807104349 0.0124611668276416 0.974336064163896 0.011105610937419 
0.0377695950433184 0.0311973092652859 0.00145401394999785 0.929579081741398 


