4 5

0.0103008890291676 0.489699110970832 0.489699110970832 0.0103008890291676 

0.951325521807023 0.0128114605217665 0.000254356333543263 0.0356086613376672 
0.00782063526218075 0.952103685930311 0.0199163682575829 0.0201593105499256 
0.0201593105499256 0.0199163682575829 0.952103685930311 0.00782063526218075 
0.0356086613376672 0.000254356333543263 0.0128114605217665 0.951325521807023 

0.340466383896149 0.549439627871069 0.0503768955041321 0.0597170927286503 
0.00640678625851637 0.575018118681294 0.392854879236048 0.0257202158241411 
0.0257202158241411 0.392854879236048 0.575018118681294 0.00640678625851637 
0.0597170927286503 0.0503768955041321 0.549439627871069 0.340466383896149 

0.913975215374944 0.00246814153021854 0.0355272377695014 0.0480294053253361 
0.00668918726664899 0.99141103414589 0.00101369857938616 0.000886080008074469 
0.000886080008074469 0.00101369857938616 0.99141103414589 0.00668918726664899 
0.0480294053253361 0.0355272377695014 0.00246814153021854 0.913975215374944 

0.340532713982084 0.0975282370581711 0.406711344637733 0.155227704322012 
0.325029806126784 0.47029593533813 0.185743987921078 0.0189302706140078 
0.0189302706140078 0.185743987921078 0.47029593533813 0.325029806126784 
0.155227704322012 0.406711344637733 0.0975282370581711 0.340532713982084 

0.969103405710751 0.000102544105129008 0.00202838531394311 0.0287656648701768 
2.30317458596494e-05 0.936249436462142 0.0634449582148042 0.000282573577194254 
0.000282573577194254 0.0634449582148042 0.936249436462142 2.30317458596494e-05 
0.0287656648701768 0.00202838531394311 0.000102544105129008 0.969103405710751 


