4 5

0.111955242231488 0.388044757768512 0.388044757768512 0.111955242231488 

0.913324767636713 0.00752963939430635 0.0746441039020375 0.00450148906694287 
0.00215248255521874 0.990939760028845 0.00453090614698842 0.00237685126894736 
0.00237685126894736 0.00453090614698842 0.990939760028845 0.00215248255521874 
0.00450148906694287 0.0746441039020375 0.00752963939430635 0.913324767636713 

0.703136646884774 0.00469259791368664 0.0217657934134403 0.270404961788099 
0.0217750322145258 0.488130050794905 0.428482211085353 0.0616127059052164 
0.0616127059052164 0.428482211085353 0.488130050794905 0.0217750322145258 
0.270404961788099 0.0217657934134403 0.00469259791368664 0.703136646884774 

0.923461978020242 0.0487165742537893 0.00978805330322698 0.0180333944227422 
0.00156789929190735 0.980271758029275 0.000352669159881247 0.0178076735189364 
0.0178076735189364 0.000352669159881247 0.980271758029275 0.00156789929190735 
0.0180333944227422 0.00978805330322698 0.0487165742537893 0.923461978020242 

0.945976992609734 0.0253138974655312 0.00557643319896512 0.0231326767257701 
0.0222450031920173 0.163542221030546 0.0081919794671244 0.806020796310312 
0.806020796310312 0.0081919794671244 0.163542221030546 0.0222450031920173 
0.0231326767257701 0.00557643319896512 0.0253138974655312 0.945976992609734 

0.986915349510624 0.00249969154662736 0.00170775468661496 0.00887720425613414 
0.0320151794800468 0.918068042207187 0.045163045380657 0.0047537329321088 
0.0047537329321088 0.045163045380657 0.918068042207187 0.0320151794800468 
0.00887720425613414 0.00170775468661496 0.00249969154662736 0.986915349510624 


