4 5

0.0645339044276625 0.435466095572338 0.435466095572338 0.0645339044276625 

0.926771960547057 0.0295681634500379 0.0106286743553842 0.0330312016475214 
0.00554141348431251 0.977253882660954 0.00762795668140498 0.00957674717332798 
0.00957674717332798 0.00762795668140498 0.977253882660954 0.00554141348431251 
0.0330312016475214 0.0106286743553842 0.0295681634500379 0.926771960547057 

0.583592475095472 0.0787685299188384 0.105228285262437 0.232410709723253 
0.0373072045329554 0.395366900228742 0.227373698846766 0.339952196391537 
0.339952196391537 0.227373698846766 0.395366900228742 0.0373072045329554 
0.232410709723253 0.105228285262437 0.0787685299188384 0.583592475095472 

0.926074830649359 0.0571952845509611 0.00949402367066599 0.00723586112901353 
0.00787946840600558 0.977688167815174 0.0143578044226008 7.45593562198471e-05 
7.45593562198471e-05 0.0143578044226008 0.977688167815174 0.00787946840600558 
0.00723586112901353 0.00949402367066599 0.0571952845509611 0.926074830649359 

0.406069578833773 0.0903757732488279 0.159966529011758 0.343588118905641 
0.286111664476974 0.647749000072419 0.00346731471135042 0.0626720207392566 
0.0626720207392566 0.00346731471135042 0.647749000072419 0.286111664476974 
0.343588118905641 0.159966529011758 0.0903757732488279 0.406069578833773 

0.960418060034368 0.000884875147353819 0.00495514052262445 0.0337419242956538 
0.0292038652560817 0.942945353459084 0.0175303755817422 0.010320405703092 
0.010320405703092 0.0175303755817422 0.942945353459084 0.0292038652560817 
0.0337419242956538 0.00495514052262445 0.000884875147353819 0.960418060034368 


