4 5

0.397059042355977 0.102940957644023 0.102940957644023 0.397059042355977 

0.963828695367673 0.00282251130906961 0.00376655687043017 0.0295822364528276 
0.0372733448915418 0.939563742326009 0.0199896284777653 0.00317328430468394 
0.00317328430468394 0.0199896284777653 0.939563742326009 0.0372733448915418 
0.0295822364528276 0.00376655687043017 0.00282251130906961 0.963828695367673 

0.375404319676055 0.245297211352563 0.0316317943231909 0.347666674648191 
0.112547348366964 0.71353778033363 0.135974602495492 0.0379402688039134 
0.0379402688039134 0.135974602495492 0.71353778033363 0.112547348366964 
0.347666674648191 0.0316317943231909 0.245297211352563 0.375404319676055 

0.97771030364975 0.0112277311616544 0.00111731283791568 0.00994465235068021 
0.0229781696352149 0.92583844148351 0.00572974856669489 0.0454536403145798 
0.0454536403145798 0.00572974856669489 0.92583844148351 0.0229781696352149 
0.00994465235068021 0.00111731283791568 0.0112277311616544 0.97771030364975 

0.923742082297818 2.08726439489232e-05 1.99934500376098e-07 0.0762368451237332 
0.171028295671606 0.410813945328214 0.410744748688496 0.00741301031168316 
0.00741301031168316 0.410744748688496 0.410813945328214 0.171028295671606 
0.0762368451237332 1.99934500376098e-07 2.08726439489232e-05 0.923742082297818 

0.972153116667868 0.00866415528687424 0.0173298638767637 0.0018528641684939 
0.00396177839674756 0.931786793203978 0.0136312991346301 0.0506201292646446 
0.0506201292646446 0.0136312991346301 0.931786793203978 0.00396177839674756 
0.0018528641684939 0.0173298638767637 0.00866415528687424 0.972153116667868 


