4 5

0.494526921887882 0.00547307811211795 0.00547307811211795 0.494526921887882 

0.995613128572986 0.00210075788603577 0.000208457078243609 0.00207765646273489 
0.0593791925217804 0.909468329493541 0.0306627684485156 0.000489709536162605 
0.000489709536162605 0.0306627684485156 0.909468329493541 0.0593791925217804 
0.00207765646273489 0.000208457078243609 0.00210075788603577 0.995613128572986 

0.292530949345165 0.111482579877693 0.357997132812854 0.237989337964289 
0.120529014128003 0.706575478563263 0.159974924627909 0.0129205826808247 
0.0129205826808247 0.159974924627909 0.706575478563263 0.120529014128003 
0.237989337964289 0.357997132812854 0.111482579877693 0.292530949345165 

0.926379835303687 0.0156329995356555 0.0448504736138376 0.0131366915468197 
0.00667090104998141 0.977464213404188 0.00549764602212605 0.0103672395237046 
0.0103672395237046 0.00549764602212605 0.977464213404188 0.00667090104998141 
0.0131366915468197 0.0448504736138376 0.0156329995356555 0.926379835303687 

0.392377992940817 0.0399788108930183 0.208789270489638 0.358853925676526 
0.376153930389395 0.33257093392891 0.27392449937317 0.0173506363085252 
0.0173506363085252 0.27392449937317 0.33257093392891 0.376153930389395 
0.358853925676526 0.208789270489638 0.0399788108930183 0.392377992940817 

0.926241995841099 0.072993413026099 0.000309467026325061 0.000455124106476523 
0.00793892128758263 0.977579719582595 0.0112684692741239 0.00321288985569804 
0.00321288985569804 0.0112684692741239 0.977579719582595 0.00793892128758263 
0.000455124106476523 0.000309467026325061 0.072993413026099 0.926241995841099 


