4 5

0.156464989180677 0.343535010819323 0.343535010819323 0.156464989180677 

0.944888528837156 0.0287265402108867 0.00907039911936495 0.0173145318325928 
0.0264310804615463 0.95868230317937 0.00317161965934587 0.0117149966997381 
0.0117149966997381 0.00317161965934587 0.95868230317937 0.0264310804615463 
0.0173145318325928 0.00907039911936495 0.0287265402108867 0.944888528837156 

0.419508784691788 0.00838164797619764 0.261005402399156 0.311104164932858 
0.0504954372948238 0.73251176057198 0.045822689937037 0.171170112196159 
0.171170112196159 0.045822689937037 0.73251176057198 0.0504954372948238 
0.311104164932858 0.261005402399156 0.00838164797619764 0.419508784691788 

0.963859318803133 0.00154901622715903 2.70100237836403e-06 0.0345889639673297 
0.000364476311271258 0.93941289586253 0.00927969413566204 0.0509429336905368 
0.0509429336905368 0.00927969413566204 0.93941289586253 0.000364476311271258 
0.0345889639673297 2.70100237836403e-06 0.00154901622715903 0.963859318803133 

0.861531752809925 0.00181203109162139 0.00582870438848219 0.130827511709972 
0.0890888920702739 0.456483972849877 0.421622110611765 0.0328050244680844 
0.0328050244680844 0.421622110611765 0.456483972849877 0.0890888920702739 
0.130827511709972 0.00582870438848219 0.00181203109162139 0.861531752809925 

0.931860057765525 0.000256421439146192 0.00221764353803742 0.0656658772572911 
0.000323235149781814 0.973631882305458 0.0194888860658459 0.00655599647891393 
0.00655599647891393 0.0194888860658459 0.973631882305458 0.000323235149781814 
0.0656658772572911 0.00221764353803742 0.000256421439146192 0.931860057765525 


