4 5

0.473050063825212 0.0269499361747876 0.0269499361747876 0.473050063825212 

0.952498989139951 0.0314171811145323 9.9824604190564e-05 0.0159840051413258 
0.000235633818862309 0.951336424647761 0.0484257118521902 2.22968118630942e-06 
2.22968118630942e-06 0.0484257118521902 0.951336424647761 0.000235633818862309 
0.0159840051413258 9.9824604190564e-05 0.0314171811145323 0.952498989139951 

0.807024369896561 0.0143409872152888 0.116331045742565 0.0623035971455855 
0.000153978321520143 0.184917228889394 0.0844606590896823 0.730468133699404 
0.730468133699404 0.0844606590896823 0.184917228889394 0.000153978321520143 
0.0623035971455855 0.116331045742565 0.0143409872152888 0.807024369896561 

0.943015512452368 0.0148040106067347 0.000243208479715475 0.041937268461182 
1.80642222823509e-05 0.961222477969684 0.038158913178141 0.000600544629892778 
0.000600544629892778 0.038158913178141 0.961222477969684 1.80642222823509e-05 
0.041937268461182 0.000243208479715475 0.0148040106067347 0.943015512452368 

0.589444416755175 0.167844333685032 0.00370745418747245 0.239003795372321 
0.411443011781195 0.348221945928264 0.182323405732268 0.0580116365582724 
0.0580116365582724 0.182323405732268 0.348221945928264 0.411443011781195 
0.239003795372321 0.00370745418747245 0.167844333685032 0.589444416755175 

0.985263236330548 0.0117393132695997 0.000608182635529387 0.00238926776432319 
0.0443305472232368 0.919351363098274 0.028703659647583 0.0076144300309057 
0.0076144300309057 0.028703659647583 0.919351363098274 0.0443305472232368 
0.00238926776432319 0.000608182635529387 0.0117393132695997 0.985263236330548 


