4 5

0.419349421747029 0.0806505782529712 0.0806505782529712 0.419349421747029 

0.972641453273865 0.000740633076402882 0.0114416212714473 0.0151762923782848 
0.00825732865199045 0.932240144786649 0.0583105037186951 0.00119202284266597 
0.00119202284266597 0.0583105037186951 0.932240144786649 0.00825732865199045 
0.0151762923782848 0.0114416212714473 0.000740633076402882 0.972641453273865 

0.541345038670672 0.00177407719902333 0.0198168943280439 0.437063989802261 
0.000926614585067175 0.498452829080234 0.497652947385796 0.00296760894890245 
0.00296760894890245 0.497652947385796 0.498452829080234 0.000926614585067175 
0.437063989802261 0.0198168943280439 0.00177407719902333 0.541345038670672 

0.939906603635873 0.0101337871333932 0.000509839072419802 0.0494497701583135 
0.00100399412387845 0.964234706055789 0.019823100809175 0.0149381990111573 
0.0149381990111573 0.019823100809175 0.964234706055789 0.00100399412387845 
0.0494497701583135 0.000509839072419802 0.0101337871333932 0.939906603635873 

0.488249699845164 0.0109156229302028 0.0397412158357495 0.461093461388884 
0.0156156464756893 0.490198892870775 0.324966960607086 0.16921850004645 
0.16921850004645 0.324966960607086 0.490198892870775 0.0156156464756893 
0.461093461388884 0.0397412158357495 0.0109156229302028 0.488249699845164 

0.974552623771033 0.0211187543821854 0.00417546257030741 0.000153159276473858 
0.00670704055412855 0.92887172578235 0.00446808725634462 0.0599531464071765 
0.0599531464071765 0.00446808725634462 0.92887172578235 0.00670704055412855 
0.000153159276473858 0.00417546257030741 0.0211187543821854 0.974552623771033 


