4 5

0.287477640900761 0.212522359099239 0.212522359099239 0.287477640900761 

0.987239067797902 0.00890671822916336 0.000912451375655516 0.0029417625972793 
0.0103003511388929 0.919180040032627 0.0684173080999311 0.0021023007285489 
0.0021023007285489 0.0684173080999311 0.919180040032627 0.0103003511388929 
0.0029417625972793 0.000912451375655516 0.00890671822916336 0.987239067797902 

0.343256517670142 0.310478496178858 0.00687281979625998 0.33939216635474 
0.0037249075419401 0.653044456709998 0.343228865693529 1.7700545327261e-06 
1.7700545327261e-06 0.343228865693529 0.653044456709998 0.0037249075419401 
0.33939216635474 0.00687281979625998 0.310478496178858 0.343256517670142 

0.929719547397182 2.67680616233626e-05 0.0131494524919973 0.0571042320491978 
0.000683322585626265 0.975371047241566 0.02393950621901 6.1239537978897e-06 
6.1239537978897e-06 0.02393950621901 0.975371047241566 0.000683322585626265 
0.0571042320491978 0.0131494524919973 2.67680616233626e-05 0.929719547397182 

0.460230903468802 0.0741111556248379 0.00711630729924224 0.458541633607118 
0.0092197330856202 0.614265337935473 0.372639532850623 0.00387539612828367 
0.00387539612828367 0.372639532850623 0.614265337935473 0.0092197330856202 
0.458541633607118 0.00711630729924224 0.0741111556248379 0.460230903468802 

0.949702758175315 0.0230191308051901 0.00614186247652672 0.0211362485429681 
0.0223085368685117 0.953818444495413 0.0233763700660423 0.000496648570033535 
0.000496648570033535 0.0233763700660423 0.953818444495413 0.0223085368685117 
0.0211362485429681 0.00614186247652672 0.0230191308051901 0.949702758175315 


