4 5

0.392101894831285 0.107898105168715 0.107898105168715 0.392101894831285 

0.930263274779197 0.0145651186722615 0.0295858090594534 0.0255857974890881 
0.00013662405889979 0.973628075360348 0.00857985542152451 0.0176554451592272 
0.0176554451592272 0.00857985542152451 0.973628075360348 0.00013662405889979 
0.0255857974890881 0.0295858090594534 0.0145651186722615 0.930263274779197 

0.756483136749632 0.0385513343800427 0.0652669097252792 0.139698619145046 
0.105276551396039 0.448728824984659 0.402923108428034 0.0430715151912678 
0.0430715151912678 0.402923108428034 0.448728824984659 0.105276551396039 
0.139698619145046 0.0652669097252792 0.0385513343800427 0.756483136749632 

0.956347339747914 0.0112590552909623 0.0200187819482839 0.0123748230128401 
0.0359455315636419 0.946911935046818 0.00388216899552291 0.0132603643940174 
0.0132603643940174 0.00388216899552291 0.946911935046818 0.0359455315636419 
0.0123748230128401 0.0200187819482839 0.0112590552909623 0.956347339747914 

0.725058029842877 0.0379746607266753 0.186483162182497 0.05048414724795 
0.670513063541153 0.27277660898863 0.0396496238829705 0.0170607035872463 
0.0170607035872463 0.0396496238829705 0.27277660898863 0.670513063541153 
0.05048414724795 0.186483162182497 0.0379746607266753 0.725058029842877 

0.958474548795421 5.2916829108119e-05 0.0070911156022221 0.0343814187732486 
0.0149419905023281 0.94492788682041 0.0121516948586147 0.0279784278186475 
0.0279784278186475 0.0121516948586147 0.94492788682041 0.0149419905023281 
0.0343814187732486 0.0070911156022221 5.2916829108119e-05 0.958474548795421 


