4 5

0.441817904240452 0.0581820957595482 0.0581820957595482 0.441817904240452 

0.968519536825854 0.0261390418250472 0.00160015994794438 0.00374126140115449 
0.00350398771153936 0.934884945247715 0.0310346959891153 0.0305763710516299 
0.0305763710516299 0.0310346959891153 0.934884945247715 0.00350398771153936 
0.00374126140115449 0.00160015994794438 0.0261390418250472 0.968519536825854 

0.678739915965405 0.175443548210164 0.0398282136218679 0.105988322202562 
0.527348849212248 0.290869020185165 0.168762476855894 0.0130196537466916 
0.0130196537466916 0.168762476855894 0.290869020185165 0.527348849212248 
0.105988322202562 0.0398282136218679 0.175443548210164 0.678739915965405 

0.979479603209723 0.0116024825378693 0.00755840133080769 0.0013595129215998 
0.000685193128591832 0.924355297619342 0.00389272913251898 0.0710667801195473 
0.0710667801195473 0.00389272913251898 0.924355297619342 0.000685193128591832 
0.0013595129215998 0.00755840133080769 0.0116024825378693 0.979479603209723 

0.476827406613001 0.0175010300413803 0.0289370272892658 0.476734536056352 
0.00376897034610107 0.920159601552031 0.0696036063508944 0.006467821750974 
0.006467821750974 0.0696036063508944 0.920159601552031 0.00376897034610107 
0.476734536056352 0.0289370272892658 0.0175010300413803 0.476827406613001 

0.963775487525564 0.000456785888541904 0.0321483736851123 0.00361935290078186 
0.0014728059471065 0.940632676719486 0.0578426554136449 5.18619197626158e-05 
5.18619197626158e-05 0.0578426554136449 0.940632676719486 0.0014728059471065 
0.00361935290078186 0.0321483736851123 0.000456785888541904 0.963775487525564 


