4 5

0.24869052413851 0.25130947586149 0.25130947586149 0.24869052413851 

0.987751284033995 0.000706559835285761 1.87117416441588e-05 0.011523444389075 
0.0111619956867283 0.918798414996631 0.0699962753864784 4.33139301624008e-05 
4.33139301624008e-05 0.0699962753864784 0.918798414996631 0.0111619956867283 
0.011523444389075 1.87117416441588e-05 0.000706559835285761 0.987751284033995 

0.485499757142946 0.000816960726996996 0.0570819093764282 0.456601372753629 
0.0511454447855581 0.881795043483212 0.0437316697538772 0.0233278419773528 
0.0233278419773528 0.0437316697538772 0.881795043483212 0.0511454447855581 
0.456601372753629 0.0570819093764282 0.000816960726996996 0.485499757142946 

0.951148162517028 0.00110579789734076 0.0147194690835493 0.033026570502082 
8.43587134987129e-05 0.952627565851187 0.0302104479781784 0.0170776274571362 
0.0170776274571362 0.0302104479781784 0.952627565851187 8.43587134987129e-05 
0.033026570502082 0.0147194690835493 0.00110579789734076 0.951148162517028 

0.540660323173178 0.0150631398610715 0.247729150677332 0.196547386288418 
0.110666764836792 0.457571797152568 0.411296341721839 0.0204650962888005 
0.0204650962888005 0.411296341721839 0.457571797152568 0.110666764836792 
0.196547386288418 0.247729150677332 0.0150631398610715 0.540660323173178 

0.922294842281981 0.000315039603257128 0.0716209500765462 0.00576916803821553 
0.000758122248022733 0.982330261147443 0.000956517329309015 0.0159550992752252 
0.0159550992752252 0.000956517329309015 0.982330261147443 0.000758122248022733 
0.00576916803821553 0.0716209500765462 0.000315039603257128 0.922294842281981 


