4 5

0.077609007130377 0.422390992869623 0.422390992869623 0.077609007130377 

0.92944501262238 0.000618024894188511 0.00252830320895657 0.067408659274475 
0.006620024257609 0.976238661459764 0.0164829586675401 0.000658355615086968 
0.000658355615086968 0.0164829586675401 0.976238661459764 0.006620024257609 
0.067408659274475 0.00252830320895657 0.000618024894188511 0.92944501262238 

0.569969881608503 0.0693397034144644 0.293194963854563 0.0674954511224693 
0.393849956392088 0.308786883648456 0.280842929264674 0.0165202306947815 
0.0165202306947815 0.280842929264674 0.308786883648456 0.393849956392088 
0.0674954511224693 0.293194963854563 0.0693397034144644 0.569969881608503 

0.989494915921556 0.000368967506007786 0.0009810230855859 0.00915509348685045 
0.00948742433348138 0.914575816022956 0.00616664580250365 0.0697701138410595 
0.0697701138410595 0.00616664580250365 0.914575816022956 0.00948742433348138 
0.00915509348685045 0.0009810230855859 0.000368967506007786 0.989494915921556 

0.384536380803133 0.0117668528252544 0.223817757455651 0.379879008915962 
0.169846568205955 0.778865924903461 0.0447302245629927 0.00655728232759117 
0.00655728232759117 0.0447302245629927 0.778865924903461 0.169846568205955 
0.379879008915962 0.223817757455651 0.0117668528252544 0.384536380803133 

0.933581158092088 0.056550391769386 0.00308299027480657 0.0067854598637192 
0.00510788980326243 0.969611220348577 0.00314435886425923 0.022136530983901 
0.022136530983901 0.00314435886425923 0.969611220348577 0.00510788980326243 
0.0067854598637192 0.00308299027480657 0.056550391769386 0.933581158092088 


