4 5

0.0537503852974623 0.446249614702538 0.446249614702538 0.0537503852974623 

0.920827131456282 0.0259395210221338 0.00164538014577944 0.0515879673758047 
0.00184437253308897 0.984329770496606 0.0137934321551959 3.24248151096011e-05 
3.24248151096011e-05 0.0137934321551959 0.984329770496606 0.00184437253308897 
0.0515879673758047 0.00164538014577944 0.0259395210221338 0.920827131456282 

0.865829436756705 0.0729611885675144 0.0114927428836888 0.0497166317920923 
0.000306215526558056 0.499530268809853 0.499496609851608 0.000666905811980828 
0.000666905811980828 0.499496609851608 0.499530268809853 0.000306215526558056 
0.0497166317920923 0.0114927428836888 0.0729611885675144 0.865829436756705 

0.953122303681406 0.0332390812955076 0.000806413011701305 0.0128322020113846 
0.0409474621332599 0.950872866208307 0.00591938232766209 0.00226028933077124 
0.00226028933077124 0.00591938232766209 0.950872866208307 0.0409474621332599 
0.0128322020113846 0.000806413011701305 0.0332390812955076 0.953122303681406 

0.478266773295461 0.00361278255406053 0.0432917388314656 0.474828705319013 
0.0970600595103487 0.634811941416828 0.128821729350464 0.13930626972236 
0.13930626972236 0.128821729350464 0.634811941416828 0.0970600595103487 
0.474828705319013 0.0432917388314656 0.00361278255406053 0.478266773295461 

0.951325098547189 0.00446040930224802 6.08208007487473e-05 0.0441536713498147 
0.000566842056565928 0.953279673778935 0.0461374698612406 1.60143032582073e-05 
1.60143032582073e-05 0.0461374698612406 0.953279673778935 0.000566842056565928 
0.0441536713498147 6.08208007487473e-05 0.00446040930224802 0.951325098547189 


