4 5

0.00723153771832585 0.492768462281674 0.492768462281674 0.00723153771832585 

0.918488896155422 0.0432969225194097 0.00959640983634028 0.0286177714888278 
0.000321200317028653 0.985721233938268 0.0122971773464761 0.00166038839822757 
0.00166038839822757 0.0122971773464761 0.985721233938268 0.000321200317028653 
0.0286177714888278 0.00959640983634028 0.0432969225194097 0.918488896155422 

0.625404593015083 0.0065269325864667 0.075504131427997 0.292564342970454 
0.0705908345300987 0.481319800033443 0.402752550050847 0.0453368153856111 
0.0453368153856111 0.402752550050847 0.481319800033443 0.0705908345300987 
0.292564342970454 0.075504131427997 0.0065269325864667 0.625404593015083 

0.940774550688342 0.0396549038124338 0.0138629176289856 0.0057076278702381 
0.0342825383273375 0.963268490374338 0.00195232419085523 0.000496647107469252 
0.000496647107469252 0.00195232419085523 0.963268490374338 0.0342825383273375 
0.0057076278702381 0.0138629176289856 0.0396549038124338 0.940774550688342 

0.337470726235771 0.128133948929646 0.252052293191033 0.282343031643551 
0.218428920903188 0.668710649314452 0.103493287857378 0.00936714192498161 
0.00936714192498161 0.103493287857378 0.668710649314452 0.218428920903188 
0.282343031643551 0.252052293191033 0.128133948929646 0.337470726235771 

0.964709956703124 0.000216790098658336 0.0330324225093554 0.00204083068886246 
3.65353437409713e-05 0.939725740484918 0.0548329858625629 0.00540473830877815 
0.00540473830877815 0.0548329858625629 0.939725740484918 3.65353437409713e-05 
0.00204083068886246 0.0330324225093554 0.000216790098658336 0.964709956703124 


