4 5

0.337067215819843 0.162932784180157 0.162932784180157 0.337067215819843 

0.939047937213044 0.0365506250495785 0.00285121803226739 0.0215502197051102 
0.00061737549639175 0.963918152667814 0.00258224262307033 0.0328822292127241 
0.0328822292127241 0.00258224262307033 0.963918152667814 0.00061737549639175 
0.0215502197051102 0.00285121803226739 0.0365506250495785 0.939047937213044 

0.92156304206461 0.00934977906203208 0.00403776199261249 0.0650494168807453 
0.000505323322494565 0.509898623395133 0.483277489277827 0.00631856400454541 
0.00631856400454541 0.483277489277827 0.509898623395133 0.000505323322494565 
0.0650494168807453 0.00403776199261249 0.00934977906203208 0.92156304206461 

0.961385080631223 0.034239944638793 0.00389147198766291 0.000483502742320729 
0.0195653243514025 0.942602180179324 0.0369488528797248 0.000883642589548636 
0.000883642589548636 0.0369488528797248 0.942602180179324 0.0195653243514025 
0.000483502742320729 0.00389147198766291 0.034239944638793 0.961385080631223 

0.43398102604355 0.0275018370956805 0.180530175191294 0.357986961669475 
0.124727979264491 0.644978687442686 0.107157549520459 0.123135783772363 
0.123135783772363 0.107157549520459 0.644978687442686 0.124727979264491 
0.357986961669475 0.180530175191294 0.0275018370956805 0.43398102604355 

0.913291318883491 0.0495306392786134 0.0204181905071046 0.0167598513307908 
0.00120584358286476 0.991016334557835 0.0069858260233388 0.000791995835961273 
0.000791995835961273 0.0069858260233388 0.991016334557835 0.00120584358286476 
0.0167598513307908 0.0204181905071046 0.0495306392786134 0.913291318883491 


