4 5

0.463090663892217 0.036909336107783 0.036909336107783 0.463090663892217 

0.919613626673792 0.0168441756724051 0.00897343211287849 0.0545687655409247 
0.000335412191995421 0.985763741344883 0.011897499675823 0.00200334678729883 
0.00200334678729883 0.011897499675823 0.985763741344883 0.000335412191995421 
0.0545687655409247 0.00897343211287849 0.0168441756724051 0.919613626673792 

0.211238899601209 0.151299320776498 0.549570732022871 0.0878910475994227 
0.0088512368353855 0.650568619436464 0.189860801079843 0.150719342648307 
0.150719342648307 0.189860801079843 0.650568619436464 0.0088512368353855 
0.0878910475994227 0.549570732022871 0.151299320776498 0.211238899601209 

0.926617083717577 0.00022909465020135 0.00024541743806819 0.072908404194153 
0.00147754388476343 0.979619705161997 0.0129507346820786 0.00595201627116134 
0.00595201627116134 0.0129507346820786 0.979619705161997 0.00147754388476343 
0.072908404194153 0.00024541743806819 0.00022909465020135 0.926617083717577 

0.554230397985489 0.0156577085879713 0.00315180834131357 0.426960085085226 
0.355528636941033 0.334082507137352 0.29962493186441 0.0107639240572049 
0.0107639240572049 0.29962493186441 0.334082507137352 0.355528636941033 
0.426960085085226 0.00315180834131357 0.0156577085879713 0.554230397985489 

0.978913668086822 0.00518340340042047 0.000448302014003677 0.0154546264987537 
0.00018272734983111 0.927224185960357 0.0717461410075101 0.00084694568230175 
0.00084694568230175 0.0717461410075101 0.927224185960357 0.00018272734983111 
0.0154546264987537 0.000448302014003677 0.00518340340042047 0.978913668086822 


