4 5

0.379118164419197 0.120881835580803 0.120881835580803 0.379118164419197 

0.943723045247631 0.00400567343952732 0.00793602281770675 0.0443352584951349 
0.00850802260238925 0.960293150014855 0.0266561406450833 0.00454268673767256 
0.00454268673767256 0.0266561406450833 0.960293150014855 0.00850802260238925 
0.0443352584951349 0.00793602281770675 0.00400567343952732 0.943723045247631 

0.351318351624223 0.0469214516671194 0.417382966108178 0.18437723060048 
0.196180250599643 0.642820809762372 0.00561987598357566 0.155379063654409 
0.155379063654409 0.00561987598357566 0.642820809762372 0.196180250599643 
0.18437723060048 0.417382966108178 0.0469214516671194 0.351318351624223 

0.934406761230895 0.00157561995805224 0.000891285105686908 0.0631263337053664 
0.0192724804481442 0.970612651201414 0.00204248006349955 0.00807238828694193 
0.00807238828694193 0.00204248006349955 0.970612651201414 0.0192724804481442 
0.0631263337053664 0.000891285105686908 0.00157561995805224 0.934406761230895 

0.44872631659386 0.100338346055522 0.0401377591865152 0.410797578164103 
0.0245542227902864 0.846563853622099 0.112834211449227 0.016047712138388 
0.016047712138388 0.112834211449227 0.846563853622099 0.0245542227902864 
0.410797578164103 0.0401377591865152 0.100338346055522 0.44872631659386 

0.943352229762905 0.00311811561689663 0.0136752904581076 0.0398543641620909 
0.00254616130037042 0.960481755647618 0.00864073208643701 0.0283313509655743 
0.0283313509655743 0.00864073208643701 0.960481755647618 0.00254616130037042 
0.0398543641620909 0.0136752904581076 0.00311811561689663 0.943352229762905 


