4 5

0.413096837582998 0.086903162417002 0.086903162417002 0.413096837582998 

0.960097600284544 0.0176335404856206 0.0220587186664546 0.000210140563380423 
0.0037621545053622 0.943519828737471 0.0323770383443689 0.0203409784127983 
0.0203409784127983 0.0323770383443689 0.943519828737471 0.0037621545053622 
0.000210140563380423 0.0220587186664546 0.0176335404856206 0.960097600284544 

0.323031428129484 0.10452508385525 0.26256212960647 0.309881358408796 
0.0445023927757034 0.677910401051836 0.19333357810228 0.08425362807018 
0.08425362807018 0.19333357810228 0.677910401051836 0.0445023927757034 
0.309881358408796 0.26256212960647 0.10452508385525 0.323031428129484 

0.912758054279917 0.000171805739299096 1.38391134719649e-05 0.0870563008673115 
0.000509564505366057 0.995868902222516 0.0036171105977798 4.42267433857605e-06 
4.42267433857605e-06 0.0036171105977798 0.995868902222516 0.000509564505366057 
0.0870563008673115 1.38391134719649e-05 0.000171805739299096 0.912758054279917 

0.490817397630653 0.00285482756666744 0.0236906302124496 0.48263714459023 
0.0285885548733965 0.654720817189699 0.0563687404167167 0.260321887520187 
0.260321887520187 0.0563687404167167 0.654720817189699 0.0285885548733965 
0.48263714459023 0.0236906302124496 0.00285482756666744 0.490817397630653 

0.988693033098806 0.00105889134930689 0.000735826718620196 0.00951224883326707 
0.000727502315516227 0.918214471796186 0.0739334781377719 0.00712454775052561 
0.00712454775052561 0.0739334781377719 0.918214471796186 0.000727502315516227 
0.00951224883326707 0.000735826718620196 0.00105889134930689 0.988693033098806 


