4 5

0.250083128921688 0.249916871078312 0.249916871078312 0.250083128921688 

0.943535888235125 0.00326081999520802 0.0453297786273859 0.00787351314228091 
0.000441551018202148 0.959856704588843 0.0376423458015546 0.00205939859139997 
0.00205939859139997 0.0376423458015546 0.959856704588843 0.000441551018202148 
0.00787351314228091 0.0453297786273859 0.00326081999520802 0.943535888235125 

0.580478861408675 0.000708566287077694 0.00550378349215388 0.413308788812093 
0.00689833337721355 0.563305405561036 0.427527545181299 0.00226871588045132 
0.00226871588045132 0.427527545181299 0.563305405561036 0.00689833337721355 
0.413308788812093 0.00550378349215388 0.000708566287077694 0.580478861408675 

0.990465414140189 0.00135501133981663 0.000585566064138293 0.00759400845585584 
0.00290102397195931 0.917047624607134 0.0796903923323291 0.000360959088577849 
0.000360959088577849 0.0796903923323291 0.917047624607134 0.00290102397195931 
0.00759400845585584 0.000585566064138293 0.00135501133981663 0.990465414140189 

0.745625330953978 0.0425643915321783 0.0323357622181664 0.179474515295677 
0.013167283699231 0.449134433719364 0.400365849042732 0.137332433538673 
0.137332433538673 0.400365849042732 0.449134433719364 0.013167283699231 
0.179474515295677 0.0323357622181664 0.0425643915321783 0.745625330953978 

0.971191028660577 0.0144868550698318 0.00225921645962786 0.0120628998099631 
0.000796938946391628 0.933873307607474 0.0627201217014466 0.00260963174468812 
0.00260963174468812 0.0627201217014466 0.933873307607474 0.000796938946391628 
0.0120628998099631 0.00225921645962786 0.0144868550698318 0.971191028660577 


