4 5

0.0292169589083642 0.470783041091636 0.470783041091636 0.0292169589083642 

0.947359744466702 0.000514338797568941 0.0414646544963442 0.0106612622393851 
0.00029701635496965 0.956165139134479 0.0421935534050449 0.0013442911055061 
0.0013442911055061 0.0421935534050449 0.956165139134479 0.00029701635496965 
0.0106612622393851 0.0414646544963442 0.000514338797568941 0.947359744466702 

0.49983737332616 4.89054008475584e-05 0.000354338053308985 0.499759383219683 
0.00188992450366638 0.809107087519541 0.176449838308241 0.0125531496685511 
0.0125531496685511 0.176449838308241 0.809107087519541 0.00188992450366638 
0.499759383219683 0.000354338053308985 4.89054008475584e-05 0.49983737332616 

0.940148870852247 0.0492557632232379 0.00168678811935205 0.00890857780516263 
0.000303292464706832 0.962545368425408 0.00401010232757526 0.03314123678231 
0.03314123678231 0.00401010232757526 0.962545368425408 0.000303292464706832 
0.00890857780516263 0.00168678811935205 0.0492557632232379 0.940148870852247 

0.892021094245876 0.000973696949731991 0.0167373029650761 0.0902679058393164 
0.00137957257102101 0.455483361603686 0.453688275474394 0.0894487903508986 
0.0894487903508986 0.453688275474394 0.455483361603686 0.00137957257102101 
0.0902679058393164 0.0167373029650761 0.000973696949731991 0.892021094245876 

0.96434426925917 0.0114378851385073 0.0222969831322111 0.00192086247011175 
0.000110979548503619 0.939952024074238 0.0531406193917526 0.00679637698550625 
0.00679637698550625 0.0531406193917526 0.939952024074238 0.000110979548503619 
0.00192086247011175 0.0222969831322111 0.0114378851385073 0.96434426925917 


