4 5

0.152209190302528 0.347790809697472 0.347790809697472 0.152209190302528 

0.981095413153453 0.0110656860523576 0.00160428131907451 0.00623461947511461 
0.0297505025522193 0.923792550192613 0.0464387309101386 1.82163450288628e-05 
1.82163450288628e-05 0.0464387309101386 0.923792550192613 0.0297505025522193 
0.00623461947511461 0.00160428131907451 0.0110656860523576 0.981095413153453 

0.51193086642166 0.0652623590321429 0.0172880264323649 0.405518748113833 
0.487757336344062 0.126400355183371 0.0523979017924686 0.333444406680098 
0.333444406680098 0.0523979017924686 0.126400355183371 0.487757336344062 
0.405518748113833 0.0172880264323649 0.0652623590321429 0.51193086642166 

0.954548264379355 0.00772446588363444 0.0138232159982209 0.0239040537387895 
0.0210566925291321 0.948797127624744 0.0266168170059959 0.00352936284012781 
0.00352936284012781 0.0266168170059959 0.948797127624744 0.0210566925291321 
0.0239040537387895 0.0138232159982209 0.00772446588363444 0.954548264379355 

0.929527297019251 0.0205319119603915 0.00163935230927079 0.0483014387110866 
0.492109617221311 0.235521351965581 0.2258510324903 0.046517998322809 
0.046517998322809 0.2258510324903 0.235521351965581 0.492109617221311 
0.0483014387110866 0.00163935230927079 0.0205319119603915 0.929527297019251 

0.921849275583986 0.0181597160207497 0.0334874961606194 0.0265035122346447 
0.00276199058691068 0.982146578702225 0.0137221397057751 0.0013692910050887 
0.0013692910050887 0.0137221397057751 0.982146578702225 0.00276199058691068 
0.0265035122346447 0.0334874961606194 0.0181597160207497 0.921849275583986 


