4 5

0.348486939328723 0.151513060671277 0.151513060671277 0.348486939328723 

0.937809250028271 0.0142790374411821 0.000400864655450021 0.0475108478750966 
0.00553938805362808 0.966246649682404 0.0130617875225935 0.0151521747413739 
0.0151521747413739 0.0130617875225935 0.966246649682404 0.00553938805362808 
0.0475108478750966 0.000400864655450021 0.0142790374411821 0.937809250028271 

0.427278787412528 0.111727831066634 0.0391032353670851 0.421890146153753 
0.0744675610073822 0.867054595548362 0.0442399159902809 0.0142379274539744 
0.0142379274539744 0.0442399159902809 0.867054595548362 0.0744675610073822 
0.421890146153753 0.0391032353670851 0.111727831066634 0.427278787412528 

0.952901748254109 0.00276308950874888 0.0343194778998585 0.0100156843372833 
0.0242970462112981 0.950521641405634 0.00162891183804198 0.023552400545026 
0.023552400545026 0.00162891183804198 0.950521641405634 0.0242970462112981 
0.0100156843372833 0.0343194778998585 0.00276308950874888 0.952901748254109 

0.302970642569933 0.520876379944305 0.0386888926630051 0.137464084822757 
0.245272260960028 0.67613510431529 0.0482612596558616 0.0303313750688198 
0.0303313750688198 0.0482612596558616 0.67613510431529 0.245272260960028 
0.137464084822757 0.0386888926630051 0.520876379944305 0.302970642569933 

0.943643547433893 0.00169489235633906 0.0448021783890466 0.00985938182072144 
0.0133719019945996 0.959493928424104 0.0194925347568624 0.00764163482443453 
0.00764163482443453 0.0194925347568624 0.959493928424104 0.0133719019945996 
0.00985938182072144 0.0448021783890466 0.00169489235633906 0.943643547433893 


