4 5

0.321252931375057 0.178747068624943 0.178747068624943 0.321252931375057 

0.986752774262978 0.00767235200280235 0.00115373201328962 0.00442114172092978 
0.00510320378292143 0.919954952152792 0.0732472870848669 0.00169455697941997 
0.00169455697941997 0.0732472870848669 0.919954952152792 0.00510320378292143 
0.00442114172092978 0.00115373201328962 0.00767235200280235 0.986752774262978 

0.462964147448386 0.252521462166787 0.0161846053055135 0.268329785079313 
0.0237211853273016 0.50253562632493 0.473589188604909 0.000153999742859972 
0.000153999742859972 0.473589188604909 0.50253562632493 0.0237211853273016 
0.268329785079313 0.0161846053055135 0.252521462166787 0.462964147448386 

0.934602975931654 0.0541126255254792 0.00854574493551947 0.00273865360734726 
0.00355615604451926 0.968579166068994 0.00401160249570887 0.0238530753907784 
0.0238530753907784 0.00401160249570887 0.968579166068994 0.00355615604451926 
0.00273865360734726 0.00854574493551947 0.0541126255254792 0.934602975931654 

0.585077802375656 0.0785037491817102 0.257067947745211 0.0793505006974224 
0.0358944043534856 0.447065599516713 0.428207767250195 0.0888322288796068 
0.0888322288796068 0.428207767250195 0.447065599516713 0.0358944043534856 
0.0793505006974224 0.257067947745211 0.0785037491817102 0.585077802375656 

0.944583196155728 0.0458021274125629 0.00261451386265389 0.00700016256905522 
0.00838901585560092 0.958449563840499 0.00964409810519296 0.0235173221987071 
0.0235173221987071 0.00964409810519296 0.958449563840499 0.00838901585560092 
0.00700016256905522 0.00261451386265389 0.0458021274125629 0.944583196155728 


