4 5

0.355321013601497 0.144678986398503 0.144678986398503 0.355321013601497 

0.924948527073387 0.017975854990997 0.00240927490494261 0.0546663430306733 
0.00070958359217023 0.9800682906373 0.0121969688066739 0.00702515696385618 
0.00702515696385618 0.0121969688066739 0.9800682906373 0.00070958359217023 
0.0546663430306733 0.00240927490494261 0.017975854990997 0.924948527073387 

0.369118532969266 0.100672082999771 0.411485825090442 0.118723558940521 
0.0210334584738076 0.501102193708135 0.276190353861008 0.201673993957049 
0.201673993957049 0.276190353861008 0.501102193708135 0.0210334584738076 
0.118723558940521 0.411485825090442 0.100672082999771 0.369118532969266 

0.9549983711077 0.0116113614602218 0.0309777431944391 0.00241252423763899 
0.000717781756495299 0.948665400282844 0.0396684841135614 0.0109483338470991 
0.0109483338470991 0.0396684841135614 0.948665400282844 0.000717781756495299 
0.00241252423763899 0.0309777431944391 0.0116113614602218 0.9549983711077 

0.49211847048847 0.00223573395396548 0.0208551407151882 0.484790654842377 
0.063955465448063 0.541878825593948 0.198451118549753 0.195714590408237 
0.195714590408237 0.198451118549753 0.541878825593948 0.063955465448063 
0.484790654842377 0.0208551407151882 0.00223573395396548 0.49211847048847 

0.941202297699651 0.00163818899115654 0.0107530736876652 0.0464064396215271 
0.00146029478100863 0.962943441007497 0.0222131280040767 0.0133831362074179 
0.0133831362074179 0.0222131280040767 0.962943441007497 0.00146029478100863 
0.0464064396215271 0.0107530736876652 0.00163818899115654 0.941202297699651 


