4 5

0.289855734095909 0.210144265904091 0.210144265904091 0.289855734095909 

0.934525049820684 0.000398928434081317 0.00965678461446559 0.055419237130769 
0.00431731109946833 0.970223693542571 0.0220691107780946 0.0033898845798662 
0.0033898845798662 0.0220691107780946 0.970223693542571 0.00431731109946833 
0.055419237130769 0.00965678461446559 0.000398928434081317 0.934525049820684 

0.479583198784839 0.0100858890876723 0.0547535996071409 0.455577312520347 
0.00163045722314608 0.517009681818092 0.438881357234959 0.042478503723803 
0.042478503723803 0.438881357234959 0.517009681818092 0.00163045722314608 
0.455577312520347 0.0547535996071409 0.0100858890876723 0.479583198784839 

0.982901748425597 0.00689140049100302 0.0014527328365933 0.008754118246807 
0.0126543873065762 0.920796196765709 0.00297785162953668 0.0635715642981778 
0.0635715642981778 0.00297785162953668 0.920796196765709 0.0126543873065762 
0.008754118246807 0.0014527328365933 0.00689140049100302 0.982901748425597 

0.617177517170161 0.00668170799239909 0.00706852645551536 0.369072248381925 
0.0310527869176152 0.396985137770334 0.396525359938465 0.175436715373585 
0.175436715373585 0.396525359938465 0.396985137770334 0.0310527869176152 
0.369072248381925 0.00706852645551536 0.00668170799239909 0.617177517170161 

0.921545373999236 0.0758213499842344 0.00181147590499586 0.000821800111533377 
0.000765608396053189 0.981966395462656 9.53710677099595e-05 0.0171726250735809 
0.0171726250735809 9.53710677099595e-05 0.981966395462656 0.000765608396053189 
0.000821800111533377 0.00181147590499586 0.0758213499842344 0.921545373999236 


