4 5

0.254174311528914 0.245825688471086 0.245825688471086 0.254174311528914 

0.953449939194619 0.025017107131672 0.00442027398078083 0.0171126796929286 
0.00417646524455243 0.949456628792889 0.00512115473426039 0.0412457512282982 
0.0412457512282982 0.00512115473426039 0.949456628792889 0.00417646524455243 
0.0171126796929286 0.00442027398078083 0.025017107131672 0.953449939194619 

0.79638219528023 0.0222290253322493 0.00747234437494165 0.173916435012579 
0.156867865380966 0.427204844086742 0.378043982411353 0.0378833081209389 
0.0378833081209389 0.378043982411353 0.427204844086742 0.156867865380966 
0.173916435012579 0.00747234437494165 0.0222290253322493 0.79638219528023 

0.983495258232488 0.00066548210646402 0.00208001275310885 0.0137592469079391 
0.00106871831224979 0.923220112790187 0.0756827722287747 2.8396668788142e-05 
2.8396668788142e-05 0.0756827722287747 0.923220112790187 0.00106871831224979 
0.0137592469079391 0.00208001275310885 0.00066548210646402 0.983495258232488 

0.560517826955186 0.00639226068951476 0.418305384532471 0.014784527822829 
0.447730610277777 0.432542813019325 0.0536151246048087 0.0661114520980895 
0.0661114520980895 0.0536151246048087 0.432542813019325 0.447730610277777 
0.014784527822829 0.418305384532471 0.00639226068951476 0.560517826955186 

0.980835124493195 0.00247937865645129 0.00988744933800303 0.0067980475123508 
0.001253648898482 0.925441981899881 0.0731977958063068 0.000106573395330384 
0.000106573395330384 0.0731977958063068 0.925441981899881 0.001253648898482 
0.0067980475123508 0.00988744933800303 0.00247937865645129 0.980835124493195 


