4 5

0.38192491652444 0.11807508347556 0.11807508347556 0.38192491652444 

0.916396896006473 0.028675827247485 0.000212677030597462 0.0547145997154441 
0.00860461341706508 0.989422174383349 0.00182986908233468 0.000143343117251623 
0.000143343117251623 0.00182986908233468 0.989422174383349 0.00860461341706508 
0.0547145997154441 0.000212677030597462 0.028675827247485 0.916396896006473 

0.53514640495415 0.000354472737965364 0.068434268637234 0.396064853670651 
0.00235892397172699 0.451794947851188 0.36301903210297 0.182827096074114 
0.182827096074114 0.36301903210297 0.451794947851188 0.00235892397172699 
0.396064853670651 0.068434268637234 0.000354472737965364 0.53514640495415 

0.970932107405794 0.00685120607514409 0.00351104874623556 0.0187056377728265 
0.00452065732676639 0.932670518794232 0.0282053416895445 0.0346034821894567 
0.0346034821894567 0.0282053416895445 0.932670518794232 0.00452065732676639 
0.0187056377728265 0.00351104874623556 0.00685120607514409 0.970932107405794 

0.603055815160101 0.0040420767724092 0.0484060480357186 0.344496060031772 
0.00137381102215775 0.49030819086613 0.486633297054031 0.0216847010576814 
0.0216847010576814 0.486633297054031 0.49030819086613 0.00137381102215775 
0.344496060031772 0.0484060480357186 0.0040420767724092 0.603055815160101 

0.918985579253437 0.000100961367613128 0.0272250392496984 0.0536884201292517 
3.85656862210227e-05 0.986460647773869 0.00916230112916389 0.00433848541074615 
0.00433848541074615 0.00916230112916389 0.986460647773869 3.85656862210227e-05 
0.0536884201292517 0.0272250392496984 0.000100961367613128 0.918985579253437 


