4 5

0.442830199724995 0.0571698002750054 0.0571698002750054 0.442830199724995 

0.929827082195236 7.75040019197685e-05 0.00365002693201586 0.0664453868708285 
0.00261622967120059 0.975847610506776 0.0210941294314225 0.000442030390601171 
0.000442030390601171 0.0210941294314225 0.975847610506776 0.00261622967120059 
0.0664453868708285 0.00365002693201586 7.75040019197685e-05 0.929827082195236 

0.309177432763061 0.461238528734096 0.0515414082614283 0.178042630241415 
0.229046946338635 0.647258681885503 0.0767346435549883 0.0469597282208735 
0.0469597282208735 0.0767346435549883 0.647258681885503 0.229046946338635 
0.178042630241415 0.0515414082614283 0.461238528734096 0.309177432763061 

0.957607941521257 0.00177742710441298 0.0165651481750105 0.0240494831993194 
0.00575636721324299 0.946389958716903 0.0473893637152967 0.000464310354556987 
0.000464310354556987 0.0473893637152967 0.946389958716903 0.00575636721324299 
0.0240494831993194 0.0165651481750105 0.00177742710441298 0.957607941521257 

0.357566530106148 0.0355382231650404 0.404987838466548 0.201907408262263 
0.18000397073709 0.405182534478063 0.113480087703745 0.301333407081102 
0.301333407081102 0.113480087703745 0.405182534478063 0.18000397073709 
0.201907408262263 0.404987838466548 0.0355382231650404 0.357566530106148 

0.955340455088495 5.75469257229275e-05 0.0322426699012611 0.0123593280845211 
0.0114918658983091 0.94809472024367 0.0206717102348525 0.0197417036231682 
0.0197417036231682 0.0206717102348525 0.94809472024367 0.0114918658983091 
0.0123593280845211 0.0322426699012611 5.75469257229275e-05 0.955340455088495 


