4 5

0.0950389323988929 0.404961067601107 0.404961067601107 0.0950389323988929 

0.916845857831191 0.00394276013822374 0.0646326687587561 0.0145787132718291 
0.00565597833663123 0.987122564517276 0.00638060242588073 0.00084085472021245 
0.00084085472021245 0.00638060242588073 0.987122564517276 0.00565597833663123 
0.0145787132718291 0.0646326687587561 0.00394276013822374 0.916845857831191 

0.508723124418334 0.151220120211296 0.263989562736218 0.0760671926341523 
0.00373795087831819 0.367140994657804 0.27547892531253 0.353642129151347 
0.353642129151347 0.27547892531253 0.367140994657804 0.00373795087831819 
0.0760671926341523 0.263989562736218 0.151220120211296 0.508723124418334 

0.935552014358243 0.00892286778236483 0.0137634160999863 0.0417617017594062 
0.00179420843855399 0.968599975203504 0.0294621906958554 0.000143625662086867 
0.000143625662086867 0.0294621906958554 0.968599975203504 0.00179420843855399 
0.0417617017594062 0.0137634160999863 0.00892286778236483 0.935552014358243 

0.499828702402009 5.53552788849215e-05 0.000416875411700186 0.499699066907406 
0.0425128247481091 0.724080958418215 0.123843718687218 0.109562498146458 
0.109562498146458 0.123843718687218 0.724080958418215 0.0425128247481091 
0.499699066907406 0.000416875411700186 5.53552788849215e-05 0.499828702402009 

0.984380620805258 0.011468098207609 0.000668523489091423 0.00348275749804172 
0.00119618306140652 0.919289140726278 0.00816775056155883 0.0713469256507564 
0.0713469256507564 0.00816775056155883 0.919289140726278 0.00119618306140652 
0.00348275749804172 0.000668523489091423 0.011468098207609 0.984380620805258 


