4 5

0.161232381942682 0.338767618057318 0.338767618057318 0.161232381942682 

0.961402802039939 0.0151988338957105 0.0046734264783453 0.018724937586005 
0.0502432916202895 0.942156138688762 0.00359797700839981 0.0040025926825489 
0.0040025926825489 0.00359797700839981 0.942156138688762 0.0502432916202895 
0.018724937586005 0.0046734264783453 0.0151988338957105 0.961402802039939 

0.510249964120543 0.00112552437590039 0.0031049449814097 0.485519566522147 
0.0255930973728069 0.95261782619781 0.0122356647465657 0.00955341168281759 
0.00955341168281759 0.0122356647465657 0.95261782619781 0.0255930973728069 
0.485519566522147 0.0031049449814097 0.00112552437590039 0.510249964120543 

0.960344765255337 0.00287193010425452 0.0292016982470041 0.00758160639340422 
0.00583480888970954 0.943360441883999 0.033739656271249 0.017065092955042 
0.017065092955042 0.033739656271249 0.943360441883999 0.00583480888970954 
0.00758160639340422 0.0292016982470041 0.00287193010425452 0.960344765255337 

0.427023472775983 0.0885518320435705 0.168180855735365 0.316243839445082 
0.367517501745089 0.475059888701482 0.123096147833223 0.034326461720206 
0.034326461720206 0.123096147833223 0.475059888701482 0.367517501745089 
0.316243839445082 0.168180855735365 0.0885518320435705 0.427023472775983 

0.936828337986444 0.00931074005760853 0.0511570175316783 0.0027039044242691 
0.032896402603384 0.966207051836777 0.000377436359151884 0.000519109200686985 
0.000519109200686985 0.000377436359151884 0.966207051836777 0.032896402603384 
0.0027039044242691 0.0511570175316783 0.00931074005760853 0.936828337986444 


