4 5

0.272918581613339 0.227081418386661 0.227081418386661 0.272918581613339 

0.939284036923825 9.72302386898262e-05 0.00118439231202324 0.0594343405254619 
0.00085089075861944 0.965552133204169 0.0231659023244775 0.0104310737127337 
0.0104310737127337 0.0231659023244775 0.965552133204169 0.00085089075861944 
0.0594343405254619 0.00118439231202324 9.72302386898262e-05 0.939284036923825 

0.319326832899607 0.088730369370398 0.306342951594294 0.2855998461357 
0.137736589361162 0.81286158330628 0.0226130220249204 0.0267888053076369 
0.0267888053076369 0.0226130220249204 0.81286158330628 0.137736589361162 
0.2855998461357 0.306342951594294 0.088730369370398 0.319326832899607 

0.927296152992251 0.0120914813585031 0.0576133393966173 0.0029990262526286 
0.00265025082112479 0.976978108218983 0.0017261981199363 0.0186454428399557 
0.0186454428399557 0.0017261981199363 0.976978108218983 0.00265025082112479 
0.0029990262526286 0.0576133393966173 0.0120914813585031 0.927296152992251 

0.707416041619051 0.0152188878238046 0.0137430532604706 0.263622017296673 
0.0012143665199535 0.525373152844525 0.473391601078705 2.08795568164441e-05 
2.08795568164441e-05 0.473391601078705 0.525373152844525 0.0012143665199535 
0.263622017296673 0.0137430532604706 0.0152188878238046 0.707416041619051 

0.9500653909743 0.000311662106279532 0.00353985113081223 0.0460830957886078 
0.000768841180369691 0.95453529273622 0.0440197947395931 0.00067607134381719 
0.00067607134381719 0.0440197947395931 0.95453529273622 0.000768841180369691 
0.0460830957886078 0.00353985113081223 0.000311662106279532 0.9500653909743 


