4 5

0.322906888206489 0.177093111793511 0.177093111793511 0.322906888206489 

0.957075093262744 0.0418659941639816 1.05482410746663e-06 0.001057857749167 
2.26895509313277e-06 0.945418759114063 0.000868572992896777 0.0537103989379473 
0.0537103989379473 0.000868572992896777 0.945418759114063 2.26895509313277e-06 
0.001057857749167 1.05482410746663e-06 0.0418659941639816 0.957075093262744 

0.201959391526116 0.78361308850688 0.00649673840943427 0.00793078155756992 
0.00044087536900627 0.869197449790494 0.00559161853605455 0.124770056304446 
0.124770056304446 0.00559161853605455 0.869197449790494 0.00044087536900627 
0.00793078155756992 0.00649673840943427 0.78361308850688 0.201959391526116 

0.936199233048886 0.0588704564014703 0.00351496154612516 0.00141534900351908 
0.000512781871884974 0.966654279410862 0.000411903242087952 0.0324210354751655 
0.0324210354751655 0.000411903242087952 0.966654279410862 0.000512781871884974 
0.00141534900351908 0.00351496154612516 0.0588704564014703 0.936199233048886 

0.49713699336108 0.0170471486679753 0.0253773447491942 0.460438513221751 
0.00317523383508378 0.817143251055513 0.174431019141007 0.00525049596839588 
0.00525049596839588 0.174431019141007 0.817143251055513 0.00317523383508378 
0.460438513221751 0.0253773447491942 0.0170471486679753 0.49713699336108 

0.909802398491435 0.000324684217433707 1.10612051528131e-05 0.0898618560859786 
3.29274371241559e-05 0.999429865758127 0.000371331532246 0.000165875272502977 
0.000165875272502977 0.000371331532246 0.999429865758127 3.29274371241559e-05 
0.0898618560859786 1.10612051528131e-05 0.000324684217433707 0.909802398491435 


