4 5

0.422232490265742 0.0777675097342581 0.0777675097342581 0.422232490265742 

0.946994940239819 0.0173860669795362 0.0345190855569258 0.0010999072237195 
0.0124634788093339 0.956216804521742 0.029806201666398 0.0015135150025258 
0.0015135150025258 0.029806201666398 0.956216804521742 0.0124634788093339 
0.0010999072237195 0.0345190855569258 0.0173860669795362 0.946994940239819 

0.582617029178235 0.0499777653650143 0.0261965477433412 0.341208657713409 
0.0143315414917021 0.530438865665038 0.426647450706074 0.0285821421371862 
0.0285821421371862 0.426647450706074 0.530438865665038 0.0143315414917021 
0.341208657713409 0.0261965477433412 0.0499777653650143 0.582617029178235 

0.977085167076707 0.000344917643322264 0.0159818805855394 0.00658803469443098 
0.0449559459211171 0.926455192785272 0.0237857622378355 0.00480309905577529 
0.00480309905577529 0.0237857622378355 0.926455192785272 0.0449559459211171 
0.00658803469443098 0.0159818805855394 0.000344917643322264 0.977085167076707 

0.319742117814386 0.0402696526818879 0.471401091780253 0.168587137723473 
0.0316689052077889 0.753142536747058 0.105965376115192 0.109223181929961 
0.109223181929961 0.105965376115192 0.753142536747058 0.0316689052077889 
0.168587137723473 0.471401091780253 0.0402696526818879 0.319742117814386 

0.910488723483097 0.0527248924653365 0.0250495078383111 0.0117368762132554 
0.0015555855089724 0.994033456627425 0.00191893420578482 0.00249202365781808 
0.00249202365781808 0.00191893420578482 0.994033456627425 0.0015555855089724 
0.0117368762132554 0.0250495078383111 0.0527248924653365 0.910488723483097 


