4 5

0.159870197996497 0.340129802003503 0.340129802003503 0.159870197996497 

0.966115661576071 0.00315334561921669 0.000228274910380535 0.0305027178943321 
0.00478709650447562 0.937599960934999 0.0319369537187729 0.0256759888417523 
0.0256759888417523 0.0319369537187729 0.937599960934999 0.00478709650447562 
0.0305027178943321 0.000228274910380535 0.00315334561921669 0.966115661576071 

0.468724185474057 0.443891373736672 0.0196614046157267 0.0677230361735442 
0.239561404992452 0.473234967353215 0.254240296838829 0.0329633308155041 
0.0329633308155041 0.254240296838829 0.473234967353215 0.239561404992452 
0.0677230361735442 0.0196614046157267 0.443891373736672 0.468724185474057 

0.938519686674251 0.000462380010364203 0.000743543589725329 0.0602743897256597 
0.00264301438635985 0.966595961540718 0.0307459506585762 1.50734143463511e-05 
1.50734143463511e-05 0.0307459506585762 0.966595961540718 0.00264301438635985 
0.0602743897256597 0.000743543589725329 0.000462380010364203 0.938519686674251 

0.497676439293914 0.00072085622246718 0.00397311744705167 0.497629587036567 
9.66332102936018e-05 0.992895731153116 0.00673485234629134 0.000272783290298699 
0.000272783290298699 0.00673485234629134 0.992895731153116 9.66332102936018e-05 
0.497629587036567 0.00397311744705167 0.00072085622246718 0.497676439293914 

0.973694242425927 0.000211459396407928 9.34537632037469e-05 0.0260008444144611 
0.00319579110367745 0.930605567394892 0.0428840123574116 0.0233146291440191 
0.0233146291440191 0.0428840123574116 0.930605567394892 0.00319579110367745 
0.0260008444144611 9.34537632037469e-05 0.000211459396407928 0.973694242425927 


