4 5

0.0683747202856466 0.431625279714353 0.431625279714353 0.0683747202856466 

0.918108525984969 0.0140922043955749 0.000864063999161061 0.0669352056202955 
0.00496322015122887 0.9882714289359 0.00635657835086462 0.000408772562006088 
0.000408772562006088 0.00635657835086462 0.9882714289359 0.00496322015122887 
0.0669352056202955 0.000864063999161061 0.0140922043955749 0.918108525984969 

0.526745756869662 0.000181857263778689 0.0239329482159131 0.449139437650646 
0.0303526481957276 0.628878613304172 0.320280296359214 0.0204884421408863 
0.0204884421408863 0.320280296359214 0.628878613304172 0.0303526481957276 
0.449139437650646 0.0239329482159131 0.000181857263778689 0.526745756869662 

0.980504009693222 0.0149641151680711 0.00178189867864187 0.00274997646006497 
0.0625791069267672 0.923860508487044 0.0114724611225227 0.00208792346366605 
0.00208792346366605 0.0114724611225227 0.923860508487044 0.0625791069267672 
0.00274997646006497 0.00178189867864187 0.0149641151680711 0.980504009693222 

0.696347120951853 0.0505524666719183 0.00835510632867235 0.244745306047556 
0.363662097546374 0.352907283975061 0.229325279838062 0.0541053386405031 
0.0541053386405031 0.229325279838062 0.352907283975061 0.363662097546374 
0.244745306047556 0.00835510632867235 0.0505524666719183 0.696347120951853 

0.922725374568006 0.00032910351368014 0.00604948152032188 0.0708960403979925 
0.00545563881656155 0.983579360396434 0.0105280445079869 0.000436956279017602 
0.000436956279017602 0.0105280445079869 0.983579360396434 0.00545563881656155 
0.0708960403979925 0.00604948152032188 0.00032910351368014 0.922725374568006 


