4 5

0.165715140872635 0.334284859127365 0.334284859127365 0.165715140872635 

0.967636065370624 1.29702259162659e-05 0.0258960406819909 0.00645492372146861 
1.24728811274309e-06 0.936667224039999 0.0436680684064264 0.0196634602654616 
0.0196634602654616 0.0436680684064264 0.936667224039999 1.24728811274309e-06 
0.00645492372146861 0.0258960406819909 1.29702259162659e-05 0.967636065370624 

0.58079699714032 0.358560676672215 0.0315204825580414 0.0291218436294237 
0.0283042247745081 0.528879782826767 0.442519904772539 0.000296087626185958 
0.000296087626185958 0.442519904772539 0.528879782826767 0.0283042247745081 
0.0291218436294237 0.0315204825580414 0.358560676672215 0.58079699714032 

0.920736266291929 0.0788339415002109 0.000420524493199417 9.26771466064347e-06 
3.15875323580843e-06 0.982741117117083 0.000311653003053747 0.0169440711266275 
0.0169440711266275 0.000311653003053747 0.982741117117083 3.15875323580843e-06 
9.26771466064347e-06 0.000420524493199417 0.0788339415002109 0.920736266291929 

0.755889543659927 0.0510790152413538 0.108134029686391 0.0848974114123282 
0.0850005976949849 0.286241399840133 0.105821935228926 0.522936067235956 
0.522936067235956 0.105821935228926 0.286241399840133 0.0850005976949849 
0.0848974114123282 0.108134029686391 0.0510790152413538 0.755889543659927 

0.96530618856818 0.000369713796694167 0.00710354545825052 0.0272205521768752 
0.00168586928739985 0.93894375976989 0.045697194110197 0.0136731768325133 
0.0136731768325133 0.045697194110197 0.93894375976989 0.00168586928739985 
0.0272205521768752 0.00710354545825052 0.000369713796694167 0.96530618856818 


