4 5

0.439335143775679 0.0606648562243208 0.0606648562243208 0.439335143775679 

0.944555826556527 3.23738006137836e-05 0.00771510383707412 0.0476966958057849 
8.64031548559333e-05 0.959671281704903 0.0274455512656878 0.0127967638745536 
0.0127967638745536 0.0274455512656878 0.959671281704903 8.64031548559333e-05 
0.0476966958057849 0.00771510383707412 3.23738006137836e-05 0.944555826556527 

0.513539895381447 0.000281103356605522 0.00610663079847835 0.480072370463469 
0.0173210442893419 0.830630654850731 0.122109627613464 0.0299386732464632 
0.0299386732464632 0.122109627613464 0.830630654850731 0.0173210442893419 
0.480072370463469 0.00610663079847835 0.000281103356605522 0.513539895381447 

0.987659897892359 0.00110882721832634 7.47062202504584e-05 0.0111565686690638 
0.000844051021190246 0.919621503572502 0.0792301449432292 0.00030430046307826 
0.00030430046307826 0.0792301449432292 0.919621503572502 0.000844051021190246 
0.0111565686690638 7.47062202504584e-05 0.00110882721832634 0.987659897892359 

0.438675898289349 0.00364185579749102 0.174829682368379 0.382852563544781 
0.0813782115364921 0.613963475522441 0.298444365727066 0.00621394721400146 
0.00621394721400146 0.298444365727066 0.613963475522441 0.0813782115364921 
0.382852563544781 0.174829682368379 0.00364185579749102 0.438675898289349 

0.945784157815929 0.0464660820746643 0.00283954433071353 0.00491021577869272 
0.000518145359282823 0.956854068426003 0.005910576898363 0.0367172093163512 
0.0367172093163512 0.005910576898363 0.956854068426003 0.000518145359282823 
0.00491021577869272 0.00283954433071353 0.0464660820746643 0.945784157815929 


