4 5

0.490143228205852 0.00985677179414779 0.00985677179414779 0.490143228205852 

0.915142094158014 0.0103443972405613 0.0497229905080975 0.0247905180933274 
0.00960657536750218 0.989199853426331 0.00115021466305576 4.33565431107417e-05 
4.33565431107417e-05 0.00115021466305576 0.989199853426331 0.00960657536750218 
0.0247905180933274 0.0497229905080975 0.0103443972405613 0.915142094158014 

0.4949795287172 0.0203987787524211 0.00344283143932261 0.481178861091056 
0.139495434031838 0.512586767348505 0.34312822560617 0.00478957301348744 
0.00478957301348744 0.34312822560617 0.512586767348505 0.139495434031838 
0.481178861091056 0.00344283143932261 0.0203987787524211 0.4949795287172 

0.937795472422309 0.0574141301283697 0.00246170878279406 0.00232868866652708 
0.00121648115498737 0.965273584451288 0.0253602596477384 0.00814967474598608 
0.00814967474598608 0.0253602596477384 0.965273584451288 0.00121648115498737 
0.00232868866652708 0.00246170878279406 0.0574141301283697 0.937795472422309 

0.430885620783164 0.106277336119817 0.0397869980479946 0.423050045049024 
0.147906248429615 0.6435101213853 0.121133230010697 0.0874504001743882 
0.0874504001743882 0.121133230010697 0.6435101213853 0.147906248429615 
0.423050045049024 0.0397869980479946 0.106277336119817 0.430885620783164 

0.921521022521071 0.00633117017007647 0.000727514417213505 0.0714202928916386 
0.0130336389303982 0.984949155372241 0.00197592098951288 4.12847078474637e-05 
4.12847078474637e-05 0.00197592098951288 0.984949155372241 0.0130336389303982 
0.0714202928916386 0.000727514417213505 0.00633117017007647 0.921521022521071 


