4 5

0.139386091381311 0.360613908618689 0.360613908618689 0.139386091381311 

0.933793181262595 0.00251876994141448 0.00553981872545844 0.0581482300705315 
0.0112297556033137 0.971051337428284 0.0168128665136493 0.000906040454753088 
0.000906040454753088 0.0168128665136493 0.971051337428284 0.0112297556033137 
0.0581482300705315 0.00553981872545844 0.00251876994141448 0.933793181262595 

0.514161467555396 0.000458388981822979 0.0230361357501931 0.462344007712588 
0.00308488095458484 0.401106317960951 0.250675514824244 0.34513328626022 
0.34513328626022 0.250675514824244 0.401106317960951 0.00308488095458484 
0.462344007712588 0.0230361357501931 0.000458388981822979 0.514161467555396 

0.939478341192842 0.0383977570226128 0.0141529354060005 0.00797096637854483 
0.00516451405815002 0.963776109003686 0.0248526737656629 0.00620670317250114 
0.00620670317250114 0.0248526737656629 0.963776109003686 0.00516451405815002 
0.00797096637854483 0.0141529354060005 0.0383977570226128 0.939478341192842 

0.47893179048227 0.348809810935764 0.109823805137204 0.0624345934447617 
0.14996787834878 0.46296289467605 0.380434856271873 0.00663437070329768 
0.00663437070329768 0.380434856271873 0.46296289467605 0.14996787834878 
0.0624345934447617 0.109823805137204 0.348809810935764 0.47893179048227 

0.954719218927011 0.000678351056092038 0.0236397995941078 0.0209626304227888 
0.00507443790876316 0.948847950669616 0.017569404363993 0.0285082070576277 
0.0285082070576277 0.017569404363993 0.948847950669616 0.00507443790876316 
0.0209626304227888 0.0236397995941078 0.000678351056092038 0.954719218927011 


