4 5

0.311452356632799 0.188547643367201 0.188547643367201 0.311452356632799 

0.959065942479882 0.0280503609797196 0.005173754702439 0.00770994183795903 
0.016551301574418 0.94417045421985 0.000624535805610504 0.0386537084001211 
0.0386537084001211 0.000624535805610504 0.94417045421985 0.016551301574418 
0.00770994183795903 0.005173754702439 0.0280503609797196 0.959065942479882 

0.39051395028088 0.27307684700322 0.0404419760088493 0.295967226707051 
0.0966392831863281 0.495360081239886 0.364277975271238 0.0437226603025477 
0.0437226603025477 0.364277975271238 0.495360081239886 0.0966392831863281 
0.295967226707051 0.0404419760088493 0.27307684700322 0.39051395028088 

0.951014178106067 0.00683226490686372 0.0397396871965673 0.0024138697905019 
0.0473402089708066 0.951802861513764 0.000409282896225049 0.000447646619204108 
0.000447646619204108 0.000409282896225049 0.951802861513764 0.0473402089708066 
0.0024138697905019 0.0397396871965673 0.00683226490686372 0.951014178106067 

0.91957455209631 0.00604321676069331 0.0401068153249084 0.0342754158180883 
0.0102408231829397 0.0966279709259646 0.0647013260472633 0.828429879843832 
0.828429879843832 0.0647013260472633 0.0966279709259646 0.0102408231829397 
0.0342754158180883 0.0401068153249084 0.00604321676069331 0.91957455209631 

0.946595944614282 6.22818480688903e-06 0.0506251976827273 0.00277262951818386 
0.0416527568146363 0.95599457925974 0.000310419351036262 0.00204224457458757 
0.00204224457458757 0.000310419351036262 0.95599457925974 0.0416527568146363 
0.00277262951818386 0.0506251976827273 6.22818480688903e-06 0.946595944614282 


