4 5

0.361995062092319 0.138004937907681 0.138004937907681 0.361995062092319 

0.981831040932119 0.00647966234087708 0.00641945610228585 0.00526984062471808 
0.00316551934157834 0.922092447610549 0.00150727097326553 0.0732347620746075 
0.0732347620746075 0.00150727097326553 0.922092447610549 0.00316551934157834 
0.00526984062471808 0.00641945610228585 0.00647966234087708 0.981831040932119 

0.459207933925473 0.00384942117488366 0.110973164290654 0.42596948060899 
0.0317240089904181 0.832474102491321 0.132529799616045 0.00327208890221573 
0.00327208890221573 0.132529799616045 0.832474102491321 0.0317240089904181 
0.42596948060899 0.110973164290654 0.00384942117488366 0.459207933925473 

0.949293210059715 0.00491234912063426 0.00350820159989912 0.0422862392197516 
0.000270118883860722 0.954968999318316 0.0399322308691908 0.00482865092863208 
0.00482865092863208 0.0399322308691908 0.954968999318316 0.000270118883860722 
0.0422862392197516 0.00350820159989912 0.00491234912063426 0.949293210059715 

0.496451162441427 0.0345636908845565 0.00303070618956554 0.465954440484451 
0.0555457292864619 0.897661249828669 0.0330990229202901 0.0136939979645788 
0.0136939979645788 0.0330990229202901 0.897661249828669 0.0555457292864619 
0.465954440484451 0.00303070618956554 0.0345636908845565 0.496451162441427 

0.976782670042968 0.0228103834320027 6.05250228276014e-05 0.000346421502201488 
0.00372378492900566 0.926437044093253 0.00337349159200029 0.0664656793857409 
0.0664656793857409 0.00337349159200029 0.926437044093253 0.00372378492900566 
0.000346421502201488 6.05250228276014e-05 0.0228103834320027 0.976782670042968 


