4 5

0.416975539410487 0.0830244605895132 0.0830244605895132 0.416975539410487 

0.969988344255314 0.0258729762876033 0.00190820033721693 0.00223047911986568 
0.00163951912866717 0.934774094018479 0.0594732522347284 0.00411313461812584 
0.00411313461812584 0.0594732522347284 0.934774094018479 0.00163951912866717 
0.00223047911986568 0.00190820033721693 0.0258729762876033 0.969988344255314 

0.509338940043526 0.136101057924818 0.080057047251433 0.274502954780223 
0.212383118015528 0.497128806090302 0.279071202092762 0.0114168738014083 
0.0114168738014083 0.279071202092762 0.497128806090302 0.212383118015528 
0.274502954780223 0.080057047251433 0.136101057924818 0.509338940043526 

0.961342637977157 0.0352675580984078 0.000556793086831705 0.0028330108376039 
0.00166302280116927 0.941446567468425 0.0176969280598275 0.0391934816705786 
0.0391934816705786 0.0176969280598275 0.941446567468425 0.00166302280116927 
0.0028330108376039 0.000556793086831705 0.0352675580984078 0.961342637977157 

0.49773490524682 0.00475506828987493 0.0397066534775378 0.457803372985768 
0.139172447635672 0.736586393841744 0.0631200286459805 0.0611211298766032 
0.0611211298766032 0.0631200286459805 0.736586393841744 0.139172447635672 
0.457803372985768 0.0397066534775378 0.00475506828987493 0.49773490524682 

0.93981299036272 0.02275220351118 5.8594784972648e-05 0.0373762113411271 
0.00229233153096046 0.963608997778218 0.00821947542802987 0.025879195262792 
0.025879195262792 0.00821947542802987 0.963608997778218 0.00229233153096046 
0.0373762113411271 5.8594784972648e-05 0.02275220351118 0.93981299036272 


