4 5

0.0660482010571286 0.433951798942871 0.433951798942871 0.0660482010571286 

0.947840652650575 0.00347656704210533 0.000656276997666543 0.0480265033096535 
0.0265130006410864 0.956052838872702 0.0135885000731729 0.00384566041303895 
0.00384566041303895 0.0135885000731729 0.956052838872702 0.0265130006410864 
0.0480265033096535 0.000656276997666543 0.00347656704210533 0.947840652650575 

0.494265114262917 0.0135860383682092 0.408943605784205 0.0832052415846683 
0.038167688657106 0.454749310883102 0.0697068813651101 0.437376119094682 
0.437376119094682 0.0697068813651101 0.454749310883102 0.038167688657106 
0.0832052415846683 0.408943605784205 0.0135860383682092 0.494265114262917 

0.964343523286509 0.0032563698485697 0.000170379676150744 0.0322297271887705 
0.00107826076482778 0.940147056535893 0.0499207176829714 0.00885396501630806 
0.00885396501630806 0.0499207176829714 0.940147056535893 0.00107826076482778 
0.0322297271887705 0.000170379676150744 0.0032563698485697 0.964343523286509 

0.272629857538286 0.121588406245802 0.33537296442768 0.270408771788233 
0.00701492808831752 0.694737047972842 0.287405541634464 0.0108424823043766 
0.0108424823043766 0.287405541634464 0.694737047972842 0.00701492808831752 
0.270408771788233 0.33537296442768 0.121588406245802 0.272629857538286 

0.962424046564255 0.00710357508301373 0.00238003461779447 0.0280923437349373 
0.0516674599782445 0.940959636981204 0.0041879593251487 0.0031849437154024 
0.0031849437154024 0.0041879593251487 0.940959636981204 0.0516674599782445 
0.0280923437349373 0.00238003461779447 0.00710357508301373 0.962424046564255 


