4 5

0.274179274798371 0.225820725201629 0.225820725201629 0.274179274798371 

0.938425247042802 0.0576795786102921 0.00258089514626195 0.00131427920064431 
0.0017831085546321 0.964410634096053 0.000106830273857328 0.0336994270754576 
0.0336994270754576 0.000106830273857328 0.964410634096053 0.0017831085546321 
0.00131427920064431 0.00258089514626195 0.0576795786102921 0.938425247042802 

0.847934148302658 0.0712141727334019 0.0487189737736613 0.0321327051902788 
0.349559733633433 0.315922061178383 0.306933161887553 0.0275850433006316 
0.0275850433006316 0.306933161887553 0.315922061178383 0.349559733633433 
0.0321327051902788 0.0487189737736613 0.0712141727334019 0.847934148302658 

0.933843769457629 0.00409736433627681 0.0250516880321213 0.0370071781739724 
0.00913190987073354 0.970003561639361 0.0146434650346969 0.00622106345520855 
0.00622106345520855 0.0146434650346969 0.970003561639361 0.00913190987073354 
0.0370071781739724 0.0250516880321213 0.00409736433627681 0.933843769457629 

0.483350810360705 0.175307062845308 0.00382895666929092 0.337513170124696 
0.0678641279133955 0.500321944332149 0.426434772881404 0.00537915487305166 
0.00537915487305166 0.426434772881404 0.500321944332149 0.0678641279133955 
0.337513170124696 0.00382895666929092 0.175307062845308 0.483350810360705 

0.925827437102047 0.030596134288507 0.00187452309961892 0.0417019055098274 
0.0122195446058286 0.978734061067615 0.00370954516326516 0.00533684916329106 
0.00533684916329106 0.00370954516326516 0.978734061067615 0.0122195446058286 
0.0417019055098274 0.00187452309961892 0.030596134288507 0.925827437102047 


