4 5

0.0998130226507783 0.400186977349222 0.400186977349222 0.0998130226507783 

0.946262028974536 0.0199794177413134 0.00165943774975329 0.0320991155343968 
0.00133027157205143 0.956853821431681 0.00614580248640861 0.0356701045098592 
0.0356701045098592 0.00614580248640861 0.956853821431681 0.00133027157205143 
0.0320991155343968 0.00165943774975329 0.0199794177413134 0.946262028974536 

0.822318411994903 0.0709629343378878 0.0173590473729022 0.0893596062943072 
0.171852842965944 0.394809775182809 0.385640327338833 0.0476970545124136 
0.0476970545124136 0.385640327338833 0.394809775182809 0.171852842965944 
0.0893596062943072 0.0173590473729022 0.0709629343378878 0.822318411994903 

0.94191105257546 0.00103281046432323 0.0403108201493311 0.0167453168108856 
0.00116748135195973 0.96199444381607 0.00992698505905243 0.0269110897729179 
0.0269110897729179 0.00992698505905243 0.96199444381607 0.00116748135195973 
0.0167453168108856 0.0403108201493311 0.00103281046432323 0.94191105257546 

0.578418840153877 0.03842395777655 0.113167844977502 0.269989357092071 
0.14541378885119 0.350046995116551 0.346786961367694 0.157752254664565 
0.157752254664565 0.346786961367694 0.350046995116551 0.14541378885119 
0.269989357092071 0.113167844977502 0.03842395777655 0.578418840153877 

0.96419966812578 0.0160631642617878 0.00140775443002612 0.0183294131824062 
0.0347128767666529 0.939284148561458 0.013153165065753 0.0128498096061366 
0.0128498096061366 0.013153165065753 0.939284148561458 0.0347128767666529 
0.0183294131824062 0.00140775443002612 0.0160631642617878 0.96419966812578 


