4 5

0.308168972027488 0.191831027972512 0.191831027972512 0.308168972027488 

0.927481505185247 0.0333087096250379 0.0117186803885046 0.0274911048012101 
0.019613122168997 0.976719024977889 0.00353268152676461 0.000135171326349546 
0.000135171326349546 0.00353268152676461 0.976719024977889 0.019613122168997 
0.0274911048012101 0.0117186803885046 0.0333087096250379 0.927481505185247 

0.6183156103962 0.241965348736049 0.123387767082335 0.0163312737854168 
0.433661736231841 0.288071306285567 0.214634631831644 0.0636323256509481 
0.0636323256509481 0.214634631831644 0.288071306285567 0.433661736231841 
0.0163312737854168 0.123387767082335 0.241965348736049 0.6183156103962 

0.911481075608538 0.0829175058124453 0.00234576493057217 0.00325565364844482 
0.00496020259265378 0.993170465957683 0.00167284488497033 0.000196486564692898 
0.000196486564692898 0.00167284488497033 0.993170465957683 0.00496020259265378 
0.00325565364844482 0.00234576493057217 0.0829175058124453 0.911481075608538 

0.47704602459167 0.0149380180695393 0.203177964464372 0.304837992874419 
0.00139124884098902 0.49963483934598 0.479261347505324 0.0197125643077072 
0.0197125643077072 0.479261347505324 0.49963483934598 0.00139124884098902 
0.304837992874419 0.203177964464372 0.0149380180695393 0.47704602459167 

0.937967836104861 0.00186070207906618 0.0587489587266942 0.00142250308937852 
0.000607687571044929 0.96619608419335 0.00978041701663568 0.0234158112189697 
0.0234158112189697 0.00978041701663568 0.96619608419335 0.000607687571044929 
0.00142250308937852 0.0587489587266942 0.00186070207906618 0.937967836104861 


