4 5

0.121306436718442 0.378693563281558 0.378693563281558 0.121306436718442 

0.971607424471005 0.0268700008445118 0.00134715880681667 0.000175415877666618 
0.000442893078658156 0.93138542350044 0.00055714260208084 0.0676145408188206 
0.0676145408188206 0.00055714260208084 0.93138542350044 0.000442893078658156 
0.000175415877666618 0.00134715880681667 0.0268700008445118 0.971607424471005 

0.418908941159812 0.0733148388683987 0.102320475133156 0.405455744838633 
0.257705317305343 0.335239374241461 0.00616175545689493 0.400893552996301 
0.400893552996301 0.00616175545689493 0.335239374241461 0.257705317305343 
0.405455744838633 0.102320475133156 0.0733148388683987 0.418908941159812 

0.950980145627367 0.033275884204864 0.00418853165755645 0.0115554385102121 
0.027905081014753 0.952591658338038 0.00410525842451975 0.0153980022226891 
0.0153980022226891 0.00410525842451975 0.952591658338038 0.027905081014753 
0.0115554385102121 0.00418853165755645 0.033275884204864 0.950980145627367 

0.669129760343181 0.00202585731521935 0.0371652072135634 0.291679175128036 
0.0191638023396764 0.221723321531915 0.168147578871048 0.590965297257361 
0.590965297257361 0.168147578871048 0.221723321531915 0.0191638023396764 
0.291679175128036 0.0371652072135634 0.00202585731521935 0.669129760343181 

0.936962010392285 0.00027033533261558 0.000836515620009169 0.0619311386550907 
0.00455639555400337 0.968006341385388 0.0179524661557519 0.00948479690485645 
0.00948479690485645 0.0179524661557519 0.968006341385388 0.00455639555400337 
0.0619311386550907 0.000836515620009169 0.00027033533261558 0.936962010392285 


