4 5

0.155016684671864 0.344983315328136 0.344983315328136 0.155016684671864 

0.965052933283077 0.0039913806429009 4.99912098584198e-05 0.0309056948641634 
0.000436813088950737 0.938376300215958 0.0235808190028412 0.0376060676922497 
0.0376060676922497 0.0235808190028412 0.938376300215958 0.000436813088950737 
0.0309056948641634 4.99912098584198e-05 0.0039913806429009 0.965052933283077 

0.311823332289618 0.422836334531815 0.0972826207275606 0.168057712451007 
0.152449869965698 0.576629482598771 0.258510508158254 0.0124101392772767 
0.0124101392772767 0.258510508158254 0.576629482598771 0.152449869965698 
0.168057712451007 0.0972826207275606 0.422836334531815 0.311823332289618 

0.977659603248122 0.00155562338067587 2.7902527854191e-05 0.0207568708433483 
0.00100509144328218 0.928404731405718 0.0705009492455826 8.92279054175616e-05 
8.92279054175616e-05 0.0705009492455826 0.928404731405718 0.00100509144328218 
0.0207568708433483 2.7902527854191e-05 0.00155562338067587 0.977659603248122 

0.518219593217246 0.00263359233046681 0.0499263641198004 0.429220450332487 
0.0870499530284442 0.349585064901281 0.203706189247696 0.359658792822579 
0.359658792822579 0.203706189247696 0.349585064901281 0.0870499530284442 
0.429220450332487 0.0499263641198004 0.00263359233046681 0.518219593217246 

0.962102323927374 0.0092935578784995 0.000661855226501312 0.0279422629676246 
0.00567476338077647 0.942112233589796 0.0471702415401239 0.00504276148930324 
0.00504276148930324 0.0471702415401239 0.942112233589796 0.00567476338077647 
0.0279422629676246 0.000661855226501312 0.0092935578784995 0.962102323927374 


