4 5

0.300131930038333 0.199868069961667 0.199868069961667 0.300131930038333 

0.928645987288551 0.00739295348026336 0.0504784944043437 0.0134825648268422 
0.00195157467039568 0.975013875265456 0.0153544264516269 0.0076801236125212 
0.0076801236125212 0.0153544264516269 0.975013875265456 0.00195157467039568 
0.0134825648268422 0.0504784944043437 0.00739295348026336 0.928645987288551 

0.421626153743075 0.07543928696317 0.391818909416925 0.11111564987683 
0.00805808972900962 0.630735195251955 0.100605377875161 0.260601337143874 
0.260601337143874 0.100605377875161 0.630735195251955 0.00805808972900962 
0.11111564987683 0.391818909416925 0.07543928696317 0.421626153743075 

0.959270633946735 0.0400045956536285 0.000156948409806883 0.000567821989829298 
0.00198474859341553 0.943347176255783 0.00383417086509785 0.0508339042857036 
0.0508339042857036 0.00383417086509785 0.943347176255783 0.00198474859341553 
0.000567821989829298 0.000156948409806883 0.0400045956536285 0.959270633946735 

0.558620023807587 0.00620253374426635 0.433499239619002 0.00167820282914455 
0.00284937332066562 0.552036043292207 0.0995847944110235 0.345529788976104 
0.345529788976104 0.0995847944110235 0.552036043292207 0.00284937332066562 
0.00167820282914455 0.433499239619002 0.00620253374426635 0.558620023807587 

0.917156519139597 0.00419905968640408 0.074579416121946 0.00406500505205337 
0.00625420095444462 0.986667170984512 0.00653029151942569 0.000548336541618125 
0.000548336541618125 0.00653029151942569 0.986667170984512 0.00625420095444462 
0.00406500505205337 0.074579416121946 0.00419905968640408 0.917156519139597 


