4 5

0.302813866757788 0.197186133242212 0.197186133242212 0.302813866757788 

0.919354736964723 0.00304678587881649 0.0689107307962755 0.00868774636018538 
0.000941778398942916 0.985286311369795 1.69035293746123e-05 0.0137550067018871 
0.0137550067018871 1.69035293746123e-05 0.985286311369795 0.000941778398942916 
0.00868774636018538 0.0689107307962755 0.00304678587881649 0.919354736964723 

0.108003300753478 0.656455667880069 0.164166738794543 0.0713742925719109 
0.10313156217212 0.839069789078374 0.0132023374925394 0.0445963112569663 
0.0445963112569663 0.0132023374925394 0.839069789078374 0.10313156217212 
0.0713742925719109 0.164166738794543 0.656455667880069 0.108003300753478 

0.988140192803892 2.30011621101892e-06 0.000344379727230592 0.0115131273526665 
0.00165257213238451 0.919156403849201 0.0789483310467149 0.000242692971699823 
0.000242692971699823 0.0789483310467149 0.919156403849201 0.00165257213238451 
0.0115131273526665 0.000344379727230592 2.30011621101892e-06 0.988140192803892 

0.555945877934759 0.0158888209532957 0.269219457083229 0.158945844028716 
0.0856683982327458 0.388998358562474 0.29887412683446 0.22645911637032 
0.22645911637032 0.29887412683446 0.388998358562474 0.0856683982327458 
0.158945844028716 0.269219457083229 0.0158888209532957 0.555945877934759 

0.951829282351334 0.00402202992088112 0.000173175669378752 0.0439755120584064 
2.00258816779441e-05 0.952120979433897 0.0301456777966354 0.0177133168877895 
0.0177133168877895 0.0301456777966354 0.952120979433897 2.00258816779441e-05 
0.0439755120584064 0.000173175669378752 0.00402202992088112 0.951829282351334 


