4 5

0.0693432559492067 0.430656744050793 0.430656744050793 0.0693432559492067 

0.961485845165335 0.00030785876142184 6.7545996597886e-06 0.0381995414735833 
0.000175355391042792 0.943351199507079 0.0536214616240179 0.0028519834778607 
0.0028519834778607 0.0536214616240179 0.943351199507079 0.000175355391042792 
0.0381995414735833 6.7545996597886e-06 0.00030785876142184 0.961485845165335 

0.514159697801641 0.380242564642459 0.0122995692548474 0.0932981683010532 
0.370164996887101 0.471443399498671 0.152503766439957 0.00588783717427097 
0.00588783717427097 0.152503766439957 0.471443399498671 0.370164996887101 
0.0932981683010532 0.0122995692548474 0.380242564642459 0.514159697801641 

0.930928227224185 0.0128324267431947 0.0432892337474692 0.0129501122851515 
0.00412747745942276 0.972522865120047 0.0183032619914754 0.00504639542905473 
0.00504639542905473 0.0183032619914754 0.972522865120047 0.00412747745942276 
0.0129501122851515 0.0432892337474692 0.0128324267431947 0.930928227224185 

0.551604895807103 0.0205904289740795 0.00881178724367325 0.418992887975144 
0.213859524008485 0.36789270989343 0.354100879399099 0.064146886698986 
0.064146886698986 0.354100879399099 0.36789270989343 0.213859524008485 
0.418992887975144 0.00881178724367325 0.0205904289740795 0.551604895807103 

0.946199499488933 0.0209338304688267 0.00180492820953117 0.0310617418327096 
0.000670017051566014 0.956896885724169 0.00963898663273449 0.0327941105915309 
0.0327941105915309 0.00963898663273449 0.956896885724169 0.000670017051566014 
0.0310617418327096 0.00180492820953117 0.0209338304688267 0.946199499488933 


