4 5

0.00255912297870964 0.49744087702129 0.49744087702129 0.00255912297870964 

0.945008522774617 3.8597396097931e-05 0.0131072134390881 0.0418456663901965 
0.0118357898220302 0.958817316476172 0.0258480989351886 0.00349879476660949 
0.00349879476660949 0.0258480989351886 0.958817316476172 0.0118357898220302 
0.0418456663901965 0.0131072134390881 3.8597396097931e-05 0.945008522774617 

0.721655630346486 0.035570078513519 0.076937291514121 0.165836999625874 
0.0196778994985634 0.510791104267979 0.465339675462549 0.00419132077090919 
0.00419132077090919 0.465339675462549 0.510791104267979 0.0196778994985634 
0.165836999625874 0.076937291514121 0.035570078513519 0.721655630346486 

0.982627717967262 0.0159840373193462 0.000960349363062183 0.000427895350329111 
0.0160530055614985 0.921287739613336 0.0172685035584117 0.0453907512667539 
0.0453907512667539 0.0172685035584117 0.921287739613336 0.0160530055614985 
0.000427895350329111 0.000960349363062183 0.0159840373193462 0.982627717967262 

0.227368752660463 0.655226116983493 0.0272625276411397 0.0901426027149048 
0.0499439468297155 0.892367830593515 0.0567336181361442 0.000954604440625673 
0.000954604440625673 0.0567336181361442 0.892367830593515 0.0499439468297155 
0.0901426027149048 0.0272625276411397 0.655226116983493 0.227368752660463 

0.991553279331359 0.000349932475895195 0.000974239114445067 0.00712254907830034 
0.0328994680778979 0.913124319278323 0.030891228752073 0.0230849838917061 
0.0230849838917061 0.030891228752073 0.913124319278323 0.0328994680778979 
0.00712254907830034 0.000974239114445067 0.000349932475895195 0.991553279331359 


