4 5

0.245886780903675 0.254113219096325 0.254113219096325 0.245886780903675 

0.978000626918236 0.00583404857283166 0.0022804930266621 0.0138848314822702 
0.0161833836007656 0.925561862881132 0.0123523405164759 0.0459024130016265 
0.0459024130016265 0.0123523405164759 0.925561862881132 0.0161833836007656 
0.0138848314822702 0.0022804930266621 0.00583404857283166 0.978000626918236 

0.399773040753994 0.0921078195023571 0.108739096675488 0.399380043068161 
0.00276406303852348 0.909588612092909 0.0685208594216307 0.0191264654469367 
0.0191264654469367 0.0685208594216307 0.909588612092909 0.00276406303852348 
0.399380043068161 0.108739096675488 0.0921078195023571 0.399773040753994 

0.936748585812711 0.0290581473270719 0.0100459612873828 0.0241473055728341 
0.000311194948359277 0.966554819079871 0.00468381130797824 0.028450174663792 
0.028450174663792 0.00468381130797824 0.966554819079871 0.000311194948359277 
0.0241473055728341 0.0100459612873828 0.0290581473270719 0.936748585812711 

0.639594671232839 0.137778493956537 0.0135346276514391 0.209092207159185 
0.0535254311380093 0.478906000362404 0.46427562770952 0.00329294079006617 
0.00329294079006617 0.46427562770952 0.478906000362404 0.0535254311380093 
0.209092207159185 0.0135346276514391 0.137778493956537 0.639594671232839 

0.941610676434908 0.00258604519402966 0.000414486069708119 0.055388792301354 
0.000293085373662594 0.96321334136191 0.0339582648187101 0.00253530844571745 
0.00253530844571745 0.0339582648187101 0.96321334136191 0.000293085373662594 
0.055388792301354 0.000414486069708119 0.00258604519402966 0.941610676434908 


