4 5

0.131258472451009 0.368741527548991 0.368741527548991 0.131258472451009 

0.931216158665736 0.0667425335702421 4.43021936270549e-05 0.00199700557039478 
0.0254719350292064 0.973501205535749 0.00100904616497849 1.7813270065942e-05 
1.7813270065942e-05 0.00100904616497849 0.973501205535749 0.0254719350292064 
0.00199700557039478 4.43021936270549e-05 0.0667425335702421 0.931216158665736 

0.396798826983827 0.163878373533411 0.0913729508023569 0.347949848680406 
0.0324830276395869 0.783200911019724 0.122625346923312 0.0616907144173774 
0.0616907144173774 0.122625346923312 0.783200911019724 0.0324830276395869 
0.347949848680406 0.0913729508023569 0.163878373533411 0.396798826983827 

0.954044409750519 0.00219632575709597 0.0431268204309248 0.000632444061459791 
0.0445230225844894 0.94881763055572 0.000204800971871866 0.00645454588791912 
0.00645454588791912 0.000204800971871866 0.94881763055572 0.0445230225844894 
0.000632444061459791 0.0431268204309248 0.00219632575709597 0.954044409750519 

0.620222032817472 0.0169378092573496 0.00121214556543891 0.361628012359739 
0.000784102226769359 0.522192952192696 0.432481284672153 0.0445416609083819 
0.0445416609083819 0.432481284672153 0.522192952192696 0.000784102226769359 
0.361628012359739 0.00121214556543891 0.0169378092573496 0.620222032817472 

0.919416540548178 0.0250402235758975 0.0042448769341096 0.051298358941815 
1.16955344253608e-05 0.985781170706418 0.0142058782249002 1.25553425601643e-06 
1.25553425601643e-06 0.0142058782249002 0.985781170706418 1.16955344253608e-05 
0.051298358941815 0.0042448769341096 0.0250402235758975 0.919416540548178 


