4 5

0.125077362870798 0.374922637129202 0.374922637129202 0.125077362870798 

0.979155302352695 0.000118440807276542 0.0196228503795899 0.00110340646043838 
7.17528971353083e-05 0.925520031628771 0.0330483038213755 0.0413599116527178 
0.0413599116527178 0.0330483038213755 0.925520031628771 7.17528971353083e-05 
0.00110340646043838 0.0196228503795899 0.000118440807276542 0.979155302352695 

0.608274691259974 0.205018506363737 0.0309250279563095 0.155781774419979 
0.232982247832924 0.319517019966373 0.290149896030466 0.157350836170237 
0.157350836170237 0.290149896030466 0.319517019966373 0.232982247832924 
0.155781774419979 0.0309250279563095 0.205018506363737 0.608274691259974 

0.930603616740578 0.0241741946437129 0.00142015067332076 0.0438020379423881 
0.00770863759857766 0.973701175838072 0.0146467351724781 0.00394345139087248 
0.00394345139087248 0.0146467351724781 0.973701175838072 0.00770863759857766 
0.0438020379423881 0.00142015067332076 0.0241741946437129 0.930603616740578 

0.590449251938978 0.0239227029723193 0.131237168974548 0.254390876114154 
0.000366258319098573 0.496530513421872 0.493381009170361 0.0097222190886684 
0.0097222190886684 0.493381009170361 0.496530513421872 0.000366258319098573 
0.254390876114154 0.131237168974548 0.0239227029723193 0.590449251938978 

0.996209394443622 1.74020459587606e-05 0.0023789197346881 0.0013942837757307 
0.0238595791175464 0.910505258053539 0.0635823811044507 0.00205278172446427 
0.00205278172446427 0.0635823811044507 0.910505258053539 0.0238595791175464 
0.0013942837757307 0.0023789197346881 1.74020459587606e-05 0.996209394443622 


