4 5

0.247703381231986 0.252296618768014 0.252296618768014 0.247703381231986 

0.949436309858534 0.000822912346407537 0.0406570113729417 0.00908376642211645 
0.0114548451234597 0.953694242407841 0.03481084976424 4.00627044596837e-05 
4.00627044596837e-05 0.03481084976424 0.953694242407841 0.0114548451234597 
0.00908376642211645 0.0406570113729417 0.000822912346407537 0.949436309858534 

0.410677972180639 0.231415655660438 0.00524015924911468 0.352666212909809 
0.0474270611188888 0.490062206948172 0.430155494042129 0.0323552378908109 
0.0323552378908109 0.430155494042129 0.490062206948172 0.0474270611188888 
0.352666212909809 0.00524015924911468 0.231415655660438 0.410677972180639 

0.923794923550954 0.0227240745316947 0.0521141819699658 0.00136681994738563 
0.00452779235972021 0.979808968618261 0.0133255077638461 0.00233773125817273 
0.00233773125817273 0.0133255077638461 0.979808968618261 0.00452779235972021 
0.00136681994738563 0.0521141819699658 0.0227240745316947 0.923794923550954 

0.850944000000852 0.0650509826110453 0.0574350407176281 0.0265699766704746 
0.0139007882399211 0.492473806443679 0.492293818675299 0.00133158664110089 
0.00133158664110089 0.492293818675299 0.492473806443679 0.0139007882399211 
0.0265699766704746 0.0574350407176281 0.0650509826110453 0.850944000000852 

0.91896044883735 0.00743812088190852 8.2968574145378e-05 0.0735184617065957 
0.000476320050733336 0.987841408818052 0.00905665957250884 0.00262561155870594 
0.00262561155870594 0.00905665957250884 0.987841408818052 0.000476320050733336 
0.0735184617065957 8.2968574145378e-05 0.00743812088190852 0.91896044883735 


