4 5

0.288364625885151 0.211635374114849 0.211635374114849 0.288364625885151 

0.955678029392336 0.00215500939928151 0.0231244919353608 0.0190424692730213 
0.000255658267161895 0.948374844196613 0.0511339356017995 0.000235561934425311 
0.000235561934425311 0.0511339356017995 0.948374844196613 0.000255658267161895 
0.0190424692730213 0.0231244919353608 0.00215500939928151 0.955678029392336 

0.468379948940393 0.00640112379204235 0.0575108897160044 0.467708037551561 
0.0180072363351571 0.577481352056823 0.384961823551306 0.0195495880567132 
0.0195495880567132 0.384961823551306 0.577481352056823 0.0180072363351571 
0.467708037551561 0.0575108897160044 0.00640112379204235 0.468379948940393 

0.948111576023749 6.61136077528554e-05 0.0138186893487601 0.0380036210197376 
0.00779192645709908 0.955790432057721 0.0355278017502532 0.000889839734926792 
0.000889839734926792 0.0355278017502532 0.955790432057721 0.00779192645709908 
0.0380036210197376 0.0138186893487601 6.61136077528554e-05 0.948111576023749 

0.741482965110995 0.0131439355423192 0.193279943036521 0.0520931563101641 
0.00378696537751758 0.394628621049579 0.322588112821975 0.278996300750929 
0.278996300750929 0.322588112821975 0.394628621049579 0.00378696537751758 
0.0520931563101641 0.193279943036521 0.0131439355423192 0.741482965110995 

0.965793229963007 0.00209440083558499 0.0281063439085184 0.00400602529288963 
0.00548305114308107 0.938476688059574 0.00206042681695129 0.0539798339803939 
0.0539798339803939 0.00206042681695129 0.938476688059574 0.00548305114308107 
0.00400602529288963 0.0281063439085184 0.00209440083558499 0.965793229963007 


