4 5

0.265180388698354 0.234819611301646 0.234819611301646 0.265180388698354 

0.92989644838735 0.000119504253765847 0.000463080288246696 0.0695209670706375 
0.012366750154807 0.97583567801943 0.00998513561830655 0.00181243620745642 
0.00181243620745642 0.00998513561830655 0.97583567801943 0.012366750154807 
0.0695209670706375 0.000463080288246696 0.000119504253765847 0.92989644838735 

0.489425219943031 0.0429896403337258 0.110986089579973 0.356599050143271 
0.0194288180798689 0.431610646575114 0.327749661348075 0.221210873996941 
0.221210873996941 0.327749661348075 0.431610646575114 0.0194288180798689 
0.356599050143271 0.110986089579973 0.0429896403337258 0.489425219943031 

0.937969136559782 0.0503043995649617 0.00101872613027128 0.0107077377449845 
0.0321067249930273 0.96646246645328 0.000987830601367867 0.000442977952324904 
0.000442977952324904 0.000987830601367867 0.96646246645328 0.0321067249930273 
0.0107077377449845 0.00101872613027128 0.0503043995649617 0.937969136559782 

0.541397640150474 0.168375429778065 0.113258227512657 0.176968702558805 
0.259500520041153 0.259136916639113 0.253772097334327 0.227590465985407 
0.227590465985407 0.253772097334327 0.259136916639113 0.259500520041153 
0.176968702558805 0.113258227512657 0.168375429778065 0.541397640150474 

0.969207066775279 0.00556427978140023 0.000256894099536389 0.0249717593437848 
0.0604542872321057 0.934243740020972 0.00147868165230153 0.00382329109462046 
0.00382329109462046 0.00147868165230153 0.934243740020972 0.0604542872321057 
0.0249717593437848 0.000256894099536389 0.00556427978140023 0.969207066775279 


