4 5

0.0553450080333278 0.444654991966672 0.444654991966672 0.0553450080333278 

0.976556696213536 0.0129729757782913 0.00646673917369001 0.00400358883448315 
0.0253762792526585 0.927191282706264 0.00815263579860287 0.039279802242475 
0.039279802242475 0.00815263579860287 0.927191282706264 0.0253762792526585 
0.00400358883448315 0.00646673917369001 0.0129729757782913 0.976556696213536 

0.469866118430076 0.298433906150296 0.0272329258204009 0.204467049599227 
0.458326403455958 0.500445881965966 0.0363123809589188 0.00491533361915708 
0.00491533361915708 0.0363123809589188 0.500445881965966 0.458326403455958 
0.204467049599227 0.0272329258204009 0.298433906150296 0.469866118430076 

0.948597395859965 0.00126439585068464 0.00971003347304053 0.0404281748163101 
0.00574506039496572 0.955183271839548 0.0231968084659439 0.0158748592995428 
0.0158748592995428 0.0231968084659439 0.955183271839548 0.00574506039496572 
0.0404281748163101 0.00971003347304053 0.00126439585068464 0.948597395859965 

0.227369814579664 0.298066328464945 0.261415689106023 0.213148167849367 
0.149608690323094 0.435251904789659 0.308124320672433 0.107015084214814 
0.107015084214814 0.308124320672433 0.435251904789659 0.149608690323094 
0.213148167849367 0.261415689106023 0.298066328464945 0.227369814579664 

0.923184295061896 0.00121806194767987 9.26687953988729e-05 0.0755049741950249 
3.78761481251368e-05 0.98351942499363 0.0139010123834898 0.00254168647475492 
0.00254168647475492 0.0139010123834898 0.98351942499363 3.78761481251368e-05 
0.0755049741950249 9.26687953988729e-05 0.00121806194767987 0.923184295061896 


