4 5

0.36764073651284 0.13235926348716 0.13235926348716 0.36764073651284 

0.964881337235025 0.00232198911582662 0.0252820121018201 0.00751466154732788 
2.09852832030789e-05 0.939712227889085 0.0597005969312147 0.000566189896497671 
0.000566189896497671 0.0597005969312147 0.939712227889085 2.09852832030789e-05 
0.00751466154732788 0.0252820121018201 0.00232198911582662 0.964881337235025 

0.752760607172012 0.0208815825695136 0.122318913888127 0.104038896370348 
0.0334310140155088 0.429611028942988 0.415792826038694 0.121165131002809 
0.121165131002809 0.415792826038694 0.429611028942988 0.0334310140155088 
0.104038896370348 0.122318913888127 0.0208815825695136 0.752760607172012 

0.953472650820677 0.000107293321398661 0.0304623499701825 0.0159577058877414 
0.000102532830996733 0.950244513189312 0.036209646911996 0.0134433070676956 
0.0134433070676956 0.036209646911996 0.950244513189312 0.000102532830996733 
0.0159577058877414 0.0304623499701825 0.000107293321398661 0.953472650820677 

0.465522444693741 0.0662164636036844 0.00838313929757546 0.459877952404999 
0.0224089239985629 0.606151590358508 0.371101604211838 0.000337881431090625 
0.000337881431090625 0.371101604211838 0.606151590358508 0.0224089239985629 
0.459877952404999 0.00838313929757546 0.0662164636036844 0.465522444693741 

0.924778895298489 0.0644588961218397 0.000705326196411699 0.0100568823832598 
0.0122831702963842 0.979351414124825 0.0017643437238955 0.00660107185489495 
0.00660107185489495 0.0017643437238955 0.979351414124825 0.0122831702963842 
0.0100568823832598 0.000705326196411699 0.0644588961218397 0.924778895298489 


