4 5

0.32997413398698 0.17002586601302 0.17002586601302 0.32997413398698 

0.968143269057958 0.0123415399760503 0.000534455799356669 0.018980735166635 
0.000175175818490504 0.935708824898951 0.0415228737169309 0.0225931255656273 
0.0225931255656273 0.0415228737169309 0.935708824898951 0.000175175818490504 
0.018980735166635 0.000534455799356669 0.0123415399760503 0.968143269057958 

0.496805028936221 0.0273150915421213 0.192627927813307 0.283251951708351 
0.0360929730692456 0.538888528268256 0.285198172566407 0.139820326096092 
0.139820326096092 0.285198172566407 0.538888528268256 0.0360929730692456 
0.283251951708351 0.192627927813307 0.0273150915421213 0.496805028936221 

0.923394038952377 0.0725733329481096 0.000843232430494126 0.00318939566901899 
0.000210147759651907 0.979944263470364 0.00526266110087414 0.0145829276691102 
0.0145829276691102 0.00526266110087414 0.979944263470364 0.000210147759651907 
0.00318939566901899 0.000843232430494126 0.0725733329481096 0.923394038952377 

0.512298079582403 0.0182952596389204 0.00426085695555144 0.465145803823125 
0.0320208903355149 0.679685122576555 0.0990879097869494 0.189206077300981 
0.189206077300981 0.0990879097869494 0.679685122576555 0.0320208903355149 
0.465145803823125 0.00426085695555144 0.0182952596389204 0.512298079582403 

0.955294703945638 0.015144499993626 0.027542000584703 0.00201879547603268 
0.0112188111421992 0.948145104098856 0.0337861464799334 0.00684993827901115 
0.00684993827901115 0.0337861464799334 0.948145104098856 0.0112188111421992 
0.00201879547603268 0.027542000584703 0.015144499993626 0.955294703945638 


