4 5

0.178932677721605 0.321067322278395 0.321067322278395 0.178932677721605 

0.939788826168009 0.00346741935629368 0.00950060627889349 0.0472431481968037 
0.0068881834183709 0.964287887596287 0.00964909882995901 0.0191748301553827 
0.0191748301553827 0.00964909882995901 0.964287887596287 0.0068881834183709 
0.0472431481968037 0.00950060627889349 0.00346741935629368 0.939788826168009 

0.778888978837132 0.00353105022945608 0.0698546498453747 0.147725321088037 
0.00283589082203808 0.448532877621538 0.437013339018289 0.111617892538135 
0.111617892538135 0.437013339018289 0.448532877621538 0.00283589082203808 
0.147725321088037 0.0698546498453747 0.00353105022945608 0.778888978837132 

0.948620729026044 0.0232721935746925 0.00961024000399471 0.0184968373952685 
0.0031008597835801 0.954656804221375 0.0288454767508207 0.0133968592442241 
0.0133968592442241 0.0288454767508207 0.954656804221375 0.0031008597835801 
0.0184968373952685 0.00961024000399471 0.0232721935746925 0.948620729026044 

0.819875657983036 0.00721807654931961 0.109207738452428 0.0636985270152159 
0.000403547001798622 0.496489067680976 0.495440900077217 0.00766648524000896 
0.00766648524000896 0.495440900077217 0.496489067680976 0.000403547001798622 
0.0636985270152159 0.109207738452428 0.00721807654931961 0.819875657983036 

0.941403841655351 0.0529768132202204 0.00547478289791402 0.000144562226514156 
0.00311631714959813 0.961519116964705 0.00358636032225784 0.0317782055634387 
0.0317782055634387 0.00358636032225784 0.961519116964705 0.00311631714959813 
0.000144562226514156 0.00547478289791402 0.0529768132202204 0.941403841655351 


