4 5

0.0913840683642775 0.408615931635723 0.408615931635723 0.0913840683642775 

0.913152672227115 0.00077453579657686 0.0138422711059163 0.0722305208703916 
0.000943865371498435 0.9940211169702 0.00500429741814956 3.07202401515461e-05 
3.07202401515461e-05 0.00500429741814956 0.9940211169702 0.000943865371498435 
0.0722305208703916 0.0138422711059163 0.00077453579657686 0.913152672227115 

0.461314484971587 0.270300479645303 0.0816476609006147 0.186737374482496 
0.29033457627238 0.448696100458836 0.253723462100762 0.00724586116802131 
0.00724586116802131 0.253723462100762 0.448696100458836 0.29033457627238 
0.186737374482496 0.0816476609006147 0.270300479645303 0.461314484971587 

0.979815010036792 7.6178811910025e-05 0.0191890591149644 0.000919752036333599 
0.00167506611958642 0.92475132256222 0.0224102996140562 0.0511633117041375 
0.0511633117041375 0.0224102996140562 0.92475132256222 0.00167506611958642 
0.000919752036333599 0.0191890591149644 7.6178811910025e-05 0.979815010036792 

0.5887444091314 0.0115073396656343 0.0163959798371396 0.383352271365826 
0.0132250745890764 0.250142135249455 0.238111195058567 0.498521595102901 
0.498521595102901 0.238111195058567 0.250142135249455 0.0132250745890764 
0.383352271365826 0.0163959798371396 0.0115073396656343 0.5887444091314 

0.966461695630068 0.00250829972431908 0.00164048917818662 0.0293895154674259 
0.0324395196785934 0.936920144155158 0.0165294483460129 0.0141108878202355 
0.0141108878202355 0.0165294483460129 0.936920144155158 0.0324395196785934 
0.0293895154674259 0.00164048917818662 0.00250829972431908 0.966461695630068 


