4 5

0.366555093438365 0.133444906561635 0.133444906561635 0.366555093438365 

0.943562382779179 0.00283295557526142 0.00978224409082851 0.0438224175547313 
0.00561323911906697 0.960328230552018 0.00346395210593686 0.0305945782229785 
0.0305945782229785 0.00346395210593686 0.960328230552018 0.00561323911906697 
0.0438224175547313 0.00978224409082851 0.00283295557526142 0.943562382779179 

0.496944900546638 0.00863617476199431 0.0617842859767031 0.432634638714665 
0.00211428210342367 0.691073893904461 0.263161849618734 0.0436499743733808 
0.0436499743733808 0.263161849618734 0.691073893904461 0.00211428210342367 
0.432634638714665 0.0617842859767031 0.00863617476199431 0.496944900546638 

0.957198535052502 0.000270306098002354 0.00209322497824951 0.0404379338712463 
2.83830896973693e-05 0.947541797446971 0.0514421253878404 0.000987694075491331 
0.000987694075491331 0.0514421253878404 0.947541797446971 2.83830896973693e-05 
0.0404379338712463 0.00209322497824951 0.000270306098002354 0.957198535052502 

0.597900516025213 0.00234311949276594 0.00288275239006092 0.39687361209196 
0.283160102652717 0.337866173499917 0.0350518419919419 0.343921881855424 
0.343921881855424 0.0350518419919419 0.337866173499917 0.283160102652717 
0.39687361209196 0.00288275239006092 0.00234311949276594 0.597900516025213 

0.989332259639603 0.00284257110416828 0.00697048920115786 0.000854680055070445 
0.00185401982931683 0.917001133535712 0.0647657795853909 0.0163790670495801 
0.0163790670495801 0.0647657795853909 0.917001133535712 0.00185401982931683 
0.000854680055070445 0.00697048920115786 0.00284257110416828 0.989332259639603 


