4 5

0.303271652548574 0.196728347451426 0.196728347451426 0.303271652548574 

0.952728370765746 0.019872148119776 0.0163773666365295 0.0110221144779487 
0.0353078467051461 0.950625638627773 0.0127476331540268 0.00131888151305393 
0.00131888151305393 0.0127476331540268 0.950625638627773 0.0353078467051461 
0.0110221144779487 0.0163773666365295 0.019872148119776 0.952728370765746 

0.507188394846411 0.16189366269844 0.179600399258969 0.15131754319618 
0.0381861579903707 0.414818871745215 0.409619438681292 0.137375531583122 
0.137375531583122 0.409619438681292 0.414818871745215 0.0381861579903707 
0.15131754319618 0.179600399258969 0.16189366269844 0.507188394846411 

0.919816039303919 0.00341992481165061 0.0724854395458275 0.00427859633860328 
0.000277031250476712 0.984857023458565 0.000527437532806319 0.0143385077581517 
0.0143385077581517 0.000527437532806319 0.984857023458565 0.000277031250476712 
0.00427859633860328 0.0724854395458275 0.00341992481165061 0.919816039303919 

0.494022935845565 0.00226130989083038 0.181416306452866 0.322299447810739 
0.0199482287269944 0.481601754648828 0.415433235240118 0.0830167813840596 
0.0830167813840596 0.415433235240118 0.481601754648828 0.0199482287269944 
0.322299447810739 0.181416306452866 0.00226130989083038 0.494022935845565 

0.948353434923573 0.000142882031766838 0.00869356116426621 0.0428101218803937 
0.0136000133767242 0.955556467410241 0.0298827986043459 0.000960720608689086 
0.000960720608689086 0.0298827986043459 0.955556467410241 0.0136000133767242 
0.0428101218803937 0.00869356116426621 0.000142882031766838 0.948353434923573 


