4 5

0.0633019697852433 0.436698030214757 0.436698030214757 0.0633019697852433 

0.939694161636105 0.0180598149227884 0.00293647106758891 0.0393095523735173 
0.0236916899814843 0.964252882887314 0.00926028836770615 0.00279513876349516 
0.00279513876349516 0.00926028836770615 0.964252882887314 0.0236916899814843 
0.0393095523735173 0.00293647106758891 0.0180598149227884 0.939694161636105 

0.448660047607855 0.0280259202930125 0.0807291653792896 0.442584866719843 
0.0270774517035652 0.628324763881937 0.27824596259811 0.0663518218163882 
0.0663518218163882 0.27824596259811 0.628324763881937 0.0270774517035652 
0.442584866719843 0.0807291653792896 0.0280259202930125 0.448660047607855 

0.933134411375551 0.0143576601874731 6.11246480817585e-05 0.0524468037888942 
0.00336288320224467 0.971584800645244 0.0250229745535964 2.93415989148595e-05 
2.93415989148595e-05 0.0250229745535964 0.971584800645244 0.00336288320224467 
0.0524468037888942 6.11246480817585e-05 0.0143576601874731 0.933134411375551 

0.379699205094739 0.325801209259454 0.0181791894555983 0.276320396190209 
0.250886736715865 0.732228249662774 0.00875532300103482 0.0081296906203262 
0.0081296906203262 0.00875532300103482 0.732228249662774 0.250886736715865 
0.276320396190209 0.0181791894555983 0.325801209259454 0.379699205094739 

0.947939766198803 0.0396625354214698 0.012221348387713 0.000176349992014435 
0.00993197556654531 0.955341523489863 0.00440038746033272 0.0303261134832589 
0.0303261134832589 0.00440038746033272 0.955341523489863 0.00993197556654531 
0.000176349992014435 0.012221348387713 0.0396625354214698 0.947939766198803 


