4 5

0.484300737967715 0.0156992620322853 0.0156992620322853 0.484300737967715 

0.939985407189537 0.00159095803722436 0.0475819679436554 0.0108416668295828 
0.0121419147725721 0.962997788495897 0.0245835284218073 0.000276768309723513 
0.000276768309723513 0.0245835284218073 0.962997788495897 0.0121419147725721 
0.0108416668295828 0.0475819679436554 0.00159095803722436 0.939985407189537 

0.449171837033649 0.151839861285165 0.00442011942861452 0.394568182252571 
0.287172929202881 0.669073766586345 0.00277671033668164 0.0409765938740928 
0.0409765938740928 0.00277671033668164 0.669073766586345 0.287172929202881 
0.394568182252571 0.00442011942861452 0.151839861285165 0.449171837033649 

0.966455754330153 0.0218684212520902 0.00538520397843408 0.00629062043932288 
0.0027862096202906 0.938127809150432 0.0580661320643939 0.00101984916488355 
0.00101984916488355 0.0580661320643939 0.938127809150432 0.0027862096202906 
0.00629062043932288 0.00538520397843408 0.0218684212520902 0.966455754330153 

0.921004426034414 0.00109558136399464 0.0647956338776127 0.0131043587239788 
0.135834115857179 0.189673022277587 0.163152490808588 0.511340371056646 
0.511340371056646 0.163152490808588 0.189673022277587 0.135834115857179 
0.0131043587239788 0.0647956338776127 0.00109558136399464 0.921004426034414 

0.939210095737333 0.0404375694783621 0.00153975364179243 0.0188125811425121 
0.011416927244217 0.964181684140758 0.0133457916030439 0.0110555970119807 
0.0110555970119807 0.0133457916030439 0.964181684140758 0.011416927244217 
0.0188125811425121 0.00153975364179243 0.0404375694783621 0.939210095737333 


