4 5

0.135543582844548 0.364456417155452 0.364456417155452 0.135543582844548 

0.950901569728928 0.00284120540295269 0.0152408266823886 0.0310163981857306 
0.00348442593933128 0.95306070777283 0.0434368839165974 1.79823712414119e-05 
1.79823712414119e-05 0.0434368839165974 0.95306070777283 0.00348442593933128 
0.0310163981857306 0.0152408266823886 0.00284120540295269 0.950901569728928 

0.363222608139879 0.234823444147393 0.0589938284868495 0.342960119225878 
0.144096802175959 0.714154267799258 0.0712183581080642 0.0705305719167195 
0.0705305719167195 0.0712183581080642 0.714154267799258 0.144096802175959 
0.342960119225878 0.0589938284868495 0.234823444147393 0.363222608139879 

0.953708559872593 1.78252377542112e-06 0.039740056806336 0.00654960079729594 
0.00857828924052433 0.949901250700972 0.0188699870668299 0.0226504729916737 
0.0226504729916737 0.0188699870668299 0.949901250700972 0.00857828924052433 
0.00654960079729594 0.039740056806336 1.78252377542112e-06 0.953708559872593 

0.472624281572904 0.000646124576524743 0.0871830519049732 0.439546541945598 
0.0530963844625293 0.621506937106852 0.0576656784070123 0.267731000023606 
0.267731000023606 0.0576656784070123 0.621506937106852 0.0530963844625293 
0.439546541945598 0.0871830519049732 0.000646124576524743 0.472624281572904 

0.96080876937098 0.000550632747093394 0.00248819145285322 0.0361524064290732 
0.00119712747461353 0.943437407302895 0.0432781608935648 0.0120873043289261 
0.0120873043289261 0.0432781608935648 0.943437407302895 0.00119712747461353 
0.0361524064290732 0.00248819145285322 0.000550632747093394 0.96080876937098 


