4 5

0.176184785668738 0.323815214331262 0.323815214331262 0.176184785668738 

0.979246196408841 0.00555630094837561 0.0125398953970626 0.00265760724572034 
0.0114877654587969 0.924857438881713 0.00342583820549752 0.0602289574539922 
0.0602289574539922 0.00342583820549752 0.924857438881713 0.0114877654587969 
0.00265760724572034 0.0125398953970626 0.00555630094837561 0.979246196408841 

0.632115390311474 0.0592002039645144 0.00864362556107727 0.300040780162935 
0.0958826231434503 0.344798776816646 0.249397130792096 0.309921469247808 
0.309921469247808 0.249397130792096 0.344798776816646 0.0958826231434503 
0.300040780162935 0.00864362556107727 0.0592002039645144 0.632115390311474 

0.956995510599602 0.0023200425613772 0.0401413866900671 0.0005430601489535 
0.00835975076804613 0.94700051495699 0.0106067826297123 0.0340329516452514 
0.0340329516452514 0.0106067826297123 0.94700051495699 0.00835975076804613 
0.0005430601489535 0.0401413866900671 0.0023200425613772 0.956995510599602 

0.349785310524107 0.0163817609662672 0.319213565001103 0.314619363508523 
0.0114467016208876 0.93584671478662 0.0518876522701167 0.000818931322376201 
0.000818931322376201 0.0518876522701167 0.93584671478662 0.0114467016208876 
0.314619363508523 0.319213565001103 0.0163817609662672 0.349785310524107 

0.984426942564943 0.00169896042848714 0.00663124419788987 0.00724285280867953 
0.000378866857059294 0.922411044155855 0.0771742175649283 3.58714221573812e-05 
3.58714221573812e-05 0.0771742175649283 0.922411044155855 0.000378866857059294 
0.00724285280867953 0.00663124419788987 0.00169896042848714 0.984426942564943 


