4 5

0.268012486514635 0.231987513485365 0.231987513485365 0.268012486514635 

0.93467553196871 0.00385088446998392 0.020235029928152 0.0412385536331542 
0.00287091487323376 0.969462630161665 0.00973563664809263 0.0179308183170085 
0.0179308183170085 0.00973563664809263 0.969462630161665 0.00287091487323376 
0.0412385536331542 0.020235029928152 0.00385088446998392 0.93467553196871 

0.595809325807473 0.288256641623513 0.0995354354928127 0.0163985970762007 
0.0934721571859201 0.483234147287531 0.384913113220053 0.038380582306496 
0.038380582306496 0.384913113220053 0.483234147287531 0.0934721571859201 
0.0163985970762007 0.0995354354928127 0.288256641623513 0.595809325807473 

0.935768504992774 0.00684105342458721 8.57570657076608e-05 0.057304684516931 
3.12543783541105e-05 0.969186462960653 0.0286474991949638 0.00213478346602918 
0.00213478346602918 0.0286474991949638 0.969186462960653 3.12543783541105e-05 
0.057304684516931 8.57570657076608e-05 0.00684105342458721 0.935768504992774 

0.752600074402381 0.0819153803029417 0.00157957657021432 0.163904968724463 
0.0224139717689759 0.193911156369046 0.11106430130488 0.672610570557098 
0.672610570557098 0.11106430130488 0.193911156369046 0.0224139717689759 
0.163904968724463 0.00157957657021432 0.0819153803029417 0.752600074402381 

0.950714026747328 0.00141032181742985 0.0471104932638203 0.000765158171422087 
0.0470142960728341 0.951860399337696 0.000221516514043563 0.000903788075426563 
0.000903788075426563 0.000221516514043563 0.951860399337696 0.0470142960728341 
0.000765158171422087 0.0471104932638203 0.00141032181742985 0.950714026747328 


