4 5

0.371365224011242 0.128634775988758 0.128634775988758 0.371365224011242 

0.91220241738892 0.0569771700423627 0.0166805619032453 0.0141398506654723 
0.00626797950373612 0.992448028097695 0.000544700406176823 0.000739291992392333 
0.000739291992392333 0.000544700406176823 0.992448028097695 0.00626797950373612 
0.0141398506654723 0.0166805619032453 0.0569771700423627 0.91220241738892 

0.605137498021107 0.0199198005930578 0.0930228492094276 0.281919852176407 
0.00217235152648423 0.534603097123621 0.45395244197636 0.00927210937353504 
0.00927210937353504 0.45395244197636 0.534603097123621 0.00217235152648423 
0.281919852176407 0.0930228492094276 0.0199198005930578 0.605137498021107 

0.940368082256027 0.00520142356413774 0.035356570921401 0.0190739232584347 
0.0104297757635146 0.962973719738955 0.0166398316875225 0.0099566728100077 
0.0099566728100077 0.0166398316875225 0.962973719738955 0.0104297757635146 
0.0190739232584347 0.035356570921401 0.00520142356413774 0.940368082256027 

0.565612679142277 0.0215612766600626 0.133721085959134 0.279104958238526 
0.109913292934748 0.430386617015121 0.226369072902939 0.233331017147192 
0.233331017147192 0.226369072902939 0.430386617015121 0.109913292934748 
0.279104958238526 0.133721085959134 0.0215612766600626 0.565612679142277 

0.916620479365418 0.0275952156307716 0.0532883976522642 0.00249590735154592 
0.000543745394924474 0.987403338094238 0.00856870631963019 0.00348421019120709 
0.00348421019120709 0.00856870631963019 0.987403338094238 0.000543745394924474 
0.00249590735154592 0.0532883976522642 0.0275952156307716 0.916620479365418 


