4 5

0.330317267915234 0.169682732084766 0.169682732084766 0.330317267915234 

0.96842217411851 0.0258616904683842 0.00146769789377961 0.0042484375193258 
0.0461534778250982 0.935630314242878 0.00820560759698374 0.0100106003350397 
0.0100106003350397 0.00820560759698374 0.935630314242878 0.0461534778250982 
0.0042484375193258 0.00146769789377961 0.0258616904683842 0.96842217411851 

0.85139294858401 0.0682668014401919 0.00639354669359873 0.0739467032821989 
0.0554318786338757 0.477453365806976 0.441017862185783 0.0260968933733654 
0.0260968933733654 0.441017862185783 0.477453365806976 0.0554318786338757 
0.0739467032821989 0.00639354669359873 0.0682668014401919 0.85139294858401 

0.966398520400355 0.00346790052471925 0.0135821213147398 0.0165514577601862 
0.000457855979485574 0.938290903239391 0.0583050299631678 0.00294621081795519 
0.00294621081795519 0.0583050299631678 0.938290903239391 0.000457855979485574 
0.0165514577601862 0.0135821213147398 0.00346790052471925 0.966398520400355 

0.420410889522274 0.0494139996345019 0.282954676584014 0.24722043425921 
0.00786320858305381 0.603663343117347 0.343469301307585 0.045004146992014 
0.045004146992014 0.343469301307585 0.603663343117347 0.00786320858305381 
0.24722043425921 0.282954676584014 0.0494139996345019 0.420410889522274 

0.942971276094216 0.046243371133733 0.00669809054999056 0.00408726222206018 
0.0179528804411601 0.960648348134169 0.0189776139380142 0.00242115748665685 
0.00242115748665685 0.0189776139380142 0.960648348134169 0.0179528804411601 
0.00408726222206018 0.00669809054999056 0.046243371133733 0.942971276094216 


