4 5

0.140615565353073 0.359384434646927 0.359384434646927 0.140615565353073 

0.910958583818987 0.0676733724690653 0.000806722832181431 0.020561320879766 
0.00328506700735246 0.993778781100269 0.00196760488196113 0.000968547010417789 
0.000968547010417789 0.00196760488196113 0.993778781100269 0.00328506700735246 
0.020561320879766 0.000806722832181431 0.0676733724690653 0.910958583818987 

0.614196875474461 0.0364502718492384 0.135405233422738 0.213947619253562 
2.75278462481179e-05 0.5258693125588 0.450601271239531 0.0235018883554216 
0.0235018883554216 0.450601271239531 0.5258693125588 2.75278462481179e-05 
0.213947619253562 0.135405233422738 0.0364502718492384 0.614196875474461 

0.918317315233509 0.0295537126129762 0.048057619543444 0.00407135261007097 
0.00381382139944338 0.985559823998005 0.00938597858731166 0.00124037601524044 
0.00124037601524044 0.00938597858731166 0.985559823998005 0.00381382139944338 
0.00407135261007097 0.048057619543444 0.0295537126129762 0.918317315233509 

0.432799345134549 0.198912095957727 0.103649902746872 0.264638656160852 
0.117234290080475 0.562726842559433 0.273407189369702 0.04663167799039 
0.04663167799039 0.273407189369702 0.562726842559433 0.117234290080475 
0.264638656160852 0.103649902746872 0.198912095957727 0.432799345134549 

0.977969106193287 0.000185852732602954 0.0197932387858127 0.00205180228829765 
0.0704725201762423 0.925264080274425 0.00279220200415964 0.00147119754517278 
0.00147119754517278 0.00279220200415964 0.925264080274425 0.0704725201762423 
0.00205180228829765 0.0197932387858127 0.000185852732602954 0.977969106193287 


