4 5

0.181035091169178 0.318964908830822 0.318964908830822 0.181035091169178 

0.917764413525222 0.0742828572192627 0.0046140552720812 0.00333867398343429 
0.000867047663171571 0.98605528217296 0.0101912368769692 0.0028864332868992 
0.0028864332868992 0.0101912368769692 0.98605528217296 0.000867047663171571 
0.00333867398343429 0.0046140552720812 0.0742828572192627 0.917764413525222 

0.326658586701851 0.00279133036837217 0.47345030531119 0.197099777618586 
0.00341994369499413 0.632720437061829 0.257341918517158 0.106517700726018 
0.106517700726018 0.257341918517158 0.632720437061829 0.00341994369499413 
0.197099777618586 0.47345030531119 0.00279133036837217 0.326658586701851 

0.928312313526608 0.0241676611132913 0.00100754282659475 0.0465124825335055 
0.000240960518910712 0.976003716722985 0.0113326387672619 0.0124226839908425 
0.0124226839908425 0.0113326387672619 0.976003716722985 0.000240960518910712 
0.0465124825335055 0.00100754282659475 0.0241676611132913 0.928312313526608 

0.497645264940621 0.00395490442436074 0.00106840604986991 0.497331424585148 
0.0130582722230108 0.619192483093094 0.366158595520987 0.00159064916290803 
0.00159064916290803 0.366158595520987 0.619192483093094 0.0130582722230108 
0.497331424585148 0.00106840604986991 0.00395490442436074 0.497645264940621 

0.943412531361309 0.00536518018416911 0.0511200753545267 0.000102213099994919 
0.00635436933621376 0.960569596516264 0.00726727288926488 0.0258087612582577 
0.0258087612582577 0.00726727288926488 0.960569596516264 0.00635436933621376 
0.000102213099994919 0.0511200753545267 0.00536518018416911 0.943412531361309 


