4 5

0.384331516106613 0.115668483893387 0.115668483893387 0.384331516106613 

0.956652637210424 0.01193254456021 0.000276093845223436 0.0311387243841428 
0.0044264131304339 0.947543513135954 0.0466850665326201 0.00134500720099174 
0.00134500720099174 0.0466850665326201 0.947543513135954 0.0044264131304339 
0.0311387243841428 0.000276093845223436 0.01193254456021 0.956652637210424 

0.581750292138809 0.00178011947562118 0.283279429418926 0.133190158966645 
0.0295797780807817 0.486316524317657 0.110870344624661 0.3732333529769 
0.3732333529769 0.110870344624661 0.486316524317657 0.0295797780807817 
0.133190158966645 0.283279429418926 0.00178011947562118 0.581750292138809 

0.935192875723028 0.00104875380226905 0.000391973666964129 0.0633663968077388 
0.000823585194891079 0.970021149284533 0.0219451443738119 0.00721012114676449 
0.00721012114676449 0.0219451443738119 0.970021149284533 0.000823585194891079 
0.0633663968077388 0.000391973666964129 0.00104875380226905 0.935192875723028 

0.851931172998065 0.0488704810266449 0.0132696234369928 0.0859287225382973 
0.0731028784801625 0.477216127643125 0.440113425496724 0.00956756837998828 
0.00956756837998828 0.440113425496724 0.477216127643125 0.0731028784801625 
0.0859287225382973 0.0132696234369928 0.0488704810266449 0.851931172998065 

0.914638444279711 0.0712213812091644 0.013033271326214 0.00110690318491041 
0.00877084827804405 0.989985013334224 2.990260097957e-05 0.00121423578675198 
0.00121423578675198 2.990260097957e-05 0.989985013334224 0.00877084827804405 
0.00110690318491041 0.013033271326214 0.0712213812091644 0.914638444279711 


