4 5

0.438992754323408 0.061007245676592 0.061007245676592 0.438992754323408 

0.951797135294977 0.024249789709339 0.00133078222266692 0.022622292773017 
0.0347701909598547 0.951878445012736 0.010821919596434 0.00252944443097567 
0.00252944443097567 0.010821919596434 0.951878445012736 0.0347701909598547 
0.022622292773017 0.00133078222266692 0.024249789709339 0.951797135294977 

0.702098639476418 0.0287382344702856 0.0936944096000204 0.175468716453276 
0.0474252725640747 0.403795319659472 0.30782774623646 0.240951661539993 
0.240951661539993 0.30782774623646 0.403795319659472 0.0474252725640747 
0.175468716453276 0.0936944096000204 0.0287382344702856 0.702098639476418 

0.971036012614738 0.0034674778567342 0.0001484476244261 0.0253480619041018 
0.000276744913640877 0.932241230427251 0.0133271505242971 0.0541548741348108 
0.0541548741348108 0.0133271505242971 0.932241230427251 0.000276744913640877 
0.0253480619041018 0.0001484476244261 0.0034674778567342 0.971036012614738 

0.278496293053631 0.488432279374032 0.0982480457015804 0.134823381870757 
0.0399013673786631 0.626324154301002 0.225004619574096 0.108769858746238 
0.108769858746238 0.225004619574096 0.626324154301002 0.0399013673786631 
0.134823381870757 0.0982480457015804 0.488432279374032 0.278496293053631 

0.916876021235252 0.00380734623490683 0.0448474425950524 0.034469189934789 
0.00280071459031552 0.987835670281503 0.00418541307694165 0.00517820205123974 
0.00517820205123974 0.00418541307694165 0.987835670281503 0.00280071459031552 
0.034469189934789 0.0448474425950524 0.00380734623490683 0.916876021235252 


