4 5

0.437985921744257 0.0620140782557428 0.0620140782557428 0.437985921744257 

0.930050809523869 0.0018162241225028 0.0055339788632225 0.062598987490406 
0.00191356431510376 0.975340173306547 0.0209770818018782 0.00176918057647063 
0.00176918057647063 0.0209770818018782 0.975340173306547 0.00191356431510376 
0.062598987490406 0.0055339788632225 0.0018162241225028 0.930050809523869 

0.561259972388766 0.0830769778831367 0.208607248921129 0.147055800806969 
0.125119913306105 0.318574435799766 0.269073861034736 0.287231789859392 
0.287231789859392 0.269073861034736 0.318574435799766 0.125119913306105 
0.147055800806969 0.208607248921129 0.0830769778831367 0.561259972388766 

0.987650646482788 0.000155142638242055 0.0020201837482315 0.0101740271307388 
0.0675737829526626 0.916249275439891 0.00614246720232381 0.0100344744051225 
0.0100344744051225 0.00614246720232381 0.916249275439891 0.0675737829526626 
0.0101740271307388 0.0020201837482315 0.000155142638242055 0.987650646482788 

0.394357440552763 0.289136376217719 0.15914222393412 0.157363959295398 
0.0886013626279654 0.466370379814815 0.427148411339641 0.0178798462175789 
0.0178798462175789 0.427148411339641 0.466370379814815 0.0886013626279654 
0.157363959295398 0.15914222393412 0.289136376217719 0.394357440552763 

0.975863144496794 0.000976314311752701 0.00687609312816041 0.0162844480632924 
0.000353084355227988 0.929710861426585 0.0658587453225337 0.00407730889565358 
0.00407730889565358 0.0658587453225337 0.929710861426585 0.000353084355227988 
0.0162844480632924 0.00687609312816041 0.000976314311752701 0.975863144496794 


