4 5

0.468510437407531 0.0314895625924692 0.0314895625924692 0.468510437407531 

0.926754921243732 0.0230979184681738 0.00735849618036683 0.0427886641077274 
0.0178198296213744 0.977845924485622 0.00260668539677406 0.00172756049622932 
0.00172756049622932 0.00260668539677406 0.977845924485622 0.0178198296213744 
0.0427886641077274 0.00735849618036683 0.0230979184681738 0.926754921243732 

0.194154269188958 0.544338961575638 0.0794292428994098 0.182077526335995 
0.0569954051264456 0.81022999121576 0.0940353101960465 0.0387392934617481 
0.0387392934617481 0.0940353101960465 0.81022999121576 0.0569954051264456 
0.182077526335995 0.0794292428994098 0.544338961575638 0.194154269188958 

0.974662061893096 0.020875281869221 0.00423609575540991 0.000226560482272875 
0.00695849783028987 0.928789004071655 3.43668900075755e-05 0.0642181312080476 
0.0642181312080476 3.43668900075755e-05 0.928789004071655 0.00695849783028987 
0.000226560482272875 0.00423609575540991 0.020875281869221 0.974662061893096 

0.409188081412729 0.178148009431356 0.00744637442215071 0.405217534733764 
0.0375910007951844 0.647235843919124 0.28563709217427 0.0295360631114212 
0.0295360631114212 0.28563709217427 0.647235843919124 0.0375910007951844 
0.405217534733764 0.00744637442215071 0.178148009431356 0.409188081412729 

0.938283231236964 0.041105299567144 0.0141698388270515 0.00644163036884088 
0.0171905872209605 0.965277762820183 0.015655232133623 0.00187641782523326 
0.00187641782523326 0.015655232133623 0.965277762820183 0.0171905872209605 
0.00644163036884088 0.0141698388270515 0.041105299567144 0.938283231236964 


