4 5

0.0512784860329702 0.44872151396703 0.44872151396703 0.0512784860329702 

0.943161126995609 0.00318397554009549 0.00900989496768338 0.0446450024966119 
0.00482180172775135 0.960743492865664 0.0123828126659471 0.0220518927406378 
0.0220518927406378 0.0123828126659471 0.960743492865664 0.00482180172775135 
0.0446450024966119 0.00900989496768338 0.00318397554009549 0.943161126995609 

0.7693706206535 0.113664159739878 0.000770540173522842 0.116194679433099 
0.108763825064897 0.44343290546524 0.427970430180268 0.0198328392895946 
0.0198328392895946 0.427970430180268 0.44343290546524 0.108763825064897 
0.116194679433099 0.000770540173522842 0.113664159739878 0.7693706206535 

0.972463491603081 0.00195559310078249 0.0210520017450122 0.00452891355112406 
0.0622983179713089 0.930630213354054 0.00556678907431873 0.00150467960031794 
0.00150467960031794 0.00556678907431873 0.930630213354054 0.0622983179713089 
0.00452891355112406 0.0210520017450122 0.00195559310078249 0.972463491603081 

0.222323365270134 0.128084310872177 0.485991144305773 0.163601179551916 
0.05095259677955 0.549399650137292 0.309920820966089 0.0897269321170694 
0.0897269321170694 0.309920820966089 0.549399650137292 0.05095259677955 
0.163601179551916 0.485991144305773 0.128084310872177 0.222323365270134 

0.955472270482381 0.000458753665131609 0.0274771729581312 0.0165918028943557 
4.46071746835713e-05 0.948422335423231 0.045932057091345 0.00560100031074029 
0.00560100031074029 0.045932057091345 0.948422335423231 4.46071746835713e-05 
0.0165918028943557 0.0274771729581312 0.000458753665131609 0.955472270482381 


