4 5

0.183684859075584 0.316315140924416 0.316315140924416 0.183684859075584 

0.951738384775344 0.0279206397946675 0.00624787564889357 0.0140930997810948 
0.044204978422591 0.952136867767446 0.000549758872968764 0.00310839493699452 
0.00310839493699452 0.000549758872968764 0.952136867767446 0.044204978422591 
0.0140930997810948 0.00624787564889357 0.0279206397946675 0.951738384775344 

0.59321500171049 0.0519014383926445 0.0181324863496558 0.336751073547209 
0.311102492088341 0.332226988440985 0.298594926878396 0.0580755925922785 
0.0580755925922785 0.298594926878396 0.332226988440985 0.311102492088341 
0.336751073547209 0.0181324863496558 0.0519014383926445 0.59321500171049 

0.95643125709595 0.0293167000923758 0.0137279236553862 0.000524119156288083 
0.0378457580174778 0.947364416042876 0.00508747945166987 0.00970234648797596 
0.00970234648797596 0.00508747945166987 0.947364416042876 0.0378457580174778 
0.000524119156288083 0.0137279236553862 0.0293167000923758 0.95643125709595 

0.449089158596998 2.10774496988558e-05 0.111605297770752 0.43928446618255 
0.00189699199415084 0.915170123426406 0.00123579078638081 0.0816970937930628 
0.0816970937930628 0.00123579078638081 0.915170123426406 0.00189699199415084 
0.43928446618255 0.111605297770752 2.10774496988558e-05 0.449089158596998 

0.924616638847903 0.0417607232058864 0.00804058248752603 0.0255820554586845 
0.00185334068232549 0.979188684068214 0.012184114367617 0.00677386088184302 
0.00677386088184302 0.012184114367617 0.979188684068214 0.00185334068232549 
0.0255820554586845 0.00804058248752603 0.0417607232058864 0.924616638847903 


