4 5

0.448701975867152 0.0512980241328478 0.0512980241328478 0.448701975867152 

0.943226599061583 0.00469155132190804 0.000527464234131279 0.0515543853823777 
0.000205379007895787 0.961442435569152 0.0368114710173179 0.00154071440563482 
0.00154071440563482 0.0368114710173179 0.961442435569152 0.000205379007895787 
0.0515543853823777 0.000527464234131279 0.00469155132190804 0.943226599061583 

0.552403919910523 0.0148915495312426 0.071369113990075 0.36133541656816 
0.196710172400892 0.278404047786735 0.256767301377822 0.268118478434551 
0.268118478434551 0.256767301377822 0.278404047786735 0.196710172400892 
0.36133541656816 0.071369113990075 0.0148915495312426 0.552403919910523 

0.975968536496385 0.000225202509895108 0.00157089516275266 0.0222353658309673 
0.0268467663013629 0.928384154694961 0.0435252873250548 0.00124379167862092 
0.00124379167862092 0.0435252873250548 0.928384154694961 0.0268467663013629 
0.0222353658309673 0.00157089516275266 0.000225202509895108 0.975968536496385 

0.759747293038774 0.102150444213726 0.132093611261803 0.00600865148569718 
0.106611948185522 0.344296683325897 0.340095555074617 0.208995813413964 
0.208995813413964 0.340095555074617 0.344296683325897 0.106611948185522 
0.00600865148569718 0.132093611261803 0.102150444213726 0.759747293038774 

0.937566009317581 0.000297427889319489 0.0115556552389163 0.0505809075541835 
0.000982778768356381 0.966844422994309 0.018440670396344 0.0137321278409907 
0.0137321278409907 0.018440670396344 0.966844422994309 0.000982778768356381 
0.0505809075541835 0.0115556552389163 0.000297427889319489 0.937566009317581 


