4 5

0.383623878238723 0.116376121761277 0.116376121761277 0.383623878238723 

0.929487004342448 0.0129154713600704 0.0070732589662818 0.0505242653312002 
0.0209493785324785 0.975222705749892 0.00136936361169676 0.00245855210593267 
0.00245855210593267 0.00136936361169676 0.975222705749892 0.0209493785324785 
0.0505242653312002 0.0070732589662818 0.0129154713600704 0.929487004342448 

0.57382197494351 0.0181520301822208 0.0228923339467168 0.385133660927552 
0.00668418084424797 0.444191868814561 0.441367791201757 0.107756159139434 
0.107756159139434 0.441367791201757 0.444191868814561 0.00668418084424797 
0.385133660927552 0.0228923339467168 0.0181520301822208 0.57382197494351 

0.908769670698322 0.0779731665617633 0.0101476004715304 0.00310956226838377 
0.000442511836322426 0.995746478427591 0.00111461174739519 0.00269639798869165 
0.00269639798869165 0.00111461174739519 0.995746478427591 0.000442511836322426 
0.00310956226838377 0.0101476004715304 0.0779731665617633 0.908769670698322 

0.476051100629074 0.0353115609132779 0.0190426409257224 0.469594697531925 
0.234954088626691 0.601999991722588 0.116545434824715 0.0465004848260056 
0.0465004848260056 0.116545434824715 0.601999991722588 0.234954088626691 
0.469594697531925 0.0190426409257224 0.0353115609132779 0.476051100629074 

0.939441004578857 0.00136770775569125 0.000259362827820056 0.0589319248376314 
0.000369297951134934 0.965664107934779 0.0339531743031519 1.34198109338403e-05 
1.34198109338403e-05 0.0339531743031519 0.965664107934779 0.000369297951134934 
0.0589319248376314 0.000259362827820056 0.00136770775569125 0.939441004578857 


