4 5

0.27025169855915 0.22974830144085 0.22974830144085 0.27025169855915 

0.993851495079301 3.81722849203136e-05 0.00370325180797626 0.00240708082780255 
0.000331178779721492 0.913220507090827 0.0704698702230315 0.01597844390642 
0.01597844390642 0.0704698702230315 0.913220507090827 0.000331178779721492 
0.00240708082780255 0.00370325180797626 3.81722849203136e-05 0.993851495079301 

0.411603917898693 0.181300029742279 0.0105075940388518 0.396588458320176 
0.0178003184353638 0.628750810035514 0.156432220152585 0.197016651376537 
0.197016651376537 0.156432220152585 0.628750810035514 0.0178003184353638 
0.396588458320176 0.0105075940388518 0.181300029742279 0.411603917898693 

0.931748344425398 0.0218236183600409 0.0026203542533735 0.0438076829611873 
0.0124166251619398 0.972573944881255 0.0131430169534387 0.00186641300336687 
0.00186641300336687 0.0131430169534387 0.972573944881255 0.0124166251619398 
0.0438076829611873 0.0026203542533735 0.0218236183600409 0.931748344425398 

0.558706698241315 0.0870032516229382 0.0284516778471229 0.325838372288624 
0.131737991737841 0.32827287272004 0.0367438352190277 0.503245300323091 
0.503245300323091 0.0367438352190277 0.32827287272004 0.131737991737841 
0.325838372288624 0.0284516778471229 0.0870032516229382 0.558706698241315 

0.959265929815603 0.0362624596335051 0.00265673185066794 0.0018148787002244 
0.00562817951482746 0.943606033184628 0.00636718478156656 0.0443986025189778 
0.0443986025189778 0.00636718478156656 0.943606033184628 0.00562817951482746 
0.0018148787002244 0.00265673185066794 0.0362624596335051 0.959265929815603 


