4 5

0.170052431058139 0.329947568941861 0.329947568941861 0.170052431058139 

0.995807859980764 0.000309165365442795 2.28440995965119e-05 0.00386013055419632 
0.000291610753526778 0.912227297474697 0.0806691630070279 0.00681192876474858 
0.00681192876474858 0.0806691630070279 0.912227297474697 0.000291610753526778 
0.00386013055419632 2.28440995965119e-05 0.000309165365442795 0.995807859980764 

0.653903932416165 0.00042342967162015 0.00876621338799741 0.336906424524217 
0.138781035850859 0.468646160383251 0.389033195683811 0.00353960808207869 
0.00353960808207869 0.389033195683811 0.468646160383251 0.138781035850859 
0.336906424524217 0.00876621338799741 0.00042342967162015 0.653903932416165 

0.927467805834722 2.54759323853257e-05 0.0684461076346071 0.00406061059828511 
0.023034208778711 0.975694725613208 3.85759023437404e-05 0.00123248970573742 
0.00123248970573742 3.85759023437404e-05 0.975694725613208 0.023034208778711 
0.00406061059828511 0.0684461076346071 2.54759323853257e-05 0.927467805834722 

0.183009223778297 0.724223064892319 0.0311381319895268 0.061629579339857 
0.00363627083512739 0.854573520246586 0.119117676569885 0.022672532348401 
0.022672532348401 0.119117676569885 0.854573520246586 0.00363627083512739 
0.061629579339857 0.0311381319895268 0.724223064892319 0.183009223778297 

0.931584159311666 0.00501753281501139 0.0250206136413282 0.0383776942319948 
0.0152708185781666 0.97225712281788 0.0122919231097634 0.00018013549418949 
0.00018013549418949 0.0122919231097634 0.97225712281788 0.0152708185781666 
0.0383776942319948 0.0250206136413282 0.00501753281501139 0.931584159311666 


