4 5

0.0767874469747767 0.423212553025223 0.423212553025223 0.0767874469747767 

0.958057839036874 0.000789157359041278 0.00734712189720621 0.0338058817068788 
0.000722484396772252 0.946374603038404 0.0498317804286132 0.00307113213621068 
0.00307113213621068 0.0498317804286132 0.946374603038404 0.000722484396772252 
0.0338058817068788 0.00734712189720621 0.000789157359041278 0.958057839036874 

0.929239231670099 3.71060191728329e-06 3.93746539198997e-05 0.0707176830740633 
0.000363742648469261 0.496319458499533 0.469332688215968 0.0339841106360303 
0.0339841106360303 0.469332688215968 0.496319458499533 0.000363742648469261 
0.0707176830740633 3.93746539198997e-05 3.71060191728329e-06 0.929239231670099 

0.946781064956659 0.000925617940619525 0.00130641081262705 0.0509869062900941 
0.00260953749820397 0.957703294740225 0.0340703564138545 0.00561681134771636 
0.00561681134771636 0.0340703564138545 0.957703294740225 0.00260953749820397 
0.0509869062900941 0.00130641081262705 0.000925617940619525 0.946781064956659 

0.414219323219387 0.181656266588832 0.023139484734515 0.380984925457266 
0.073398755224525 0.567838374390549 0.0557396837243184 0.303023186660608 
0.303023186660608 0.0557396837243184 0.567838374390549 0.073398755224525 
0.380984925457266 0.023139484734515 0.181656266588832 0.414219323219387 

0.981143529098959 2.16547509464536e-05 0.00055378560426117 0.0182810305458336 
0.0468995166276705 0.922407760626618 0.00272344678924513 0.027969275956466 
0.027969275956466 0.00272344678924513 0.922407760626618 0.0468995166276705 
0.0182810305458336 0.00055378560426117 2.16547509464536e-05 0.981143529098959 


