4 5

0.0358894822420552 0.464110517757945 0.464110517757945 0.0358894822420552 

0.96015300105035 0.0340416843183804 0.00530703742551478 0.000498277205755238 
0.000682621154313702 0.942726483989477 6.79887317323047e-05 0.056522906124477 
0.056522906124477 6.79887317323047e-05 0.942726483989477 0.000682621154313702 
0.000498277205755238 0.00530703742551478 0.0340416843183804 0.96015300105035 

0.703755123934367 0.0136199955637439 0.00457041316407642 0.278054467337813 
0.0619089529038122 0.469037194993274 0.467635174508334 0.00141867759457914 
0.00141867759457914 0.467635174508334 0.469037194993274 0.0619089529038122 
0.278054467337813 0.00457041316407642 0.0136199955637439 0.703755123934367 

0.912502106361756 0.0735727268915255 0.000777534845852502 0.0131476319008655 
0.00116049070947217 0.99179486435996 0.000542762880776149 0.00650188204979145 
0.00650188204979145 0.000542762880776149 0.99179486435996 0.00116049070947217 
0.0131476319008655 0.000777534845852502 0.0735727268915255 0.912502106361756 

0.590804782113983 0.0363541068671836 0.268651984154492 0.104189126864341 
0.0952850893758027 0.287520346612302 0.0700280349216063 0.547166529090289 
0.547166529090289 0.0700280349216063 0.287520346612302 0.0952850893758027 
0.104189126864341 0.268651984154492 0.0363541068671836 0.590804782113983 

0.947122444208304 0.00541936508588716 0.0463591323869082 0.00109905831890061 
0.0270577219035169 0.956286010662089 0.000766683353656761 0.0158895840807379 
0.0158895840807379 0.000766683353656761 0.956286010662089 0.0270577219035169 
0.00109905831890061 0.0463591323869082 0.00541936508588716 0.947122444208304 


