4 5

0.228338797925971 0.271661202074029 0.271661202074029 0.228338797925971 

0.950244694348865 7.97530777991505e-06 1.35520538798083e-05 0.0497337782894752 
0.0106905446031284 0.95356981450665 0.00950096936948736 0.0262386715207339 
0.0262386715207339 0.00950096936948736 0.95356981450665 0.0106905446031284 
0.0497337782894752 1.35520538798083e-05 7.97530777991505e-06 0.950244694348865 

0.420090049877167 0.0967087322037659 0.271558765086205 0.211642452832863 
0.00095194972633468 0.586393081830944 0.377350209012669 0.035304759430053 
0.035304759430053 0.377350209012669 0.586393081830944 0.00095194972633468 
0.211642452832863 0.271558765086205 0.0967087322037659 0.420090049877167 

0.97465295767643 0.0184696645547239 0.00060816385057651 0.00626921391826996 
0.00299655727178024 0.928478737317319 0.00101569784157024 0.0675090075693306 
0.0675090075693306 0.00101569784157024 0.928478737317319 0.00299655727178024 
0.00626921391826996 0.00060816385057651 0.0184696645547239 0.97465295767643 

0.535586561711642 0.0041691354087408 0.00112118690224778 0.45912311597737 
0.0148581821706838 0.637013149987572 0.334043412218341 0.0140852556234029 
0.0140852556234029 0.334043412218341 0.637013149987572 0.0148581821706838 
0.45912311597737 0.00112118690224778 0.0041691354087408 0.535586561711642 

0.920192155093454 0.0600881570909382 0.00365882111913961 0.0160608666964679 
0.000435512085666475 0.983600394730572 0.0144209197386552 0.00154317344510604 
0.00154317344510604 0.0144209197386552 0.983600394730572 0.000435512085666475 
0.0160608666964679 0.00365882111913961 0.0600881570909382 0.920192155093454 


