4 5

0.235022131935693 0.264977868064307 0.264977868064307 0.235022131935693 

0.950830732230443 0.0272151872841291 0.000247881753150724 0.021706198732277 
0.000183509748276346 0.952827621349852 0.0426123351935406 0.00437653370833109 
0.00437653370833109 0.0426123351935406 0.952827621349852 0.000183509748276346 
0.021706198732277 0.000247881753150724 0.0272151872841291 0.950830732230443 

0.464854089143282 0.145811691869123 0.00619599631653106 0.383138222671064 
0.367387338072164 0.567138304490652 0.0184686826025843 0.0470056748346002 
0.0470056748346002 0.0184686826025843 0.567138304490652 0.367387338072164 
0.383138222671064 0.00619599631653106 0.145811691869123 0.464854089143282 

0.929521980123059 0.000352329412256088 0.00133284844584809 0.0687928420188373 
0.0068977505609836 0.976251457934865 0.0157755286670912 0.00107526283705975 
0.00107526283705975 0.0157755286670912 0.976251457934865 0.0068977505609836 
0.0687928420188373 0.00133284844584809 0.000352329412256088 0.929521980123059 

0.498303352632878 0.00496815529241488 6.68291516695745e-05 0.496661662923038 
0.164665469059527 0.633383016409557 0.178248637577295 0.0237028769536202 
0.0237028769536202 0.178248637577295 0.633383016409557 0.164665469059527 
0.496661662923038 6.68291516695745e-05 0.00496815529241488 0.498303352632878 

0.926781344738181 0.00851135027031717 0.00310882326717883 0.0615984817243233 
0.0146295363015467 0.978633856964489 0.00441291346542716 0.00232369326853678 
0.00232369326853678 0.00441291346542716 0.978633856964489 0.0146295363015467 
0.0615984817243233 0.00310882326717883 0.00851135027031717 0.926781344738181 


