4 5

0.386718439403921 0.113281560596079 0.113281560596079 0.386718439403921 

0.982630377276333 0.0040402833444783 0.000929108789220548 0.0124002305899684 
0.0105036894453589 0.922804494322224 0.0584259076281539 0.00826590860426345 
0.00826590860426345 0.0584259076281539 0.922804494322224 0.0105036894453589 
0.0124002305899684 0.000929108789220548 0.0040402833444783 0.982630377276333 

0.350410410682938 0.00478471518204743 0.317356039515178 0.327448834619837 
0.0888066493768193 0.753051785245209 0.148453139596872 0.00968842578109987 
0.00968842578109987 0.148453139596872 0.753051785245209 0.0888066493768193 
0.327448834619837 0.317356039515178 0.00478471518204743 0.350410410682938 

0.949650503800668 0.00485279989953611 0.0419847180397479 0.0035119782600484 
0.0141466371971195 0.953446864737002 0.029945666524469 0.00246083154140954 
0.00246083154140954 0.029945666524469 0.953446864737002 0.0141466371971195 
0.0035119782600484 0.0419847180397479 0.00485279989953611 0.949650503800668 

0.469114830478159 0.00437752620585757 0.523657037771209 0.00285060554477468 
0.424221377816938 0.572821654887463 0.00125215121161526 0.00170481608398379 
0.00170481608398379 0.00125215121161526 0.572821654887463 0.424221377816938 
0.00285060554477468 0.523657037771209 0.00437752620585757 0.469114830478159 

0.951701669617364 0.00112509362549452 0.0442909709274294 0.00288226582971174 
0.0276930682743537 0.951366836064699 0.00927643237205944 0.0116636632888884 
0.0116636632888884 0.00927643237205944 0.951366836064699 0.0276930682743537 
0.00288226582971174 0.0442909709274294 0.00112509362549452 0.951701669617364 


