4 5

0.420425911899656 0.0795740881003439 0.0795740881003439 0.420425911899656 

0.967648490857482 0.0077685856493069 0.000188446854329759 0.0243944766388817 
0.000452241524324605 0.936498160792618 0.0456896255853262 0.0173599720977314 
0.0173599720977314 0.0456896255853262 0.936498160792618 0.000452241524324605 
0.0243944766388817 0.000188446854329759 0.0077685856493069 0.967648490857482 

0.474845541735227 0.0727561458271888 0.0109081648040457 0.441490147633538 
0.105188948016826 0.507012386746927 0.360623015180787 0.0271756500554605 
0.0271756500554605 0.360623015180787 0.507012386746927 0.105188948016826 
0.441490147633538 0.0109081648040457 0.0727561458271888 0.474845541735227 

0.927078601807447 0.00178987311385614 0.0386125199920797 0.0325190050866175 
0.0042968927646337 0.977082357729124 0.00810399651915655 0.0105167529870859 
0.0105167529870859 0.00810399651915655 0.977082357729124 0.0042968927646337 
0.0325190050866175 0.0386125199920797 0.00178987311385614 0.927078601807447 

0.479321704973441 0.0172716790348121 0.304364093045775 0.199042522945972 
0.0093648569517896 0.494499125167824 0.18736040824058 0.308775609639806 
0.308775609639806 0.18736040824058 0.494499125167824 0.0093648569517896 
0.199042522945972 0.304364093045775 0.0172716790348121 0.479321704973441 

0.953053679033838 0.00916030090482167 9.09117507560397e-05 0.0376951083105843 
0.00596292280818167 0.950197175984422 0.000532919378486874 0.0433069818289098 
0.0433069818289098 0.000532919378486874 0.950197175984422 0.00596292280818167 
0.0376951083105843 9.09117507560397e-05 0.00916030090482167 0.953053679033838 


