4 5

0.441517331171781 0.0584826688282192 0.0584826688282192 0.441517331171781 

0.908779397640526 0.0589871124666947 0.0112850581173077 0.0209484317754713 
0.00107749818151517 0.996012601280403 0.0015445890777589 0.00136531146032246 
0.00136531146032246 0.0015445890777589 0.996012601280403 0.00107749818151517 
0.0209484317754713 0.0112850581173077 0.0589871124666947 0.908779397640526 

0.466269874647254 0.0799984625301806 0.245118234548883 0.208613428273682 
0.0064629511275851 0.57382654995822 0.0493911058277969 0.370319393086398 
0.370319393086398 0.0493911058277969 0.57382654995822 0.0064629511275851 
0.208613428273682 0.245118234548883 0.0799984625301806 0.466269874647254 

0.965189892848795 0.0234401590155333 0.000325742325320165 0.0110442058103521 
0.0464537572211914 0.938736639757349 0.012015648958519 0.00279395406294053 
0.00279395406294053 0.012015648958519 0.938736639757349 0.0464537572211914 
0.0110442058103521 0.000325742325320165 0.0234401590155333 0.965189892848795 

0.863309633086865 0.0199472173239466 0.00360552571138842 0.1131376238778 
0.0174347967474952 0.176332744289343 0.027525706962641 0.778706752000521 
0.778706752000521 0.027525706962641 0.176332744289343 0.0174347967474952 
0.1131376238778 0.00360552571138842 0.0199472173239466 0.863309633086865 

0.97076991916297 0.00614945255473377 7.85324239148564e-05 0.0230020958583819 
0.0198498436913191 0.933442259846422 0.0426251607670015 0.0040827356952572 
0.0040827356952572 0.0426251607670015 0.933442259846422 0.0198498436913191 
0.0230020958583819 7.85324239148564e-05 0.00614945255473377 0.97076991916297 


