4 5

0.415450867265463 0.0845491327345371 0.0845491327345371 0.415450867265463 

0.945307735338086 0.0261525655585563 0.00321862789181467 0.0253210712115428 
0.00089802280449542 0.957869275046643 0.0229964792215067 0.0182362229273553 
0.0182362229273553 0.0229964792215067 0.957869275046643 0.00089802280449542 
0.0253210712115428 0.00321862789181467 0.0261525655585563 0.945307735338086 

0.498561415600908 0.000336639032902288 0.0290390920683742 0.472062853297816 
0.00022038118137813 0.948603543517138 0.0236447888897788 0.0275312864117055 
0.0275312864117055 0.0236447888897788 0.948603543517138 0.00022038118137813 
0.472062853297816 0.0290390920683742 0.000336639032902288 0.498561415600908 

0.927578438978597 4.6073304353906e-05 0.00511560647508203 0.0672598812419665 
0.00069408076268388 0.978161322187449 0.0070256686677464 0.0141189283821202 
0.0141189283821202 0.0070256686677464 0.978161322187449 0.00069408076268388 
0.0672598812419665 0.00511560647508203 4.6073304353906e-05 0.927578438978597 

0.557001307042195 0.00188655740480295 0.0403524916451928 0.400759643907809 
0.374141030730441 0.378900523333965 0.0402772806914195 0.206681165244174 
0.206681165244174 0.0402772806914195 0.378900523333965 0.374141030730441 
0.400759643907809 0.0403524916451928 0.00188655740480295 0.557001307042195 

0.959361151684339 0.00463164855082685 0.0224183190514933 0.0135888807133412 
0.0146670574096933 0.944190607426967 0.0401927275888124 0.000949607574526957 
0.000949607574526957 0.0401927275888124 0.944190607426967 0.0146670574096933 
0.0135888807133412 0.0224183190514933 0.00463164855082685 0.959361151684339 


