4 5

0.429395902436227 0.0706040975637734 0.0706040975637734 0.429395902436227 

0.948107881172367 0.022055088912662 0.0160075830631408 0.0138294468518301 
0.000949741105401916 0.955273895426078 0.0354986437775647 0.00827771969095503 
0.00827771969095503 0.0354986437775647 0.955273895426078 0.000949741105401916 
0.0138294468518301 0.0160075830631408 0.022055088912662 0.948107881172367 

0.454614571031897 0.0265551995250581 0.0906755985994625 0.428154630843582 
0.0138426298775745 0.527765458195872 0.387592674479702 0.0707992374468511 
0.0707992374468511 0.387592674479702 0.527765458195872 0.0138426298775745 
0.428154630843582 0.0906755985994625 0.0265551995250581 0.454614571031897 

0.948121138670872 0.00405086050444863 0.00702084237589746 0.040807158448782 
0.00753234550711642 0.955823835911501 0.0317680749955715 0.0048757435858107 
0.0048757435858107 0.0317680749955715 0.955823835911501 0.00753234550711642 
0.040807158448782 0.00702084237589746 0.00405086050444863 0.948121138670872 

0.382983646623763 0.00124681411018387 0.242273128501907 0.373496410764146 
0.0264895252883425 0.853137413023398 0.0630648523210199 0.0573082093672398 
0.0573082093672398 0.0630648523210199 0.853137413023398 0.0264895252883425 
0.373496410764146 0.242273128501907 0.00124681411018387 0.382983646623763 

0.974032316493594 1.61441424422026e-05 0.00011490451718545 0.0258366348467788 
0.047820586135462 0.929340707903037 0.00975888340353104 0.0130798225579698 
0.0130798225579698 0.00975888340353104 0.929340707903037 0.047820586135462 
0.0258366348467788 0.00011490451718545 1.61441424422026e-05 0.974032316493594 


