4 5

0.16823050158564 0.33176949841436 0.33176949841436 0.16823050158564 

0.945386029715821 0.00431377057037513 0.00674300258168576 0.043557197132118 
0.0284216740268057 0.958327082451652 0.0117652183890588 0.00148602513248342 
0.00148602513248342 0.0117652183890588 0.958327082451652 0.0284216740268057 
0.043557197132118 0.00674300258168576 0.00431377057037513 0.945386029715821 

0.292738019903979 0.383450333866137 0.0645539513802499 0.259257694849634 
0.14948489453399 0.704765164125641 0.0631789837278273 0.0825709576125409 
0.0825709576125409 0.0631789837278273 0.704765164125641 0.14948489453399 
0.259257694849634 0.0645539513802499 0.383450333866137 0.292738019903979 

0.930853959160097 0.0426807518070492 0.0176044933152 0.00886079571765358 
0.00423478401561737 0.972568943855278 0.0110028983732936 0.0121933737558105 
0.0121933737558105 0.0110028983732936 0.972568943855278 0.00423478401561737 
0.00886079571765358 0.0176044933152 0.0426807518070492 0.930853959160097 

0.414105962420137 0.0183189497223658 0.170349404360687 0.397225683496811 
0.129509414703377 0.432853193893092 0.293174911240654 0.144462480162877 
0.144462480162877 0.293174911240654 0.432853193893092 0.129509414703377 
0.397225683496811 0.170349404360687 0.0183189497223658 0.414105962420137 

0.961026358225935 0.00222857793906997 0.00399708426698639 0.0327479795680083 
0.000218518045287183 0.942935398359941 0.0383857624491921 0.01846032114558 
0.01846032114558 0.0383857624491921 0.942935398359941 0.000218518045287183 
0.0327479795680083 0.00399708426698639 0.00222857793906997 0.961026358225935 


