4 5

0.478849462349899 0.0211505376501009 0.0211505376501009 0.478849462349899 

0.923561487398627 0.056244697072247 0.00216583900525855 0.0180279765238678 
0.00375514668519216 0.980203249403841 0.0107645154735024 0.005277088437464 
0.005277088437464 0.0107645154735024 0.980203249403841 0.00375514668519216 
0.0180279765238678 0.00216583900525855 0.056244697072247 0.923561487398627 

0.676317158750406 0.144944069561949 0.0374599600270387 0.141278811660606 
0.121159818887508 0.432954374993642 0.414743225780099 0.0311425803387519 
0.0311425803387519 0.414743225780099 0.432954374993642 0.121159818887508 
0.141278811660606 0.0374599600270387 0.144944069561949 0.676317158750406 

0.938125880461585 0.0439887556043813 0.00484461228862124 0.0130407516454125 
0.000210647397252151 0.964792495551588 0.0129886194961259 0.0220082375550337 
0.0220082375550337 0.0129886194961259 0.964792495551588 0.000210647397252151 
0.0130407516454125 0.00484461228862124 0.0439887556043813 0.938125880461585 

0.501977787975855 0.0206685461593669 0.000166458921039916 0.477187206943738 
0.293800561743151 0.444365027992939 0.227209571400818 0.0346248388630919 
0.0346248388630919 0.227209571400818 0.444365027992939 0.293800561743151 
0.477187206943738 0.000166458921039916 0.0206685461593669 0.501977787975855 

0.952058812106032 0.0464910672048261 0.00117281337141261 0.000277307317729458 
0.0101329302572523 0.95163351830312 0.0374845801577096 0.000748971281918379 
0.000748971281918379 0.0374845801577096 0.95163351830312 0.0101329302572523 
0.000277307317729458 0.00117281337141261 0.0464910672048261 0.952058812106032 


