4 5

0.37929260218516 0.12070739781484 0.12070739781484 0.37929260218516 

0.912239893199038 0.00224095282664801 0.0211905507364927 0.0643286032378215 
0.000753211936741335 0.994389170255489 0.00400402322562193 0.000853594582147225 
0.000853594582147225 0.00400402322562193 0.994389170255489 0.000753211936741335 
0.0643286032378215 0.0211905507364927 0.00224095282664801 0.912239893199038 

0.507012582469588 0.00133244157038747 0.0187216651987623 0.472933310761262 
0.000219189522020081 0.835283484439969 0.160030583495345 0.00446674254266585 
0.00446674254266585 0.160030583495345 0.835283484439969 0.000219189522020081 
0.472933310761262 0.0187216651987623 0.00133244157038747 0.507012582469588 

0.936421507787164 0.00260561858009 0.0196266196978924 0.041346253934854 
0.00269117520008896 0.967632428849825 0.0169945011071346 0.0126818948429515 
0.0126818948429515 0.0169945011071346 0.967632428849825 0.00269117520008896 
0.041346253934854 0.0196266196978924 0.00260561858009 0.936421507787164 

0.479136611992196 0.0237529041998451 0.0576734681669984 0.439437015640961 
0.210607029009279 0.717819949537078 0.0421294080487609 0.029443613404883 
0.029443613404883 0.0421294080487609 0.717819949537078 0.210607029009279 
0.439437015640961 0.0576734681669984 0.0237529041998451 0.479136611992196 

0.945241579898156 0.029436182435822 0.000789697574577681 0.0245325400914441 
0.000588318258608306 0.9575973104785 0.00175432064848302 0.0400600506144086 
0.0400600506144086 0.00175432064848302 0.9575973104785 0.000588318258608306 
0.0245325400914441 0.000789697574577681 0.029436182435822 0.945241579898156 


