4 5

0.386806425405666 0.113193574594334 0.113193574594334 0.386806425405666 

0.953573966881702 0.000335194001440588 0.0312035936798986 0.0148872454369585 
0.00838041864400232 0.949904292428742 0.0412391523364423 0.000476136590813006 
0.000476136590813006 0.0412391523364423 0.949904292428742 0.00838041864400232 
0.0148872454369585 0.0312035936798986 0.000335194001440588 0.953573966881702 

0.635391031981321 0.0206579292266788 0.281923797440326 0.0620272413516741 
0.0246246042225564 0.472596217369032 0.322367900900487 0.180411277507925 
0.180411277507925 0.322367900900487 0.472596217369032 0.0246246042225564 
0.0620272413516741 0.281923797440326 0.0206579292266788 0.635391031981321 

0.919117122459996 0.0190271791392721 0.00294323433013916 0.0589124640705928 
0.000284989652549954 0.986569778161938 0.0116960569265775 0.00144917525893431 
0.00144917525893431 0.0116960569265775 0.986569778161938 0.000284989652549954 
0.0589124640705928 0.00294323433013916 0.0190271791392721 0.919117122459996 

0.536963283261973 0.0471663577430725 0.000375695129749255 0.415494663865206 
0.00733832450848193 0.418259289112975 0.243003742368396 0.331398644010147 
0.331398644010147 0.243003742368396 0.418259289112975 0.00733832450848193 
0.415494663865206 0.000375695129749255 0.0471663577430725 0.536963283261973 

0.957752528480591 0.00127063355738203 0.0326077526059122 0.00836908535611469 
0.000564493204509112 0.946118702872747 0.0433001365795463 0.0100166673431974 
0.0100166673431974 0.0433001365795463 0.946118702872747 0.000564493204509112 
0.00836908535611469 0.0326077526059122 0.00127063355738203 0.957752528480591 


