4 5

0.168080407544039 0.331919592455961 0.331919592455961 0.168080407544039 

0.933722112257745 0.000865119244314295 0.0174721584797059 0.047940610018235 
0.00334414513902234 0.970812378623475 0.000872006944594939 0.0249714692929076 
0.0249714692929076 0.000872006944594939 0.970812378623475 0.00334414513902234 
0.047940610018235 0.0174721584797059 0.000865119244314295 0.933722112257745 

0.682006113930316 0.062778497812179 0.0610676438230981 0.194147744434407 
0.287747670432502 0.348539237044854 0.34742460779542 0.0162884847272242 
0.0162884847272242 0.34742460779542 0.348539237044854 0.287747670432502 
0.194147744434407 0.0610676438230981 0.062778497812179 0.682006113930316 

0.960481693458652 0.00184615004132825 0.0194159760548463 0.0182561804451736 
0.00142614473171223 0.943825285062461 0.0547226378348379 2.59323709884425e-05 
2.59323709884425e-05 0.0547226378348379 0.943825285062461 0.00142614473171223 
0.0182561804451736 0.0194159760548463 0.00184615004132825 0.960481693458652 

0.62087479339628 0.00103143939684339 0.0229402037024997 0.355153563504377 
0.0110064342924734 0.326650624855479 0.297164221168372 0.365178719683676 
0.365178719683676 0.297164221168372 0.326650624855479 0.0110064342924734 
0.355153563504377 0.0229402037024997 0.00103143939684339 0.62087479339628 

0.963109310815579 0.00393696653850237 0.0144565528728254 0.0184971697730931 
0.0511648252542709 0.939952671220171 0.00313358945647801 0.00574891406908021 
0.00574891406908021 0.00313358945647801 0.939952671220171 0.0511648252542709 
0.0184971697730931 0.0144565528728254 0.00393696653850237 0.963109310815579 


