4 5

0.290574566461146 0.209425433538854 0.209425433538854 0.290574566461146 

0.967292701788026 7.83083628909474e-06 0.00763135306107031 0.025068114314615 
0.00193001470143705 0.936338022064429 0.0231796407190029 0.0385523225151314 
0.0385523225151314 0.0231796407190029 0.936338022064429 0.00193001470143705 
0.025068114314615 0.00763135306107031 7.83083628909474e-06 0.967292701788026 

0.480939742258329 0.0902021599571518 0.0353728240325862 0.393485273751933 
0.381950583907166 0.237879642010971 0.144282474389607 0.235887299692256 
0.235887299692256 0.144282474389607 0.237879642010971 0.381950583907166 
0.393485273751933 0.0353728240325862 0.0902021599571518 0.480939742258329 

0.941214048990142 0.000939936931723677 0.00599052163077729 0.0518554924473569 
0.00102605656174032 0.963440934863049 0.0345792183124323 0.000953790262778362 
0.000953790262778362 0.0345792183124323 0.963440934863049 0.00102605656174032 
0.0518554924473569 0.00599052163077729 0.000939936931723677 0.941214048990142 

0.485540214621141 0.00773229261170302 0.200741508604472 0.305985984162683 
0.189358446309705 0.311231146289951 0.302639188580787 0.196771218819558 
0.196771218819558 0.302639188580787 0.311231146289951 0.189358446309705 
0.305985984162683 0.200741508604472 0.00773229261170302 0.485540214621141 

0.96376692792691 0.032912803260109 0.00193834419591393 0.00138192461706715 
0.00549562431108722 0.939153901121863 6.98766086271729e-05 0.0552805979584222 
0.0552805979584222 6.98766086271729e-05 0.939153901121863 0.00549562431108722 
0.00138192461706715 0.00193834419591393 0.032912803260109 0.96376692792691 


