4 5

0.043740993947722 0.456259006052278 0.456259006052278 0.043740993947722 

0.938209226390085 0.02842581527164 0.00097725264706703 0.0323877056912076 
0.0108419303734172 0.965573311765019 0.02155597662609 0.00202878123547375 
0.00202878123547375 0.02155597662609 0.965573311765019 0.0108419303734172 
0.0323877056912076 0.00097725264706703 0.02842581527164 0.938209226390085 

0.615185105231205 0.260662663116302 0.0942870831205374 0.0298651485319555 
0.0527026371817817 0.337550185948517 0.266807381836155 0.342939795033546 
0.342939795033546 0.266807381836155 0.337550185948517 0.0527026371817817 
0.0298651485319555 0.0942870831205374 0.260662663116302 0.615185105231205 

0.931667249415875 0.00442343328787185 0.0565655726425424 0.00734374465371118 
0.0206889221349808 0.971571743217537 0.00365275571486717 0.00408657893261499 
0.00408657893261499 0.00365275571486717 0.971571743217537 0.0206889221349808 
0.00734374465371118 0.0565655726425424 0.00442343328787185 0.931667249415875 

0.450328024355621 0.355351445215445 0.00873116033077084 0.185589370098163 
0.197483351388591 0.46785099417722 0.10560055558656 0.229065098847629 
0.229065098847629 0.10560055558656 0.46785099417722 0.197483351388591 
0.185589370098163 0.00873116033077084 0.355351445215445 0.450328024355621 

0.993621490639279 0.00119521937526523 0.00414140812355057 0.00104188186190518 
0.0221349691997844 0.910949855677494 0.00742840455278032 0.0594867705699414 
0.0594867705699414 0.00742840455278032 0.910949855677494 0.0221349691997844 
0.00104188186190518 0.00414140812355057 0.00119521937526523 0.993621490639279 


