4 5

0.132723942864686 0.367276057135314 0.367276057135314 0.132723942864686 

0.969732471141155 0.00541857091114004 0.00157107543073789 0.0232778825169675 
0.0342149736432976 0.933712296300911 0.0169513297549987 0.0151214003007926 
0.0151214003007926 0.0169513297549987 0.933712296300911 0.0342149736432976 
0.0232778825169675 0.00157107543073789 0.00541857091114004 0.969732471141155 

0.504486032220883 0.0119655113715573 0.315171342449492 0.168377113958067 
0.00753231919814408 0.551647365304353 0.271438707017922 0.169381608479581 
0.169381608479581 0.271438707017922 0.551647365304353 0.00753231919814408 
0.168377113958067 0.315171342449492 0.0119655113715573 0.504486032220883 

0.937078430169147 0.0048407877001048 0.0411666296641419 0.016914152466606 
0.000567988241970732 0.96696845984204 0.00505169332830907 0.02741185858768 
0.02741185858768 0.00505169332830907 0.96696845984204 0.000567988241970732 
0.016914152466606 0.0411666296641419 0.0048407877001048 0.937078430169147 

0.365791315694115 0.337274659893933 0.0132381116622003 0.283695912749751 
0.0132724790347774 0.730190471537923 0.254888167272248 0.00164888215505088 
0.00164888215505088 0.254888167272248 0.730190471537923 0.0132724790347774 
0.283695912749751 0.0132381116622003 0.337274659893933 0.365791315694115 

0.967387413963286 0.00149585649467823 0.02910680091071 0.00200992863132576 
0.0637259988535576 0.935452395345058 0.000381445121996837 0.000440160679387562 
0.000440160679387562 0.000381445121996837 0.935452395345058 0.0637259988535576 
0.00200992863132576 0.02910680091071 0.00149585649467823 0.967387413963286 


