4 5

0.412427793606184 0.0875722063938156 0.0875722063938156 0.412427793606184 

0.9184224874233 0.00197121132625131 0.0101008397690494 0.0695054614813991 
0.00843999288184201 0.988058803864537 0.0034980271629354 3.17609068571992e-06 
3.17609068571992e-06 0.0034980271629354 0.988058803864537 0.00843999288184201 
0.0695054614813991 0.0101008397690494 0.00197121132625131 0.9184224874233 

0.466525599213132 0.143458541129093 0.0170060787727475 0.373009780885028 
0.0233443086123542 0.530393526196199 0.321528758493124 0.124733406698323 
0.124733406698323 0.321528758493124 0.530393526196199 0.0233443086123542 
0.373009780885028 0.0170060787727475 0.143458541129093 0.466525599213132 

0.938530828227029 0.0261261062371155 0.00297242167812618 0.0323706438577288 
0.000588235429695017 0.965087688367967 0.0273508053736894 0.00697327082864849 
0.00697327082864849 0.0273508053736894 0.965087688367967 0.000588235429695017 
0.0323706438577288 0.00297242167812618 0.0261261062371155 0.938530828227029 

0.784266526521603 0.177615798283279 0.0115529334788081 0.0265647417163102 
0.335500023765624 0.375970078247632 0.243684180692007 0.0448457172947371 
0.0448457172947371 0.243684180692007 0.375970078247632 0.335500023765624 
0.0265647417163102 0.0115529334788081 0.177615798283279 0.784266526521603 

0.954552036009381 0.00432678040838825 0.00335942519204317 0.037761758390188 
0.00244844100845256 0.949833023281381 0.0469107346906413 0.000807801019525469 
0.000807801019525469 0.0469107346906413 0.949833023281381 0.00244844100845256 
0.037761758390188 0.00335942519204317 0.00432678040838825 0.954552036009381 


