4 5

0.223259023507126 0.276740976492874 0.276740976492874 0.223259023507126 

0.996184993833736 0.00234220766534818 0.000177485578822822 0.00129531292209256 
0.00143514034795646 0.912353475771311 0.0858357649368415 0.000375618943891362 
0.000375618943891362 0.0858357649368415 0.912353475771311 0.00143514034795646 
0.00129531292209256 0.000177485578822822 0.00234220766534818 0.996184993833736 

0.641462215058755 0.0203312661973359 0.145466659039624 0.192739859704285 
0.0196303179504682 0.414816304719361 0.363886661352368 0.201666715977803 
0.201666715977803 0.363886661352368 0.414816304719361 0.0196303179504682 
0.192739859704285 0.145466659039624 0.0203312661973359 0.641462215058755 

0.931653313532011 0.00295182552323288 0.0259766591850152 0.0394182017597413 
0.00459363295288497 0.97236723827399 0.0228579689050576 0.000181159868067088 
0.000181159868067088 0.0228579689050576 0.97236723827399 0.00459363295288497 
0.0394182017597413 0.0259766591850152 0.00295182552323288 0.931653313532011 

0.662805663611577 0.0597795014539859 0.0311613769859582 0.246253457948478 
0.259285497572577 0.378317636204865 0.360468365823037 0.00192850039952075 
0.00192850039952075 0.360468365823037 0.378317636204865 0.259285497572577 
0.246253457948478 0.0311613769859582 0.0597795014539859 0.662805663611577 

0.949545174833179 0.00645577587101685 0.000247018976294998 0.0437520303195091 
0.000819857738409562 0.95487364154756 0.0423347499634893 0.00197175075054065 
0.00197175075054065 0.0423347499634893 0.95487364154756 0.000819857738409562 
0.0437520303195091 0.000247018976294998 0.00645577587101685 0.949545174833179 


