4 5

0.0762684248620644 0.423731575137936 0.423731575137936 0.0762684248620644 

0.975761526022857 0.0018933354381461 0.000712931199574468 0.0216322073394222 
0.000258737000830477 0.930136477450461 0.0694153720517967 0.000189413496911462 
0.000189413496911462 0.0694153720517967 0.930136477450461 0.000258737000830477 
0.0216322073394222 0.000712931199574468 0.0018933354381461 0.975761526022857 

0.435746335774681 0.0886455915256652 0.0489029873114931 0.42670508538816 
0.180225421739102 0.616489415636717 0.131517263482409 0.0717678991417714 
0.0717678991417714 0.131517263482409 0.616489415636717 0.180225421739102 
0.42670508538816 0.0489029873114931 0.0886455915256652 0.435746335774681 

0.910398471925249 0.000870845495849308 0.0843760664324855 0.00435461614641647 
0.00404364589503393 0.993941510214567 0.00163022391092915 0.00038461997947014 
0.00038461997947014 0.00163022391092915 0.993941510214567 0.00404364589503393 
0.00435461614641647 0.0843760664324855 0.000870845495849308 0.910398471925249 

0.566539770654849 0.248102803234955 0.0581576398048533 0.127199786305343 
0.258705269218121 0.252670330373634 0.245426969679897 0.243197430728348 
0.243197430728348 0.245426969679897 0.252670330373634 0.258705269218121 
0.127199786305343 0.0581576398048533 0.248102803234955 0.566539770654849 

0.938020078911869 0.00876322536203429 0.0276186620500621 0.0255980336760346 
0.00248597211346024 0.96571051709236 0.00902528722734297 0.0227782235668371 
0.0227782235668371 0.00902528722734297 0.96571051709236 0.00248597211346024 
0.0255980336760346 0.0276186620500621 0.00876322536203429 0.938020078911869 


