4 5

0.404004757292569 0.0959952427074313 0.0959952427074313 0.404004757292569 

0.97444654958551 0.00535449693977086 6.46930655726569e-05 0.0201342604091462 
0.00297833787786727 0.930031785919556 0.0483538130442382 0.0186360631583388 
0.0186360631583388 0.0483538130442382 0.930031785919556 0.00297833787786727 
0.0201342604091462 6.46930655726569e-05 0.00535449693977086 0.97444654958551 

0.697463122442656 0.0242657527579867 0.0116153628813937 0.266655761917964 
0.0479509502393362 0.469903108553159 0.468771073065879 0.0133748681416267 
0.0133748681416267 0.468771073065879 0.469903108553159 0.0479509502393362 
0.266655761917964 0.0116153628813937 0.0242657527579867 0.697463122442656 

0.980254496091174 0.000232421935595734 0.00171573170472901 0.017797350268501 
0.0681856789441153 0.923244626446796 0.00329383811411976 0.00527585649496912 
0.00527585649496912 0.00329383811411976 0.923244626446796 0.0681856789441153 
0.017797350268501 0.00171573170472901 0.000232421935595734 0.980254496091174 

0.304077914053831 0.113700352635585 0.348711410581871 0.233510322728712 
0.0271946195851357 0.545015073789464 0.339275436511442 0.0885148701139588 
0.0885148701139588 0.339275436511442 0.545015073789464 0.0271946195851357 
0.233510322728712 0.348711410581871 0.113700352635585 0.304077914053831 

0.978684982627709 0.011208611953555 0.00199428595962379 0.00811211945911217 
0.000337737823769254 0.927266864365076 0.0705160845422743 0.00187931326888088 
0.00187931326888088 0.0705160845422743 0.927266864365076 0.000337737823769254 
0.00811211945911217 0.00199428595962379 0.011208611953555 0.978684982627709 


