4 5

0.0512530067935586 0.448746993206441 0.448746993206441 0.0512530067935586 

0.965624511434021 0.0024790879149476 0.000446372183942234 0.0314500284670894 
0.0272057056991271 0.938031438709453 0.0278586562013008 0.00690419939011854 
0.00690419939011854 0.0278586562013008 0.938031438709453 0.0272057056991271 
0.0314500284670894 0.000446372183942234 0.0024790879149476 0.965624511434021 

0.469386455180127 0.00320892455899913 0.0850747913843023 0.442329828876571 
0.0604025864071522 0.909194673102516 0.00222316359102864 0.0281795768993032 
0.0281795768993032 0.00222316359102864 0.909194673102516 0.0604025864071522 
0.442329828876571 0.0850747913843023 0.00320892455899913 0.469386455180127 

0.938950483853663 0.0566362063166493 0.00434844202172562 6.48678079621101e-05 
0.00620747824225529 0.964179744920828 0.000366625096783035 0.0292461517401334 
0.0292461517401334 0.000366625096783035 0.964179744920828 0.00620747824225529 
6.48678079621101e-05 0.00434844202172562 0.0566362063166493 0.938950483853663 

0.800532941367091 0.00378501663777998 0.00317130763045125 0.192510734364678 
0.00359981717705233 0.516684174706691 0.479486940353462 0.00022906776279512 
0.00022906776279512 0.479486940353462 0.516684174706691 0.00359981717705233 
0.192510734364678 0.00317130763045125 0.00378501663777998 0.800532941367091 

0.984610953365984 0.000118577212639783 0.00330894690245461 0.0119615225189213 
0.00156728977079815 0.92217677300128 0.0758953619130321 0.000360575314889501 
0.000360575314889501 0.0758953619130321 0.92217677300128 0.00156728977079815 
0.0119615225189213 0.00330894690245461 0.000118577212639783 0.984610953365984 


