4 5

0.214046168606728 0.285953831393272 0.285953831393272 0.214046168606728 

0.987120543689912 0.00688764501632445 0.00222465321425313 0.00376715807951045 
0.0106921600145957 0.916999703498663 0.0171198618980291 0.0551882745887125 
0.0551882745887125 0.0171198618980291 0.916999703498663 0.0106921600145957 
0.00376715807951045 0.00222465321425313 0.00688764501632445 0.987120543689912 

0.552878414983409 0.0272561938493346 0.0201284699915521 0.399736921175704 
0.219079295238488 0.370012018131757 0.361673663780079 0.0492350228496768 
0.0492350228496768 0.361673663780079 0.370012018131757 0.219079295238488 
0.399736921175704 0.0201284699915521 0.0272561938493346 0.552878414983409 

0.913592119284892 0.0798932670647375 0.00504431072243132 0.00147030292793882 
0.00387897995776275 0.990771986345189 0.0050608784162231 0.000288155280825389 
0.000288155280825389 0.0050608784162231 0.990771986345189 0.00387897995776275 
0.00147030292793882 0.00504431072243132 0.0798932670647375 0.913592119284892 

0.447107368146556 0.137786729210493 0.0362708002055004 0.37883510243745 
0.395235412083783 0.55169184334929 0.0165802193681708 0.0364925251987556 
0.0364925251987556 0.0165802193681708 0.55169184334929 0.395235412083783 
0.37883510243745 0.0362708002055004 0.137786729210493 0.447107368146556 

0.962721147731679 0.00154782061416113 0.00366333093540939 0.0320677007187508 
0.0509344915127714 0.940501930065834 0.000689706018602299 0.00787387240279228 
0.00787387240279228 0.000689706018602299 0.940501930065834 0.0509344915127714 
0.0320677007187508 0.00366333093540939 0.00154782061416113 0.962721147731679 


