4 5

0.00898762815631926 0.491012371843681 0.491012371843681 0.00898762815631926 

0.990565161070701 0.000267046416969998 0.00188896691321423 0.00727882559911441 
0.0107642498693382 0.915172167781065 0.0549996310431508 0.0190639513064464 
0.0190639513064464 0.0549996310431508 0.915172167781065 0.0107642498693382 
0.00727882559911441 0.00188896691321423 0.000267046416969998 0.990565161070701 

0.67893308577326 0.0381686946135635 0.00116591824517407 0.281732301368003 
0.00369702348734354 0.49447645531792 0.437040140595432 0.064786380599304 
0.064786380599304 0.437040140595432 0.49447645531792 0.00369702348734354 
0.281732301368003 0.00116591824517407 0.0381686946135635 0.67893308577326 

0.927355345570154 0.00356299183912037 0.0165161458013699 0.0525655167893558 
0.00409617197345668 0.977472835288165 0.0176176192779479 0.000813373460430318 
0.000813373460430318 0.0176176192779479 0.977472835288165 0.00409617197345668 
0.0525655167893558 0.0165161458013699 0.00356299183912037 0.927355345570154 

0.562525351362422 0.0402606016218669 0.162989448000033 0.234224599015678 
0.0277112779045936 0.50334877531258 0.380556794195873 0.0883831525869539 
0.0883831525869539 0.380556794195873 0.50334877531258 0.0277112779045936 
0.234224599015678 0.162989448000033 0.0402606016218669 0.562525351362422 

0.912206175720858 0.0120068790310084 0.00132603756699183 0.0744609076811417 
0.000542369093854815 0.995258592106936 0.00403199728879067 0.000167041510418394 
0.000167041510418394 0.00403199728879067 0.995258592106936 0.000542369093854815 
0.0744609076811417 0.00132603756699183 0.0120068790310084 0.912206175720858 


