4 5

0.0754960883641616 0.424503911635838 0.424503911635838 0.0754960883641616 

0.960457817024745 0.00973537281032918 0.00416047982128245 0.0256463303436437 
0.0260901985687365 0.942941668346916 0.0201217833471672 0.0108463497371802 
0.0108463497371802 0.0201217833471672 0.942941668346916 0.0260901985687365 
0.0256463303436437 0.00416047982128245 0.00973537281032918 0.960457817024745 

0.517579151669826 0.00286495608649835 0.0366372194721358 0.44291867277154 
0.00540400403866124 0.642581550780456 0.231404073372083 0.1206103718088 
0.1206103718088 0.231404073372083 0.642581550780456 0.00540400403866124 
0.44291867277154 0.0366372194721358 0.00286495608649835 0.517579151669826 

0.911661520597659 0.00233334396399586 0.0859426156705592 6.25197677856515e-05 
0.000787968531921822 0.992544473489547 0.00660016215715925 6.73958213715424e-05 
6.73958213715424e-05 0.00660016215715925 0.992544473489547 0.000787968531921822 
6.25197677856515e-05 0.0859426156705592 0.00233334396399586 0.911661520597659 

0.501056211809703 0.0249488576963728 0.0037538362639016 0.470241094230022 
0.0612261098276539 0.861663828018691 0.00161430307631477 0.0754957590773402 
0.0754957590773402 0.00161430307631477 0.861663828018691 0.0612261098276539 
0.470241094230022 0.0037538362639016 0.0249488576963728 0.501056211809703 

0.920270869909926 0.0550300606288776 0.00640805762003247 0.0182910118411644 
0.0113677136549269 0.984115283755452 0.00291388832553352 0.0016031142640877 
0.0016031142640877 0.00291388832553352 0.984115283755452 0.0113677136549269 
0.0182910118411644 0.00640805762003247 0.0550300606288776 0.920270869909926 


