4 5

0.17796394880861 0.32203605119139 0.32203605119139 0.17796394880861 

0.906975251027712 0.00673529127631877 0.0780491523337308 0.00824030536223819 
0.0001072950427929 0.997690693679701 0.00216031149735879 4.16997801476072e-05 
4.16997801476072e-05 0.00216031149735879 0.997690693679701 0.0001072950427929 
0.00824030536223819 0.0780491523337308 0.00673529127631877 0.906975251027712 

0.856762687087778 0.000238535948371394 0.000227332431997933 0.142771444531852 
7.14396247132921e-05 0.51555398753452 0.484199660423755 0.000174912417011781 
0.000174912417011781 0.484199660423755 0.51555398753452 7.14396247132921e-05 
0.142771444531852 0.000227332431997933 0.000238535948371394 0.856762687087778 

0.947983544920234 0.000423144883264072 0.00354298154826875 0.0480503286482329 
0.00868899556417761 0.955981611443287 0.0199355775185523 0.0153938154739831 
0.0153938154739831 0.0199355775185523 0.955981611443287 0.00868899556417761 
0.0480503286482329 0.00354298154826875 0.000423144883264072 0.947983544920234 

0.62082808797209 0.258465190463957 0.0300348060755403 0.0906719154884132 
0.0042912657052209 0.506048761869545 0.456040989447305 0.0336189829779301 
0.0336189829779301 0.456040989447305 0.506048761869545 0.0042912657052209 
0.0906719154884132 0.0300348060755403 0.258465190463957 0.62082808797209 

0.931784284642707 0.0414912175743852 0.00634481608925534 0.0203796816936522 
0.0227354559164957 0.972334139329365 0.00479661381765117 0.000133790936488359 
0.000133790936488359 0.00479661381765117 0.972334139329365 0.0227354559164957 
0.0203796816936522 0.00634481608925534 0.0414912175743852 0.931784284642707 


