4 5

0.466066601336934 0.0339333986630663 0.0339333986630663 0.466066601336934 

0.982171227102362 0.0018713573403164 0.00974790511953694 0.00620951043778467 
0.0101595375550243 0.92251367942299 0.0423612837841353 0.0249654992378504 
0.0249654992378504 0.0423612837841353 0.92251367942299 0.0101595375550243 
0.00620951043778467 0.00974790511953694 0.0018713573403164 0.982171227102362 

0.448768117716678 0.00217392058064755 0.144684201130007 0.404373760572667 
0.0343771869618202 0.604515422795742 0.201742887512273 0.159364502730165 
0.159364502730165 0.201742887512273 0.604515422795742 0.0343771869618202 
0.404373760572667 0.144684201130007 0.00217392058064755 0.448768117716678 

0.955536290437443 0.0164861830238286 0.0207941072651704 0.00718341927355753 
0.0248048231165329 0.947769544340348 0.0267258970467855 0.000699735496333913 
0.000699735496333913 0.0267258970467855 0.947769544340348 0.0248048231165329 
0.00718341927355753 0.0207941072651704 0.0164861830238286 0.955536290437443 

0.485600531072017 0.01682418051496 0.0138828624060966 0.483692426006926 
0.161997081574319 0.436127069022887 0.303898207569279 0.0979776418335148 
0.0979776418335148 0.303898207569279 0.436127069022887 0.161997081574319 
0.483692426006926 0.0138828624060966 0.01682418051496 0.485600531072017 

0.960171667037025 0.00747210870314349 7.33091934133415e-05 0.0322829150664178 
8.56636081010621e-06 0.944523252502235 0.0552913760844243 0.000176805052530301 
0.000176805052530301 0.0552913760844243 0.944523252502235 8.56636081010621e-06 
0.0322829150664178 7.33091934133415e-05 0.00747210870314349 0.960171667037025 


