4 5

0.23987718007993 0.26012281992007 0.26012281992007 0.23987718007993 

0.968931868323125 3.07555318173544e-05 0.0197059779464346 0.0113313981986227 
0.0148187333783751 0.935183409964006 0.0484612323984128 0.0015366242592062 
0.0015366242592062 0.0484612323984128 0.935183409964006 0.0148187333783751 
0.0113313981986227 0.0197059779464346 3.07555318173544e-05 0.968931868323125 

0.73556930010654 0.106612574071894 0.00307183647563136 0.154746289345936 
0.278427847658555 0.38050789190793 0.332305570439709 0.00875868999380588 
0.00875868999380588 0.332305570439709 0.38050789190793 0.278427847658555 
0.154746289345936 0.00307183647563136 0.106612574071894 0.73556930010654 

0.960600837616304 0.0302675132723977 0.00562066353569312 0.00351098557560486 
0.000540106089424866 0.943048714326439 0.043904444695116 0.0125067348890202 
0.0125067348890202 0.043904444695116 0.943048714326439 0.000540106089424866 
0.00351098557560486 0.00562066353569312 0.0302675132723977 0.960600837616304 

0.348948282226189 0.013263302630096 0.297392169813465 0.34039624533025 
0.0876493325208488 0.762847733216226 0.0404339175014403 0.109069016761485 
0.109069016761485 0.0404339175014403 0.762847733216226 0.0876493325208488 
0.34039624533025 0.297392169813465 0.013263302630096 0.348948282226189 

0.923635330730637 0.00213056727058344 0.0335155986309212 0.040718503367858 
0.000836740755767828 0.980841660824631 0.0147556271523649 0.0035659712672363 
0.0035659712672363 0.0147556271523649 0.980841660824631 0.000836740755767828 
0.040718503367858 0.0335155986309212 0.00213056727058344 0.923635330730637 


