4 5

0.461437941878103 0.0385620581218973 0.0385620581218973 0.461437941878103 

0.935792240476862 0.042314093175569 0.00223175443115578 0.0196619119164129 
0.0277539147154741 0.968395476414462 0.00347849278884299 0.00037211608122135 
0.00037211608122135 0.00347849278884299 0.968395476414462 0.0277539147154741 
0.0196619119164129 0.00223175443115578 0.042314093175569 0.935792240476862 

0.583690126128318 0.120796847452802 0.0326956565947319 0.262817369824148 
0.224028634233178 0.441849869635091 0.272928389076637 0.0611931070550931 
0.0611931070550931 0.272928389076637 0.441849869635091 0.224028634233178 
0.262817369824148 0.0326956565947319 0.120796847452802 0.583690126128318 

0.965598584924269 0.0215223670049098 0.00264255981724609 0.0102364882535753 
0.0107499057589381 0.937644432067601 0.0200662512030306 0.0315394109704303 
0.0315394109704303 0.0200662512030306 0.937644432067601 0.0107499057589381 
0.0102364882535753 0.00264255981724609 0.0215223670049098 0.965598584924269 

0.501343716028629 0.0374437502033272 0.00221774020921722 0.458994793558827 
0.062601221476307 0.784982421957144 0.145647822809716 0.00676853375683363 
0.00676853375683363 0.145647822809716 0.784982421957144 0.062601221476307 
0.458994793558827 0.00221774020921722 0.0374437502033272 0.501343716028629 

0.954914400000519 0.00100368528242348 0.000130426042242976 0.0439514886748146 
2.74515975805069e-07 0.949884473091893 0.0500694681814298 4.57842107018174e-05 
4.57842107018174e-05 0.0500694681814298 0.949884473091893 2.74515975805069e-07 
0.0439514886748146 0.000130426042242976 0.00100368528242348 0.954914400000519 


