4 5

0.334248535102233 0.165751464897767 0.165751464897767 0.334248535102233 

0.934036766910237 0.0426247244504405 0.00655015395628014 0.0167883546830422 
0.000911760383229673 0.969100606756499 0.00925854872464693 0.0207290841356243 
0.0207290841356243 0.00925854872464693 0.969100606756499 0.000911760383229673 
0.0167883546830422 0.00655015395628014 0.0426247244504405 0.934036766910237 

0.423811013146133 0.148438786017497 0.0103351465635153 0.417415054272854 
0.225142608302648 0.50412244602126 0.0651227398260636 0.205612205850028 
0.205612205850028 0.0651227398260636 0.50412244602126 0.225142608302648 
0.417415054272854 0.0103351465635153 0.148438786017497 0.423811013146133 

0.935476282194344 0.0446947843445914 0.0164494444825367 0.00337948897852752 
0.00407172674770996 0.967904557547834 0.00183536374220933 0.0261883519622462 
0.0261883519622462 0.00183536374220933 0.967904557547834 0.00407172674770996 
0.00337948897852752 0.0164494444825367 0.0446947843445914 0.935476282194344 

0.740473473857721 0.00195744386218065 0.0117395296239146 0.245829552656184 
0.00232575805605661 0.494969925323239 0.494764872613823 0.00793944400688197 
0.00793944400688197 0.494764872613823 0.494969925323239 0.00232575805605661 
0.245829552656184 0.0117395296239146 0.00195744386218065 0.740473473857721 

0.9620493079494 0.0165549939151515 0.000479009758755823 0.0209166883766924 
0.0402466238645306 0.941583549510699 0.0161096795731801 0.0020601470515902 
0.0020601470515902 0.0161096795731801 0.941583549510699 0.0402466238645306 
0.0209166883766924 0.000479009758755823 0.0165549939151515 0.9620493079494 


