4 5

0.347679888596758 0.152320111403242 0.152320111403242 0.347679888596758 

0.973392958727963 0.00442380025483262 0.000155028989106315 0.0220282120280984 
0.0025218128648508 0.930482508681692 0.0352000948563935 0.0317955835970637 
0.0317955835970637 0.0352000948563935 0.930482508681692 0.0025218128648508 
0.0220282120280984 0.000155028989106315 0.00442380025483262 0.973392958727963 

0.49225961673054 0.014503672549627 0.00210801999579462 0.491128690724038 
0.0743826617962166 0.877458109618033 0.0456286555119561 0.00253057307379465 
0.00253057307379465 0.0456286555119561 0.877458109618033 0.0743826617962166 
0.491128690724038 0.00210801999579462 0.014503672549627 0.49225961673054 

0.946908760911126 0.0207496305960975 0.0291095415284255 0.00323206696435074 
0.00132795491575826 0.956443014460074 0.0313542710988856 0.0108747595252823 
0.0108747595252823 0.0313542710988856 0.956443014460074 0.00132795491575826 
0.00323206696435074 0.0291095415284255 0.0207496305960975 0.946908760911126 

0.508682447303943 0.0308010821387667 0.17750125373964 0.283015216817651 
0.0391626207741615 0.412530366535872 0.231727977659923 0.316579035030044 
0.316579035030044 0.231727977659923 0.412530366535872 0.0391626207741615 
0.283015216817651 0.17750125373964 0.0308010821387667 0.508682447303943 

0.914311483220148 0.000594248699535123 0.0596768539236229 0.0254174141566938 
0.00166578742948143 0.990253482384292 0.00464508161654759 0.00343564856967859 
0.00343564856967859 0.00464508161654759 0.990253482384292 0.00166578742948143 
0.0254174141566938 0.0596768539236229 0.000594248699535123 0.914311483220148 


