4 5

0.22749148728326 0.27250851271674 0.27250851271674 0.22749148728326 

0.927691905950029 0.0309487846096379 0.0264866226602061 0.0148726867801274 
0.0139796569808174 0.97604156433285 0.00763709401667872 0.00234168466965386 
0.00234168466965386 0.00763709401667872 0.97604156433285 0.0139796569808174 
0.0148726867801274 0.0264866226602061 0.0309487846096379 0.927691905950029 

0.903272241468982 0.0422776633566346 0.0452686820507035 0.00918141312368004 
0.0748522530905865 0.419851660475193 0.419748361917516 0.0855477245167045 
0.0855477245167045 0.419748361917516 0.419851660475193 0.0748522530905865 
0.00918141312368004 0.0452686820507035 0.0422776633566346 0.903272241468982 

0.978272109738483 0.00791592517923825 0.00853179691271519 0.00528016816956323 
0.00763027044953142 0.926424663513762 0.0485964722122252 0.0173485938244811 
0.0173485938244811 0.0485964722122252 0.926424663513762 0.00763027044953142 
0.00528016816956323 0.00853179691271519 0.00791592517923825 0.978272109738483 

0.238506926335818 0.00142313036181013 0.577104538988432 0.182965404313939 
0.000446152432414311 0.641280846209948 0.327782592640414 0.0304904087172236 
0.0304904087172236 0.327782592640414 0.641280846209948 0.000446152432414311 
0.182965404313939 0.577104538988432 0.00142313036181013 0.238506926335818 

0.995632071589478 5.64761021846856e-06 0.000185074061952355 0.00417720673835098 
0.0548099154850881 0.909428204627008 0.0333812162991703 0.00238066358873331 
0.00238066358873331 0.0333812162991703 0.909428204627008 0.0548099154850881 
0.00417720673835098 0.000185074061952355 5.64761021846856e-06 0.995632071589478 


