4 5

0.446100167930126 0.0538998320698738 0.0538998320698738 0.446100167930126 

0.914241511347278 0.0826116865698763 0.00197568550905066 0.00117111657379487 
0.00137260351992435 0.989855725316538 0.000431334054119659 0.00834033710941778 
0.00834033710941778 0.000431334054119659 0.989855725316538 0.00137260351992435 
0.00117111657379487 0.00197568550905066 0.0826116865698763 0.914241511347278 

0.529654792610656 0.109812384361403 0.136696574365344 0.223836248662597 
0.244214653569286 0.191053826771256 0.177239470630251 0.387492049029207 
0.387492049029207 0.177239470630251 0.191053826771256 0.244214653569286 
0.223836248662597 0.136696574365344 0.109812384361403 0.529654792610656 

0.982025731833057 0.0142570792934173 0.00242665221129608 0.00129053666222961 
0.0493091020914292 0.922183943072366 0.000551655388056516 0.0279552994481485 
0.0279552994481485 0.000551655388056516 0.922183943072366 0.0493091020914292 
0.00129053666222961 0.00242665221129608 0.0142570792934173 0.982025731833057 

0.71372762413444 0.00548742105918669 0.0181272578755877 0.262657696930786 
0.00145180479012133 0.495470525845116 0.495185988574696 0.00789168079006594 
0.00789168079006594 0.495185988574696 0.495470525845116 0.00145180479012133 
0.262657696930786 0.0181272578755877 0.00548742105918669 0.71372762413444 

0.965055108630357 0.000243350960806778 0.00299680110457064 0.031704739304266 
8.78302300612796e-05 0.93949074290848 0.0503734115358824 0.0100480153255759 
0.0100480153255759 0.0503734115358824 0.93949074290848 8.78302300612796e-05 
0.031704739304266 0.00299680110457064 0.000243350960806778 0.965055108630357 


