4 5

0.440808266052045 0.0591917339479551 0.0591917339479551 0.440808266052045 

0.955322064303895 0.00240525643545402 0.0112656608989524 0.0310070183616984 
0.000715928815650245 0.948945440726958 0.049229769944228 0.00110886051316422 
0.00110886051316422 0.049229769944228 0.948945440726958 0.000715928815650245 
0.0310070183616984 0.0112656608989524 0.00240525643545402 0.955322064303895 

0.891587079030082 0.0725973023747611 0.00335728817015932 0.0324583304249971 
0.0352331781826157 0.478889230509893 0.476727070055095 0.00915052125239644 
0.00915052125239644 0.476727070055095 0.478889230509893 0.0352331781826157 
0.0324583304249971 0.00335728817015932 0.0725973023747611 0.891587079030082 

0.973278074685221 0.0213934611788159 0.00339865986137916 0.00192980427458411 
0.00310893785389011 0.930785663962579 0.0426627516283786 0.0234426465551518 
0.0234426465551518 0.0426627516283786 0.930785663962579 0.00310893785389011 
0.00192980427458411 0.00339865986137916 0.0213934611788159 0.973278074685221 

0.457706135071443 0.0447113467540745 0.4787005033898 0.0188820147846819 
4.38382977143922e-06 0.499905453035585 0.462320875886434 0.037769287248209 
0.037769287248209 0.462320875886434 0.499905453035585 4.38382977143922e-06 
0.0188820147846819 0.4787005033898 0.0447113467540745 0.457706135071443 

0.960072945832176 0.00193204995262839 0.000467533022733744 0.0375274711924615 
0.0020148716438114 0.944687483806389 0.053130913706682 0.000166730843117714 
0.000166730843117714 0.053130913706682 0.944687483806389 0.0020148716438114 
0.0375274711924615 0.000467533022733744 0.00193204995262839 0.960072945832176 


