4 5

0.111590510001406 0.388409489998594 0.388409489998594 0.111590510001406 

0.948291117403988 0.000844624319148183 0.00213453669194823 0.0487297215849155 
0.00614710413612152 0.956026477885811 0.0330853392765827 0.00474107870148477 
0.00474107870148477 0.0330853392765827 0.956026477885811 0.00614710413612152 
0.0487297215849155 0.00213453669194823 0.000844624319148183 0.948291117403988 

0.768115468622981 0.190565626276119 0.0249187534323902 0.0164001516685098 
0.416013609217897 0.211624520114845 0.165222927482017 0.207138943185241 
0.207138943185241 0.165222927482017 0.211624520114845 0.416013609217897 
0.0164001516685098 0.0249187534323902 0.190565626276119 0.768115468622981 

0.975650324344747 0.000364648716031584 0.0118157562131688 0.0121692707260526 
0.00392132553004829 0.929446293457095 0.058795385997666 0.007836995015191 
0.007836995015191 0.058795385997666 0.929446293457095 0.00392132553004829 
0.0121692707260526 0.0118157562131688 0.000364648716031584 0.975650324344747 

0.528902713846237 0.00107882963669344 0.223684955269538 0.246333501247532 
0.00675041405846902 0.446599484612998 0.0978648654624303 0.448785235866103 
0.448785235866103 0.0978648654624303 0.446599484612998 0.00675041405846902 
0.246333501247532 0.223684955269538 0.00107882963669344 0.528902713846237 

0.971451292653477 0.00116778026876122 0.0221007688943206 0.00528015818344102 
0.0553082971584175 0.931717281345749 0.00363751038735532 0.00933691110847791 
0.00933691110847791 0.00363751038735532 0.931717281345749 0.0553082971584175 
0.00528015818344102 0.0221007688943206 0.00116778026876122 0.971451292653477 


