4 5

0.0100933004869148 0.489906699513085 0.489906699513085 0.0100933004869148 

0.944451599728355 0.0248072047544931 0.00393730772021831 0.0268038877969335 
0.00646790493096938 0.959152560566985 0.0320636192617158 0.00231591524033015 
0.00231591524033015 0.0320636192617158 0.959152560566985 0.00646790493096938 
0.0268038877969335 0.00393730772021831 0.0248072047544931 0.944451599728355 

0.302772426851995 0.0842412920525211 0.474294164577185 0.138692116518299 
0.00307204465566569 0.707132922013147 0.237720212587942 0.0520748207432455 
0.0520748207432455 0.237720212587942 0.707132922013147 0.00307204465566569 
0.138692116518299 0.474294164577185 0.0842412920525211 0.302772426851995 

0.974646561073694 0.00356469211889779 0.00572477326253493 0.0160639735448736 
0.00224264176698034 0.930011637575407 0.0511955261144489 0.0165501945431639 
0.0165501945431639 0.0511955261144489 0.930011637575407 0.00224264176698034 
0.0160639735448736 0.00572477326253493 0.00356469211889779 0.974646561073694 

0.370539483563324 0.31259983806613 0.00394818011501474 0.312912498255531 
0.0653150919039443 0.554608865315221 0.218815007811356 0.161261034969479 
0.161261034969479 0.218815007811356 0.554608865315221 0.0653150919039443 
0.312912498255531 0.00394818011501474 0.31259983806613 0.370539483563324 

0.929065009204538 0.0034522285786038 0.0118617344853355 0.0556210277315229 
0.00636513244468556 0.975848822924141 0.017155403952526 0.00063064067864732 
0.00063064067864732 0.017155403952526 0.975848822924141 0.00636513244468556 
0.0556210277315229 0.0118617344853355 0.0034522285786038 0.929065009204538 


