4 5

0.0665818288689479 0.433418171131052 0.433418171131052 0.0665818288689479 

0.921549342411738 0.0404874752497143 0.00110042558216789 0.0368627567563802 
0.00767190355885947 0.983021493147962 0.00810928384786802 0.00119731944531079 
0.00119731944531079 0.00810928384786802 0.983021493147962 0.00767190355885947 
0.0368627567563802 0.00110042558216789 0.0404874752497143 0.921549342411738 

0.472254170407806 0.00761577002906318 0.0496591276711317 0.470470931891999 
0.00347754836888985 0.795631231435557 0.172155361121383 0.0287358590741699 
0.0287358590741699 0.172155361121383 0.795631231435557 0.00347754836888985 
0.470470931891999 0.0496591276711317 0.00761577002906318 0.472254170407806 

0.94278671966739 0.00439815440891597 0.0107064374576579 0.0421086884660362 
0.000195454513811497 0.961323691659737 0.0325421120186882 0.00593874180776303 
0.00593874180776303 0.0325421120186882 0.961323691659737 0.000195454513811497 
0.0421086884660362 0.0107064374576579 0.00439815440891597 0.94278671966739 

0.232642374055457 0.567912328737893 0.0350354499796957 0.164409847226954 
0.145906035026862 0.700143777959398 0.0861932299382266 0.0677569570755134 
0.0677569570755134 0.0861932299382266 0.700143777959398 0.145906035026862 
0.164409847226954 0.0350354499796957 0.567912328737893 0.232642374055457 

0.964480793613973 0.000279557469269038 0.0228942683525152 0.0123453805642425 
0.0292636028895211 0.938751004056377 0.0311997981782709 0.000785594875831337 
0.000785594875831337 0.0311997981782709 0.938751004056377 0.0292636028895211 
0.0123453805642425 0.0228942683525152 0.000279557469269038 0.964480793613973 


