4 5

0.0134414428612217 0.486558557138778 0.486558557138778 0.0134414428612217 

0.972116710459845 0.00867904934326515 0.00578611271248162 0.0134181274844083 
0.0197981151376576 0.931485062134828 0.0232476669893098 0.025469155738205 
0.025469155738205 0.0232476669893098 0.931485062134828 0.0197981151376576 
0.0134181274844083 0.00578611271248162 0.00867904934326515 0.972116710459845 

0.495902823712701 0.0133248512245384 0.000827212959039344 0.489945112103722 
0.0136606393802464 0.506005346080959 0.476830912880392 0.00350310165840233 
0.00350310165840233 0.476830912880392 0.506005346080959 0.0136606393802464 
0.489945112103722 0.000827212959039344 0.0133248512245384 0.495902823712701 

0.948395783280372 0.00190646004460677 0.00730946835279116 0.0423882883222304 
0.00840795678298205 0.955342810983973 0.0176120536159373 0.0186371786171081 
0.0186371786171081 0.0176120536159373 0.955342810983973 0.00840795678298205 
0.0423882883222304 0.00730946835279116 0.00190646004460677 0.948395783280372 

0.491180906597009 0.00450233287596293 0.0132538862961796 0.491062874230849 
0.00173846493993029 0.671407063835293 0.325750881075713 0.00110359014906286 
0.00110359014906286 0.325750881075713 0.671407063835293 0.00173846493993029 
0.491062874230849 0.0132538862961796 0.00450233287596293 0.491180906597009 

0.963756277116158 0.000223338927351161 0.0160460747511323 0.0199743092053583 
0.0137048526115411 0.940178122514099 0.045868165172914 0.000248859701446382 
0.000248859701446382 0.045868165172914 0.940178122514099 0.0137048526115411 
0.0199743092053583 0.0160460747511323 0.000223338927351161 0.963756277116158 


