4 5

0.424183535622433 0.0758164643775672 0.0758164643775672 0.424183535622433 

0.971820697841391 0.0213643058683555 0.00135559327543201 0.00545940301482101 
0.0538593423283653 0.932349550400303 0.0118757400826622 0.00191536718866973 
0.00191536718866973 0.0118757400826622 0.932349550400303 0.0538593423283653 
0.00545940301482101 0.00135559327543201 0.0213643058683555 0.971820697841391 

0.414928708738787 0.0762222782202985 0.23123923978749 0.277609773253425 
0.111693388283892 0.530280838499003 0.329938902653658 0.0280868705634466 
0.0280868705634466 0.329938902653658 0.530280838499003 0.111693388283892 
0.277609773253425 0.23123923978749 0.0762222782202985 0.414928708738787 

0.926140466978774 0.0339636859915844 0.0386583677990712 0.00123747923057005 
0.0135989484200271 0.977556945667356 0.00809302996964911 0.000751075942968252 
0.000751075942968252 0.00809302996964911 0.977556945667356 0.0135989484200271 
0.00123747923057005 0.0386583677990712 0.0339636859915844 0.926140466978774 

0.406209246665839 0.327936191382328 0.0829083649290378 0.182946197022795 
0.0252140576103221 0.375657128606848 0.217811448942289 0.381317364840541 
0.381317364840541 0.217811448942289 0.375657128606848 0.0252140576103221 
0.182946197022795 0.0829083649290378 0.327936191382328 0.406209246665839 

0.985298877990768 0.0133705324479781 0.000225734889365633 0.00110485467188814 
0.0655493963654573 0.919231468969385 0.000998912151378151 0.0142202225137797 
0.0142202225137797 0.000998912151378151 0.919231468969385 0.0655493963654573 
0.00110485467188814 0.000225734889365633 0.0133705324479781 0.985298877990768 


