4 5

0.408448633737862 0.0915513662621379 0.0915513662621379 0.408448633737862 

0.951517388721655 0.0277104641830716 0.011364507450508 0.00940763964476543 
0.0284983090908965 0.951995757544311 0.0180302330340537 0.00147570033073885 
0.00147570033073885 0.0180302330340537 0.951995757544311 0.0284983090908965 
0.00940763964476543 0.011364507450508 0.0277104641830716 0.951517388721655 

0.561415282788631 0.0131774015876199 0.116083328301048 0.309323987322702 
0.335441546473367 0.139246777731358 0.101600310827266 0.423711364968008 
0.423711364968008 0.101600310827266 0.139246777731358 0.335441546473367 
0.309323987322702 0.116083328301048 0.0131774015876199 0.561415282788631 

0.958745252421393 0.00364320266225523 0.00464258906458851 0.0329689558517635 
0.00353627077558325 0.94545810507283 0.0453736199490871 0.00563200420249956 
0.00563200420249956 0.0453736199490871 0.94545810507283 0.00353627077558325 
0.0329689558517635 0.00464258906458851 0.00364320266225523 0.958745252421393 

0.573199805665881 0.0330010508028081 0.0022482260177671 0.391550917513544 
0.5129489875737 0.254495705470144 0.176511041948093 0.0560442650080635 
0.0560442650080635 0.176511041948093 0.254495705470144 0.5129489875737 
0.391550917513544 0.0022482260177671 0.0330010508028081 0.573199805665881 

0.925983559833906 0.008897872176592 1.86141501193797e-05 0.0650999538393826 
0.00473317626337537 0.979753210808757 0.0153437537016931 0.000169859226174361 
0.000169859226174361 0.0153437537016931 0.979753210808757 0.00473317626337537 
0.0650999538393826 1.86141501193797e-05 0.008897872176592 0.925983559833906 


