4 5

0.426926749991253 0.073073250008747 0.073073250008747 0.426926749991253 

0.963670936674137 0.000844533186929919 0.0166709138171684 0.0188136163217648 
0.045249927902522 0.939274538538578 0.0129126906143442 0.00256284294455573 
0.00256284294455573 0.0129126906143442 0.939274538538578 0.045249927902522 
0.0188136163217648 0.0166709138171684 0.000844533186929919 0.963670936674137 

0.583507701035641 0.207229340562378 0.00205501578936707 0.207207942612614 
0.237854235004535 0.499411119542188 0.262333453774892 0.000401191678386315 
0.000401191678386315 0.262333453774892 0.499411119542188 0.237854235004535 
0.207207942612614 0.00205501578936707 0.207229340562378 0.583507701035641 

0.934281872755054 0.00357428775301966 0.0420271450179465 0.0201166944739801 
0.0234125133659303 0.968863562521464 0.00606021570965259 0.00166370840295326 
0.00166370840295326 0.00606021570965259 0.968863562521464 0.0234125133659303 
0.0201166944739801 0.0420271450179465 0.00357428775301966 0.934281872755054 

0.457013934351658 0.0206645585760813 0.100768435740373 0.421553071331888 
0.362865328308142 0.531147192460419 0.100097166780276 0.00589031245116259 
0.00589031245116259 0.100097166780276 0.531147192460419 0.362865328308142 
0.421553071331888 0.100768435740373 0.0206645585760813 0.457013934351658 

0.942292114081475 0.0208300119343731 4.89050263996968e-05 0.0368289689577525 
0.000338440631270945 0.961690677011 0.0366741066709764 0.00129677568675305 
0.00129677568675305 0.0366741066709764 0.961690677011 0.000338440631270945 
0.0368289689577525 4.89050263996968e-05 0.0208300119343731 0.942292114081475 


