4 5

0.296222033444792 0.203777966555208 0.203777966555208 0.296222033444792 

0.966356193239602 0.000738368301550011 0.00192735992970465 0.0309780785291433 
0.0157977941464888 0.936990768884501 0.01315797656687 0.03405346040214 
0.03405346040214 0.01315797656687 0.936990768884501 0.0157977941464888 
0.0309780785291433 0.00192735992970465 0.000738368301550011 0.966356193239602 

0.457521369972755 0.0550480948622181 0.108873891673859 0.378556643491168 
0.24608969786262 0.539964078560415 0.188429570354781 0.025516653222185 
0.025516653222185 0.188429570354781 0.539964078560415 0.24608969786262 
0.378556643491168 0.108873891673859 0.0550480948622181 0.457521369972755 

0.968750925315673 0.0122094887731799 0.010483631772202 0.00855595413894505 
0.039968037816168 0.934789265577355 0.00479711174253999 0.0204455848639366 
0.0204455848639366 0.00479711174253999 0.934789265577355 0.039968037816168 
0.00855595413894505 0.010483631772202 0.0122094887731799 0.968750925315673 

0.299135103942317 0.405467382412772 0.0762613283978208 0.21913618524709 
0.0225486454939717 0.801585149660655 0.16799157102332 0.00787463382205312 
0.00787463382205312 0.16799157102332 0.801585149660655 0.0225486454939717 
0.21913618524709 0.0762613283978208 0.405467382412772 0.299135103942317 

0.914831742861008 0.000432712787531608 0.00341739558855607 0.0813181487629048 
0.00168765950654803 0.993025312382394 0.000160755254147216 0.00512627285691093 
0.00512627285691093 0.000160755254147216 0.993025312382394 0.00168765950654803 
0.0813181487629048 0.00341739558855607 0.000432712787531608 0.914831742861008 


