4 5

0.403628473635763 0.0963715263642371 0.0963715263642371 0.403628473635763 

0.95515647821314 0.00800862329795752 0.00194975104076963 0.0348851474481329 
0.0051600002487998 0.948630126994095 0.0342734766403914 0.0119363961167141 
0.0119363961167141 0.0342734766403914 0.948630126994095 0.0051600002487998 
0.0348851474481329 0.00194975104076963 0.00800862329795752 0.95515647821314 

0.442428369656663 0.00830400959199844 0.161889126567792 0.387378494183546 
0.110495684543922 0.507386953684333 0.1408676222589 0.241249739512845 
0.241249739512845 0.1408676222589 0.507386953684333 0.110495684543922 
0.387378494183546 0.161889126567792 0.00830400959199844 0.442428369656663 

0.951533108925946 0.0290016196264731 0.0126921095586822 0.00677316188889854 
0.00677163822441911 0.952002096425763 0.0398235785709714 0.0014026867788462 
0.0014026867788462 0.0398235785709714 0.952002096425763 0.00677163822441911 
0.00677316188889854 0.0126921095586822 0.0290016196264731 0.951533108925946 

0.924944671185286 0.0141558558307345 0.0593617917814257 0.0015376812025541 
0.00362119019948547 0.485106520754492 0.48388829413461 0.0273839949114124 
0.0273839949114124 0.48388829413461 0.485106520754492 0.00362119019948547 
0.0015376812025541 0.0593617917814257 0.0141558558307345 0.924944671185286 

0.940489444999925 0.00936338122351039 0.00143459081966495 0.0487125829569 
0.000358466038264567 0.9636047162182 0.019770128854694 0.0162666888888419 
0.0162666888888419 0.019770128854694 0.9636047162182 0.000358466038264567 
0.0487125829569 0.00143459081966495 0.00936338122351039 0.940489444999925 


