4 5

0.275146029074676 0.224853970925324 0.224853970925324 0.275146029074676 

0.954655264384134 0.0172741341937708 0.00506056393860074 0.0230100374834947 
0.00406080535918199 0.949238476980273 0.0450214557997702 0.0016792618607748 
0.0016792618607748 0.0450214557997702 0.949238476980273 0.00406080535918199 
0.0230100374834947 0.00506056393860074 0.0172741341937708 0.954655264384134 

0.47397999312891 0.00273845129418733 0.0494494032892217 0.473832152287681 
0.000375705698965309 0.625559909324723 0.373918243956159 0.000146141020152948 
0.000146141020152948 0.373918243956159 0.625559909324723 0.000375705698965309 
0.473832152287681 0.0494494032892217 0.00273845129418733 0.47397999312891 

0.976817983230436 0.0205388039482101 0.000538384352889309 0.00210482846846483 
0.0534394257234607 0.927536815341104 0.0135579960408312 0.00546576289460422 
0.00546576289460422 0.0135579960408312 0.927536815341104 0.0534394257234607 
0.00210482846846483 0.000538384352889309 0.0205388039482101 0.976817983230436 

0.251626199464157 0.53845481667882 0.0220943927916212 0.187824591065401 
0.122001860666743 0.821489328922666 0.0317828900601478 0.024725920350443 
0.024725920350443 0.0317828900601478 0.821489328922666 0.122001860666743 
0.187824591065401 0.0220943927916212 0.53845481667882 0.251626199464157 

0.949231775338211 5.40420411897259e-05 0.0335269110322185 0.017187271588381 
0.000506407921210565 0.954495824186911 0.0189495913952574 0.0260481764966208 
0.0260481764966208 0.0189495913952574 0.954495824186911 0.000506407921210565 
0.017187271588381 0.0335269110322185 5.40420411897259e-05 0.949231775338211 


