4 5

0.192950579454191 0.307049420545809 0.307049420545809 0.192950579454191 

0.981284321896837 0.00200783240088843 8.16359822327542e-05 0.0166262097200415 
0.00740984152642901 0.923713061654005 0.0521199002328063 0.0167571965867601 
0.0167571965867601 0.0521199002328063 0.923713061654005 0.00740984152642901 
0.0166262097200415 8.16359822327542e-05 0.00200783240088843 0.981284321896837 

0.824391094623488 0.0452056199848415 0.00193511924952959 0.128468166142141 
0.145812808392351 0.43159901060346 0.422459914615524 0.000128266388664852 
0.000128266388664852 0.422459914615524 0.43159901060346 0.145812808392351 
0.128468166142141 0.00193511924952959 0.0452056199848415 0.824391094623488 

0.921855179629416 0.0241780766509276 0.0345562047296915 0.0194105389899652 
0.000113106383990291 0.982365486995905 0.00114709517670886 0.0163743114433963 
0.0163743114433963 0.00114709517670886 0.982365486995905 0.000113106383990291 
0.0194105389899652 0.0345562047296915 0.0241780766509276 0.921855179629416 

0.448881706095918 0.123999304397819 0.051908345479683 0.37521064402658 
0.415578258511418 0.483984674968963 0.0879666773398219 0.0124703891797969 
0.0124703891797969 0.0879666773398219 0.483984674968963 0.415578258511418 
0.37521064402658 0.051908345479683 0.123999304397819 0.448881706095918 

0.966784755529645 0.0147777130491157 0.000106470352937833 0.0183310610683017 
0.00106678232650158 0.936121763485455 0.00737506913133718 0.055436385056706 
0.055436385056706 0.00737506913133718 0.936121763485455 0.00106678232650158 
0.0183310610683017 0.000106470352937833 0.0147777130491157 0.966784755529645 


