4 5

0.0114116498734802 0.48858835012652 0.48858835012652 0.0114116498734802 

0.918292068868689 0.0152567515057389 0.0523003997764139 0.014150779849158 
0.00381054577334812 0.985682804461909 0.00830788400501958 0.00219876575972326 
0.00219876575972326 0.00830788400501958 0.985682804461909 0.00381054577334812 
0.014150779849158 0.0523003997764139 0.0152567515057389 0.918292068868689 

0.639971363201927 0.105034037134082 0.108466981995811 0.14652761766818 
0.0511666056275243 0.489547439496494 0.424995360492119 0.0342905943838627 
0.0342905943838627 0.424995360492119 0.489547439496494 0.0511666056275243 
0.14652761766818 0.108466981995811 0.105034037134082 0.639971363201927 

0.963394210836624 0.00510320724443833 0.018345502154983 0.0131570797639551 
0.00163344617385782 0.940269745846643 0.0108986391393904 0.0471981688401084 
0.0471981688401084 0.0108986391393904 0.940269745846643 0.00163344617385782 
0.0131570797639551 0.018345502154983 0.00510320724443833 0.963394210836624 

0.553298828161677 0.00930662933623756 0.0224733159402426 0.414921226561843 
0.211238476449318 0.473826641109801 0.257259580448576 0.0576753019923036 
0.0576753019923036 0.257259580448576 0.473826641109801 0.211238476449318 
0.414921226561843 0.0224733159402426 0.00930662933623756 0.553298828161677 

0.932219905721004 0.0543540644329899 0.00934380034205464 0.00408222950395137 
0.0207457006369887 0.97187456526819 0.00609956582694615 0.0012801682678753 
0.0012801682678753 0.00609956582694615 0.97187456526819 0.0207457006369887 
0.00408222950395137 0.00934380034205464 0.0543540644329899 0.932219905721004 


