4 5

0.35628240799997 0.14371759200003 0.14371759200003 0.35628240799997 

0.989166839350356 0.00695722669952603 0.000782757125742718 0.00309317682437521 
0.0085676742657369 0.914901724282382 0.00880886994600688 0.0677217315058743 
0.0677217315058743 0.00880886994600688 0.914901724282382 0.0085676742657369 
0.00309317682437521 0.000782757125742718 0.00695722669952603 0.989166839350356 

0.736125452897708 0.000105498653812703 0.00252999076712291 0.261239057681356 
0.00211852672572135 0.261353198077595 0.258739953754142 0.477788321442541 
0.477788321442541 0.258739953754142 0.261353198077595 0.00211852672572135 
0.261239057681356 0.00252999076712291 0.000105498653812703 0.736125452897708 

0.915210777620466 0.00153606172099813 0.000195596391964481 0.0830575642665718 
0.000155444953697909 0.992776706900765 0.00529139616150265 0.00177645198403464 
0.00177645198403464 0.00529139616150265 0.992776706900765 0.000155444953697909 
0.0830575642665718 0.000195596391964481 0.00153606172099813 0.915210777620466 

0.498763559486471 0.015501006698565 0.44246569397357 0.0432697398413939 
0.00398526841119079 0.494002007606513 0.430345344887987 0.0716673790943089 
0.0716673790943089 0.430345344887987 0.494002007606513 0.00398526841119079 
0.0432697398413939 0.44246569397357 0.015501006698565 0.498763559486471 

0.949647189745138 0.00858430711065021 9.87582728633881e-05 0.0416697448713486 
0.00183461217928951 0.953738186170659 0.00187649776255594 0.0425507038874959 
0.0425507038874959 0.00187649776255594 0.953738186170659 0.00183461217928951 
0.0416697448713486 9.87582728633881e-05 0.00858430711065021 0.949647189745138 


