4 5

0.423312398605049 0.0766876013949513 0.0766876013949513 0.423312398605049 

0.946121471690619 0.00701328570484059 0.00127565002676057 0.0455895925777803 
0.00426985227561441 0.957651384745317 0.0153427229393889 0.0227360400396801 
0.0227360400396801 0.0153427229393889 0.957651384745317 0.00426985227561441 
0.0455895925777803 0.00127565002676057 0.00701328570484059 0.946121471690619 

0.854352401066525 0.00714979231629574 0.0269542168519292 0.11154358976525 
0.0346789541342776 0.496749250956092 0.465120555558376 0.00345123935125375 
0.00345123935125375 0.465120555558376 0.496749250956092 0.0346789541342776 
0.11154358976525 0.0269542168519292 0.00714979231629574 0.854352401066525 

0.943620807303466 0.00727512142444262 0.0270146732934247 0.0220893979786667 
0.0319327984214246 0.959529776749938 0.00366204013619714 0.00487538469244004 
0.00487538469244004 0.00366204013619714 0.959529776749938 0.0319327984214246 
0.0220893979786667 0.0270146732934247 0.00727512142444262 0.943620807303466 

0.660533264761171 0.046195904774482 0.176946740887484 0.116324089576863 
0.451109359518784 0.276114639045208 0.225599858652697 0.0471761427833098 
0.0471761427833098 0.225599858652697 0.276114639045208 0.451109359518784 
0.116324089576863 0.176946740887484 0.046195904774482 0.660533264761171 

0.946858639085595 0.0152760107284464 0.032746689858603 0.0051186603273557 
0.0134156742688511 0.956315155481288 0.0295954383524689 0.000673731897391861 
0.000673731897391861 0.0295954383524689 0.956315155481288 0.0134156742688511 
0.0051186603273557 0.032746689858603 0.0152760107284464 0.946858639085595 


