4 5

0.475320494850166 0.0246795051498339 0.0246795051498339 0.475320494850166 

0.953365800869652 0.00344362575968163 1.64873666792223e-05 0.0431740860039874 
0.000380705284824832 0.950079640590413 0.00498487885819127 0.0445547752665703 
0.0445547752665703 0.00498487885819127 0.950079640590413 0.000380705284824832 
0.0431740860039874 1.64873666792223e-05 0.00344362575968163 0.953365800869652 

0.498685096124449 0.00256771329387088 0.000131031635839351 0.498616158945841 
0.00128885962511073 0.851061840273529 0.147555409749221 9.38903521386758e-05 
9.38903521386758e-05 0.147555409749221 0.851061840273529 0.00128885962511073 
0.498616158945841 0.000131031635839351 0.00256771329387088 0.498685096124449 

0.940828032203382 0.0507854208660219 0.00746503790100991 0.000921509029586154 
0.0164022130319326 0.962770807319535 0.0124547101391184 0.00837226950941435 
0.00837226950941435 0.0124547101391184 0.962770807319535 0.0164022130319326 
0.000921509029586154 0.00746503790100991 0.0507854208660219 0.940828032203382 

0.454762568881623 0.0733835685693756 0.0257183067439673 0.446135555805034 
0.16359077616608 0.470258076820257 0.242271349991349 0.123879797022314 
0.123879797022314 0.242271349991349 0.470258076820257 0.16359077616608 
0.446135555805034 0.0257183067439673 0.0733835685693756 0.454762568881623 

0.985609794801847 0.000232804996324471 0.00313805111213441 0.011019349089694 
0.000832049820809113 0.918583340662169 0.0232981993789507 0.0572864101380709 
0.0572864101380709 0.0232981993789507 0.918583340662169 0.000832049820809113 
0.011019349089694 0.00313805111213441 0.000232804996324471 0.985609794801847 


