4 5

0.462534092832357 0.0374659071676433 0.0374659071676433 0.462534092832357 

0.980416987865756 0.00155170743108651 4.32770331587802e-06 0.0180269769998415 
0.000912911275831884 0.925958135759058 0.0730985920783142 3.03608867958006e-05 
3.03608867958006e-05 0.0730985920783142 0.925958135759058 0.000912911275831884 
0.0180269769998415 4.32770331587802e-06 0.00155170743108651 0.980416987865756 

0.382627738490264 0.0891513523834431 0.153506903849334 0.374714005276959 
0.223726149519044 0.46625614774717 0.0361136976108545 0.273904005122932 
0.273904005122932 0.0361136976108545 0.46625614774717 0.223726149519044 
0.374714005276959 0.153506903849334 0.0891513523834431 0.382627738490264 

0.952989354048475 4.3927225054953e-06 0.0230851384061441 0.0239211148228756 
0.00901417146158141 0.950552670363781 0.0101529208160865 0.0302802373585509 
0.0302802373585509 0.0101529208160865 0.950552670363781 0.00901417146158141 
0.0239211148228756 0.0230851384061441 4.3927225054953e-06 0.952989354048475 

0.397651804023565 0.21380958999961 0.0052689051790101 0.383269700797815 
0.0450736145871781 0.77177115531031 0.178686320079582 0.00446891002293008 
0.00446891002293008 0.178686320079582 0.77177115531031 0.0450736145871781 
0.383269700797815 0.0052689051790101 0.21380958999961 0.397651804023565 

0.929316672072658 0.0001158857252819 0.0015748441145593 0.0689925980875011 
0.00296125755219942 0.976554834606788 0.0197900793273766 0.000693828513635893 
0.000693828513635893 0.0197900793273766 0.976554834606788 0.00296125755219942 
0.0689925980875011 0.0015748441145593 0.0001158857252819 0.929316672072658 


