4 5

0.0363902332028374 0.463609766797163 0.463609766797163 0.0363902332028374 

0.997982748138431 4.00167205587258e-05 1.08417490244004e-06 0.00197615096610798 
0.00878534407981681 0.910068547634818 0.0785936544508175 0.00255245383454737 
0.00255245383454737 0.0785936544508175 0.910068547634818 0.00878534407981681 
0.00197615096610798 1.08417490244004e-06 4.00167205587258e-05 0.997982748138431 

0.428508033426001 0.0142707386667583 0.158541475791132 0.398679752116108 
4.66769076978739e-05 0.953292214156859 0.0466333368977399 2.77720377027775e-05 
2.77720377027775e-05 0.0466333368977399 0.953292214156859 4.66769076978739e-05 
0.398679752116108 0.158541475791132 0.0142707386667583 0.428508033426001 

0.945180080282552 0.0413598819795047 0.0127708428082779 0.000689194929665238 
0.00705114624334681 0.958066206639484 0.00226311428220921 0.0326195328349601 
0.0326195328349601 0.00226311428220921 0.958066206639484 0.00705114624334681 
0.000689194929665238 0.0127708428082779 0.0413598819795047 0.945180080282552 

0.276468734406837 0.0752614808148511 0.408933234679047 0.239336550099265 
0.269892958840933 0.638544792579925 0.064340742880766 0.0272215056983756 
0.0272215056983756 0.064340742880766 0.638544792579925 0.269892958840933 
0.239336550099265 0.408933234679047 0.0752614808148511 0.276468734406837 

0.925711588650015 2.04209317687797e-05 2.69177177578828e-05 0.074241072700458 
7.54075634598337e-05 0.980795540957283 0.0191106286688691 1.84228103880803e-05 
1.84228103880803e-05 0.0191106286688691 0.980795540957283 7.54075634598337e-05 
0.074241072700458 2.69177177578828e-05 2.04209317687797e-05 0.925711588650015 


