4 5

0.497378955013119 0.00262104498688132 0.00262104498688132 0.497378955013119 

0.984287610407586 6.5849848698225e-05 0.00030813404950975 0.0153384056942059 
0.00867190457646519 0.921835756980965 0.0670473985696721 0.00244493987289782 
0.00244493987289782 0.0670473985696721 0.921835756980965 0.00867190457646519 
0.0153384056942059 0.00030813404950975 6.5849848698225e-05 0.984287610407586 

0.514404756005486 0.0682919136339785 0.000656132030937125 0.416647198329599 
0.0713254339404436 0.61991448451692 0.305595570122536 0.00316451142010028 
0.00316451142010028 0.305595570122536 0.61991448451692 0.0713254339404436 
0.416647198329599 0.000656132030937125 0.0682919136339785 0.514404756005486 

0.949124174134521 0.0472798417521563 0.00199156180869193 0.00160442230463037 
0.011280839672458 0.954463043003265 0.0327023125074422 0.00155380481683514 
0.00155380481683514 0.0327023125074422 0.954463043003265 0.011280839672458 
0.00160442230463037 0.00199156180869193 0.0472798417521563 0.949124174134521 

0.494587104556569 0.0825137926675779 0.113357078534934 0.30954202424092 
0.00824548380652514 0.557154301971574 0.390288362194858 0.0443118520270433 
0.0443118520270433 0.390288362194858 0.557154301971574 0.00824548380652514 
0.30954202424092 0.113357078534934 0.0825137926675779 0.494587104556569 

0.95595320686221 0.00313909086916083 0.00639116066998982 0.0345165415986395 
0.00528418155935003 0.947702861472787 0.0281779129254704 0.0188350440423928 
0.0188350440423928 0.0281779129254704 0.947702861472787 0.00528418155935003 
0.0345165415986395 0.00639116066998982 0.00313909086916083 0.95595320686221 


