4 5

0.153445902746171 0.346554097253829 0.346554097253829 0.153445902746171 

0.971826242435142 0.00157514942233259 0.0108198301809481 0.0157787779615771 
0.00106345089057088 0.931963272598273 0.0229380855676076 0.0440351909435482 
0.0440351909435482 0.0229380855676076 0.931963272598273 0.00106345089057088 
0.0157787779615771 0.0108198301809481 0.00157514942233259 0.971826242435142 

0.497545315664578 0.0020337975616394 0.00289279174328434 0.497528095030498 
0.112674006997175 0.529287047318735 0.304617049251189 0.0534218964329006 
0.0534218964329006 0.304617049251189 0.529287047318735 0.112674006997175 
0.497528095030498 0.00289279174328434 0.0020337975616394 0.497545315664578 

0.967945794869772 0.00768062583059636 0.0166478583166518 0.00772572098298002 
0.0251160123846323 0.935656652216122 0.0303952792867745 0.00883205611247088 
0.00883205611247088 0.0303952792867745 0.935656652216122 0.0251160123846323 
0.00772572098298002 0.0166478583166518 0.00768062583059636 0.967945794869772 

0.390056109747653 0.139744722795337 0.185527678623376 0.284671488833633 
0.0276988618441544 0.447230970021677 0.407276434155528 0.11779373397864 
0.11779373397864 0.407276434155528 0.447230970021677 0.0276988618441544 
0.284671488833633 0.185527678623376 0.139744722795337 0.390056109747653 

0.948586979602589 0.000450308685161514 0.0230754864039074 0.0278872253083421 
0.000796134442155051 0.955082228898689 0.0231967777245575 0.0209248589345983 
0.0209248589345983 0.0231967777245575 0.955082228898689 0.000796134442155051 
0.0278872253083421 0.0230754864039074 0.000450308685161514 0.948586979602589 


