4 5

0.267529103788547 0.232470896211453 0.232470896211453 0.267529103788547 

0.966401218918429 0.000132714637956785 0.00490500058366821 0.0285610658599459 
0.00744865824868701 0.93801415675911 0.0490506254035211 0.00548655958868149 
0.00548655958868149 0.0490506254035211 0.93801415675911 0.00744865824868701 
0.0285610658599459 0.00490500058366821 0.000132714637956785 0.966401218918429 

0.340978158559352 0.441511497763079 0.061714559142188 0.15579578453538 
0.033376027324366 0.644839907215209 0.31933456742826 0.00244949803216499 
0.00244949803216499 0.31933456742826 0.644839907215209 0.033376027324366 
0.15579578453538 0.061714559142188 0.441511497763079 0.340978158559352 

0.958679858043317 0.000199325184782275 0.00187528334788944 0.0392455334240108 
0.000143937992837657 0.94608373222583 0.0524014069042298 0.00137092287710258 
0.00137092287710258 0.0524014069042298 0.94608373222583 0.000143937992837657 
0.0392455334240108 0.00187528334788944 0.000199325184782275 0.958679858043317 

0.541184063974041 0.161823122063262 0.160099591474217 0.13689322248848 
0.118270954092225 0.4596844895732 0.344857033823742 0.0771875225108326 
0.0771875225108326 0.344857033823742 0.4596844895732 0.118270954092225 
0.13689322248848 0.160099591474217 0.161823122063262 0.541184063974041 

0.928406095736841 0.0638072982291854 0.00219614893042075 0.00559045710355244 
0.00169904790231844 0.974789597478104 0.00291008697927597 0.0206012676403015 
0.0206012676403015 0.00291008697927597 0.974789597478104 0.00169904790231844 
0.00559045710355244 0.00219614893042075 0.0638072982291854 0.928406095736841 


