4 5

0.00121920753736049 0.49878079246264 0.49878079246264 0.00121920753736049 

0.988442097458178 0.00622567273092152 0.00278389306558239 0.00254833674531774 
6.70939875706781e-05 0.918990534281954 0.0809170401901292 2.53315403457618e-05 
2.53315403457618e-05 0.0809170401901292 0.918990534281954 6.70939875706781e-05 
0.00254833674531774 0.00278389306558239 0.00622567273092152 0.988442097458178 

0.662778256532377 0.0186065491072824 0.0371746803578673 0.281440514002473 
0.0529306844538218 0.319200814787391 0.1607182167134 0.467150284045387 
0.467150284045387 0.1607182167134 0.319200814787391 0.0529306844538218 
0.281440514002473 0.0371746803578673 0.0186065491072824 0.662778256532377 

0.958715703254908 0.00100454102695976 0.00364553397284886 0.0366342217452839 
0.0281380710612557 0.944653529935707 0.0125145344112795 0.0146938645917583 
0.0146938645917583 0.0125145344112795 0.944653529935707 0.0281380710612557 
0.0366342217452839 0.00364553397284886 0.00100454102695976 0.958715703254908 

0.300616319168938 0.40537173817582 0.0284729256129865 0.265539017042255 
0.00276415777567074 0.835642007407425 0.110450629712015 0.0511432051048895 
0.0511432051048895 0.110450629712015 0.835642007407425 0.00276415777567074 
0.265539017042255 0.0284729256129865 0.40537173817582 0.300616319168938 

0.963148886536457 8.61222031064914e-06 0.000870061254136718 0.0359724399890959 
0.00430885365568488 0.940692788031717 0.0324306108312238 0.0225677474813742 
0.0225677474813742 0.0324306108312238 0.940692788031717 0.00430885365568488 
0.0359724399890959 0.000870061254136718 8.61222031064914e-06 0.963148886536457 


