4 5

0.387323680566624 0.112676319433376 0.112676319433376 0.387323680566624 

0.940309664656468 0.000343417472235736 0.00344021366664707 0.055906704204649 
0.0111631985628503 0.96427119924106 0.0234479486134997 0.00111765358259024 
0.00111765358259024 0.0234479486134997 0.96427119924106 0.0111631985628503 
0.055906704204649 0.00344021366664707 0.000343417472235736 0.940309664656468 

0.687660565037577 0.0278833033773003 0.06977369303292 0.214682438552202 
0.0393883110542388 0.354316069552176 0.33347933482505 0.272816284568535 
0.272816284568535 0.33347933482505 0.354316069552176 0.0393883110542388 
0.214682438552202 0.06977369303292 0.0278833033773003 0.687660565037577 

0.917409691707792 0.000495446554077878 8.79362104907908e-06 0.082086068117081 
0.000342605737168925 0.990272122634252 0.00292528282049676 0.00645998880808252 
0.00645998880808252 0.00292528282049676 0.990272122634252 0.000342605737168925 
0.082086068117081 8.79362104907908e-06 0.000495446554077878 0.917409691707792 

0.404078532643343 0.0159320616035261 0.182502088715742 0.397487317037389 
0.0257910297771684 0.792682592549585 0.129884667911023 0.051641709762224 
0.051641709762224 0.129884667911023 0.792682592549585 0.0257910297771684 
0.397487317037389 0.182502088715742 0.0159320616035261 0.404078532643343 

0.969777229938539 0.00116384269501636 0.0153344754900959 0.0137244518763484 
0.00464425039903461 0.933987273223446 0.0130532520324653 0.0483152243450544 
0.0483152243450544 0.0130532520324653 0.933987273223446 0.00464425039903461 
0.0137244518763484 0.0153344754900959 0.00116384269501636 0.969777229938539 


