4 5

0.12305537040811 0.37694462959189 0.37694462959189 0.12305537040811 

0.922073889473274 0.00217092331625642 0.0665166680876133 0.00923851912285623 
9.01958518998453e-05 0.982090105804921 0.00810608235881066 0.00971361598436804 
0.00971361598436804 0.00810608235881066 0.982090105804921 9.01958518998453e-05 
0.00923851912285623 0.0665166680876133 0.00217092331625642 0.922073889473274 

0.482191553021629 0.0079302775734082 0.0288139676410775 0.481064201763886 
0.00108896946790749 0.926756752827401 0.0247493128250454 0.0474049648796464 
0.0474049648796464 0.0247493128250454 0.926756752827401 0.00108896946790749 
0.481064201763886 0.0288139676410775 0.0079302775734082 0.482191553021629 

0.917488079860357 8.05610425784298e-05 0.00691971007818053 0.0755116490188845 
0.00786088756873205 0.989568469909453 0.00244475461668359 0.000125887905131229 
0.000125887905131229 0.00244475461668359 0.989568469909453 0.00786088756873205 
0.0755116490188845 0.00691971007818053 8.05610425784298e-05 0.917488079860357 

0.371139436143752 0.0392897059312526 0.239720960498784 0.349849897426212 
5.55249900772992e-06 0.850218529346726 0.0669249308342133 0.0828509873200529 
0.0828509873200529 0.0669249308342133 0.850218529346726 5.55249900772992e-06 
0.349849897426212 0.239720960498784 0.0392897059312526 0.371139436143752 

0.927693182106399 0.0420784164681054 0.0145106076412146 0.0157177937842811 
0.00922220469214907 0.976028055661045 0.014449708566304 0.000300031080501586 
0.000300031080501586 0.014449708566304 0.976028055661045 0.00922220469214907 
0.0157177937842811 0.0145106076412146 0.0420784164681054 0.927693182106399 


