4 5

0.123002344043925 0.376997655956075 0.376997655956075 0.123002344043925 

0.915811201926069 0.00755051975121351 0.0393570331495993 0.0372812451731184 
0.00702838170266483 0.988959753385496 0.00225535284811001 0.00175651206372874 
0.00175651206372874 0.00225535284811001 0.988959753385496 0.00702838170266483 
0.0372812451731184 0.0393570331495993 0.00755051975121351 0.915811201926069 

0.458114957809968 0.164768746506145 0.0169692453917871 0.3601470502921 
0.0845313695493131 0.502662766190731 0.397532103996662 0.0152737602632931 
0.0152737602632931 0.397532103996662 0.502662766190731 0.0845313695493131 
0.3601470502921 0.0169692453917871 0.164768746506145 0.458114957809968 

0.965706164150184 0.00294457571468834 0.000542079319381412 0.0308071808157467 
0.0455753314043937 0.937592826996317 0.000344830537778729 0.0164870110615111 
0.0164870110615111 0.000344830537778729 0.937592826996317 0.0455753314043937 
0.0308071808157467 0.000542079319381412 0.00294457571468834 0.965706164150184 

0.569321290295735 0.301238000060913 9.61075152350888e-05 0.129344602128117 
0.529111722788487 0.415074027562234 0.053732440583335 0.00208180906594391 
0.00208180906594391 0.053732440583335 0.415074027562234 0.529111722788487 
0.129344602128117 9.61075152350888e-05 0.301238000060913 0.569321290295735 

0.95790768212196 0.00304910907358104 0.0141880992459968 0.0248551095584619 
0.000263769715703393 0.945689123097623 0.026291370437126 0.0277557367495476 
0.0277557367495476 0.026291370437126 0.945689123097623 0.000263769715703393 
0.0248551095584619 0.0141880992459968 0.00304910907358104 0.95790768212196 


