4 5

0.393145869602449 0.106854130397551 0.106854130397551 0.393145869602449 

0.945460592480095 1.65117332393237e-05 0.0516371502276658 0.00288574555900029 
3.0538456901116e-05 0.9583917770486 0.0210125750055254 0.0205651094889733 
0.0205651094889733 0.0210125750055254 0.9583917770486 3.0538456901116e-05 
0.00288574555900029 0.0516371502276658 1.65117332393237e-05 0.945460592480095 

0.377298366641931 0.23625983953435 0.0754430760800154 0.310998717743704 
0.0124844984274105 0.534813585083713 0.266760219919231 0.185941696569646 
0.185941696569646 0.266760219919231 0.534813585083713 0.0124844984274105 
0.310998717743704 0.0754430760800154 0.23625983953435 0.377298366641931 

0.950487728175076 0.000279893971066872 0.000167222531882835 0.0490651553219743 
0.000604217737635246 0.953905038990898 0.0354985855182419 0.00999215775322532 
0.00999215775322532 0.0354985855182419 0.953905038990898 0.000604217737635246 
0.0490651553219743 0.000167222531882835 0.000279893971066872 0.950487728175076 

0.398199200764601 0.186753461078335 0.0657229060765168 0.349324432080547 
0.0463320948772172 0.784924698378463 0.107122747726589 0.0616204590177308 
0.0616204590177308 0.107122747726589 0.784924698378463 0.0463320948772172 
0.349324432080547 0.0657229060765168 0.186753461078335 0.398199200764601 

0.968499235285995 0.0245151658897409 0.000296042466584292 0.00668955635768004 
0.00163152320425992 0.934759930924595 0.0290346897996511 0.034573856071494 
0.034573856071494 0.0290346897996511 0.934759930924595 0.00163152320425992 
0.00668955635768004 0.000296042466584292 0.0245151658897409 0.968499235285995 


