4 5

0.244756329804659 0.255243670195341 0.255243670195341 0.244756329804659 

0.939384554278698 0.0283979620037701 0.00122209288545356 0.0309953908320778 
0.00327040593250695 0.964114235126814 0.0228566492209593 0.00975870971971936 
0.00975870971971936 0.0228566492209593 0.964114235126814 0.00327040593250695 
0.0309953908320778 0.00122209288545356 0.0283979620037701 0.939384554278698 

0.768864966016531 0.0686295783811045 0.141323255777238 0.0211821998251255 
0.550057393493083 0.260274504748199 0.188123929082113 0.00154417267660512 
0.00154417267660512 0.188123929082113 0.260274504748199 0.550057393493083 
0.0211821998251255 0.141323255777238 0.0686295783811045 0.768864966016531 

0.951532394349701 0.00012967857716396 0.0264323129717908 0.0219056141013437 
0.013453776468376 0.951774403981085 0.0319690504432172 0.00280276910732177 
0.00280276910732177 0.0319690504432172 0.951774403981085 0.013453776468376 
0.0219056141013437 0.0264323129717908 0.00012967857716396 0.951532394349701 

0.792183482968137 0.0733620246268792 0.0367878560945257 0.0976666363104584 
0.331984246175589 0.35053750081146 0.272630103591587 0.0448481494213635 
0.0448481494213635 0.272630103591587 0.35053750081146 0.331984246175589 
0.0976666363104584 0.0367878560945257 0.0733620246268792 0.792183482968137 

0.917169590200344 0.0341036968057343 0.00502771944700394 0.0436989935469179 
2.57454266199303e-05 0.987727422988112 0.00876021979890168 0.00348661178636622 
0.00348661178636622 0.00876021979890168 0.987727422988112 2.57454266199303e-05 
0.0436989935469179 0.00502771944700394 0.0341036968057343 0.917169590200344 


