4 5

0.469589798129164 0.0304102018708363 0.0304102018708363 0.469589798129164 

0.959505864743998 0.0143944799775882 0.000963743808196801 0.025135911470217 
4.73060139013336e-05 0.944526453079816 0.0471732289127365 0.00825301199354657 
0.00825301199354657 0.0471732289127365 0.944526453079816 4.73060139013336e-05 
0.025135911470217 0.000963743808196801 0.0143944799775882 0.959505864743998 

0.502016799560561 0.00317749554014258 0.00100704815819052 0.493798656741106 
0.0346991344016359 0.484795220909446 0.472062187664386 0.00844345702453187 
0.00844345702453187 0.472062187664386 0.484795220909446 0.0346991344016359 
0.493798656741106 0.00100704815819052 0.00317749554014258 0.502016799560561 

0.921449992877543 0.00442419732240629 0.00147978312255459 0.0726460266774961 
0.000974839769231153 0.985062802221435 0.00422872358696502 0.00973363442236866 
0.00973363442236866 0.00422872358696502 0.985062802221435 0.000974839769231153 
0.0726460266774961 0.00147978312255459 0.00442419732240629 0.921449992877543 

0.357563560233245 0.366940154765094 0.0715426682723034 0.203953616729358 
0.339883164282268 0.377857502462235 0.0876119662411848 0.194647367014312 
0.194647367014312 0.0876119662411848 0.377857502462235 0.339883164282268 
0.203953616729358 0.0715426682723034 0.366940154765094 0.357563560233245 

0.93053185205634 0.0499802288012137 0.00631946699903514 0.0131684521434111 
0.000225370876550845 0.972720028479373 0.0188126758985728 0.00824192474550288 
0.00824192474550288 0.0188126758985728 0.972720028479373 0.000225370876550845 
0.0131684521434111 0.00631946699903514 0.0499802288012137 0.93053185205634 


