4 5

0.124303234741092 0.375696765258908 0.375696765258908 0.124303234741092 

0.97439670020106 0.000304621101234171 0.0128996412954388 0.0123990374022667 
0.000232719323764086 0.930862339082719 0.0622937756003468 0.00661116599317016 
0.00661116599317016 0.0622937756003468 0.930862339082719 0.000232719323764086 
0.0123990374022667 0.0128996412954388 0.000304621101234171 0.97439670020106 

0.499418759607413 0.000366171698155911 0.000854598680373613 0.499360470014058 
0.000135513893818344 0.894988106933871 0.103489248604166 0.0013871305681447 
0.0013871305681447 0.103489248604166 0.894988106933871 0.000135513893818344 
0.499360470014058 0.000854598680373613 0.000366171698155911 0.499418759607413 

0.92115255798465 0.0331774553732524 0.00337144328543494 0.0422985433566628 
0.0101032843064572 0.983707795720294 0.00616523779467099 2.36821785781233e-05 
2.36821785781233e-05 0.00616523779467099 0.983707795720294 0.0101032843064572 
0.0422985433566628 0.00337144328543494 0.0331774553732524 0.92115255798465 

0.456637215306728 0.0461586347560245 0.0411683527902667 0.456035797146981 
0.306026435826248 0.355527666398306 0.0409048925425335 0.297541005232912 
0.297541005232912 0.0409048925425335 0.355527666398306 0.306026435826248 
0.456035797146981 0.0411683527902667 0.0461586347560245 0.456637215306728 

0.918487590090139 0.0360007770432816 0.0436413762284904 0.00187025663808904 
0.000496303155244797 0.985357023398593 0.0113322354175326 0.00281443802863007 
0.00281443802863007 0.0113322354175326 0.985357023398593 0.000496303155244797 
0.00187025663808904 0.0436413762284904 0.0360007770432816 0.918487590090139 


