4 5

0.169018884422258 0.330981115577742 0.330981115577742 0.169018884422258 

0.980079608051797 0.0193602672227974 0.000453437856992034 0.000106686868413364 
0.00157877824400439 0.923293735653923 0.00123964558605277 0.0738878405160199 
0.0738878405160199 0.00123964558605277 0.923293735653923 0.00157877824400439 
0.000106686868413364 0.000453437856992034 0.0193602672227974 0.980079608051797 

0.514764482433009 0.188219958290202 0.100550382592622 0.196465176684167 
0.298359270110688 0.338469981159235 0.279032837296214 0.0841379114338637 
0.0841379114338637 0.279032837296214 0.338469981159235 0.298359270110688 
0.196465176684167 0.100550382592622 0.188219958290202 0.514764482433009 

0.931759527067829 0.0565984581955385 0.010478775467172 0.00116323926946021 
0.0174831773693575 0.972258148929081 0.00238262564980679 0.00787604805175471 
0.00787604805175471 0.00238262564980679 0.972258148929081 0.0174831773693575 
0.00116323926946021 0.010478775467172 0.0565984581955385 0.931759527067829 

0.925117681209882 0.00549400737759578 0.00832459323198329 0.0610637181805392 
0.0722061327633889 0.231503358028532 0.230095334039641 0.466195175168438 
0.466195175168438 0.230095334039641 0.231503358028532 0.0722061327633889 
0.0610637181805392 0.00832459323198329 0.00549400737759578 0.925117681209882 

0.936618928938732 0.00531387870815966 7.89134669723851e-06 0.0580593010064109 
0.014576754747981 0.96804175342401 0.00800472209240644 0.00937676973560303 
0.00937676973560303 0.00800472209240644 0.96804175342401 0.014576754747981 
0.0580593010064109 7.89134669723851e-06 0.00531387870815966 0.936618928938732 


