4 5

0.451757128932513 0.0482428710674867 0.0482428710674867 0.451757128932513 

0.930409211817327 0.000867145750120717 0.00600945485965319 0.0627141875728988 
0.00116961770560963 0.97493831122646 0.0181241410700023 0.00576792999792831 
0.00576792999792831 0.0181241410700023 0.97493831122646 0.00116961770560963 
0.0627141875728988 0.00600945485965319 0.000867145750120717 0.930409211817327 

0.4866586988981 0.00424626642090189 0.0226217384367202 0.486473296244278 
0.0137803795086091 0.957659250949134 0.00782875156254698 0.0207316179797098 
0.0207316179797098 0.00782875156254698 0.957659250949134 0.0137803795086091 
0.486473296244278 0.0226217384367202 0.00424626642090189 0.4866586988981 

0.963103141251127 0.0282140536459519 0.00406893286520504 0.00461387223771614 
0.00686932765210243 0.940235865434849 0.028962345634414 0.0239324612786342 
0.0239324612786342 0.028962345634414 0.940235865434849 0.00686932765210243 
0.00461387223771614 0.00406893286520504 0.0282140536459519 0.963103141251127 

0.794918739673847 0.0377764787938356 0.135685113053045 0.0316196684792727 
0.0153800831343367 0.441434033507675 0.428626943260759 0.11455894009723 
0.11455894009723 0.428626943260759 0.441434033507675 0.0153800831343367 
0.0316196684792727 0.135685113053045 0.0377764787938356 0.794918739673847 

0.965901552044223 0.00312799583284621 0.0308957760828061 7.46760401246771e-05 
0.0107853783598481 0.938405178620333 0.00110313512703936 0.0497063078927799 
0.0497063078927799 0.00110313512703936 0.938405178620333 0.0107853783598481 
7.46760401246771e-05 0.0308957760828061 0.00312799583284621 0.965901552044223 


