4 5

0.0514166953507811 0.448583304649219 0.448583304649219 0.0514166953507811 

0.920586640810953 6.80595775015315e-05 0.000654589477306591 0.0786907101342393 
0.000778283890588512 0.986583358040022 0.0126049258497917 3.34322195981985e-05 
3.34322195981985e-05 0.0126049258497917 0.986583358040022 0.000778283890588512 
0.0786907101342393 0.000654589477306591 6.80595775015315e-05 0.920586640810953 

0.744433614222477 0.00898365906777209 0.0115186419030071 0.235064084806744 
0.0380370154187209 0.296492836385368 0.294680640867029 0.370789507328882 
0.370789507328882 0.294680640867029 0.296492836385368 0.0380370154187209 
0.235064084806744 0.0115186419030071 0.00898365906777209 0.744433614222477 

0.940514858100893 0.000118232547587697 0.0524784269456321 0.00688848240588757 
0.0376787102892594 0.96209262007213 6.27004432467437e-05 0.000165969195363908 
0.000165969195363908 6.27004432467437e-05 0.96209262007213 0.0376787102892594 
0.00688848240588757 0.0524784269456321 0.000118232547587697 0.940514858100893 

0.531213390050873 0.00186691851653768 0.0911737801665322 0.375745911266057 
0.00703990475307134 0.406791549796048 0.172751960214385 0.413416585236495 
0.413416585236495 0.172751960214385 0.406791549796048 0.00703990475307134 
0.375745911266057 0.0911737801665322 0.00186691851653768 0.531213390050873 

0.979005377226928 7.33753604654101e-05 0.00028329476051221 0.0206379526520942 
1.47466653688481e-05 0.927292351530129 0.0725870885047195 0.000105813299782409 
0.000105813299782409 0.0725870885047195 0.927292351530129 1.47466653688481e-05 
0.0206379526520942 0.00028329476051221 7.33753604654101e-05 0.979005377226928 


