4 5

0.0515158178750426 0.448484182124957 0.448484182124957 0.0515158178750426 

0.95052451442367 0.0445720243178874 0.00449153877209877 0.000411922486343863 
0.00156643104240822 0.952228550264326 0.0123654738693553 0.0338395448239104 
0.0338395448239104 0.0123654738693553 0.952228550264326 0.00156643104240822 
0.000411922486343863 0.00449153877209877 0.0445720243178874 0.95052451442367 

0.966753466229254 0.00421862729715604 0.000587867068776351 0.0284400394048137 
0.0135905635403278 0.155314295374455 0.00859279131753399 0.822502349767683 
0.822502349767683 0.00859279131753399 0.155314295374455 0.0135905635403278 
0.0284400394048137 0.000587867068776351 0.00421862729715604 0.966753466229254 

0.95969097377822 0.0196364238434959 0.00619776360930627 0.0144748387689773 
0.0137411836275764 0.943718253872727 0.0277790410776922 0.0147615214220044 
0.0147615214220044 0.0277790410776922 0.943718253872727 0.0137411836275764 
0.0144748387689773 0.00619776360930627 0.0196364238434959 0.95969097377822 

0.551459396928427 0.215123120465574 0.0662895119097308 0.167127970696268 
0.011628587581727 0.511771625870022 0.435713427893372 0.0408863586548781 
0.0408863586548781 0.435713427893372 0.511771625870022 0.011628587581727 
0.167127970696268 0.0662895119097308 0.215123120465574 0.551459396928427 

0.926296994653441 0.00916459186126025 0.00483853191850895 0.0596998815667902 
0.000680721415987103 0.979080904224285 0.0200633103947805 0.000175063964947567 
0.000175063964947567 0.0200633103947805 0.979080904224285 0.000680721415987103 
0.0596998815667902 0.00483853191850895 0.00916459186126025 0.926296994653441 


