4 5

0.318362671765499 0.181637328234501 0.181637328234501 0.318362671765499 

0.971312483555504 0.00218127809248557 0.0211921985806652 0.00531403977134509 
0.0190524463911989 0.932636478470979 0.00154288158395266 0.0467681935538694 
0.0467681935538694 0.00154288158395266 0.932636478470979 0.0190524463911989 
0.00531403977134509 0.0211921985806652 0.00218127809248557 0.971312483555504 

0.553463188534876 0.0544651234953837 0.00537847298400206 0.386693214985738 
0.0631122091350827 0.521533273938896 0.356345461133606 0.0590090557924152 
0.0590090557924152 0.356345461133606 0.521533273938896 0.0631122091350827 
0.386693214985738 0.00537847298400206 0.0544651234953837 0.553463188534876 

0.978433800207188 0.00248351273108767 0.0136932809465207 0.00538940611520328 
0.0333729687977283 0.925600960672787 0.0347901020938696 0.00623596843561482 
0.00623596843561482 0.0347901020938696 0.925600960672787 0.0333729687977283 
0.00538940611520328 0.0136932809465207 0.00248351273108767 0.978433800207188 

0.19235118332582 0.00204325374121911 0.707457701549006 0.0981478613839548 
0.11644209091653 0.846179962330069 0.0168022817816189 0.0205756649717825 
0.0205756649717825 0.0168022817816189 0.846179962330069 0.11644209091653 
0.0981478613839548 0.707457701549006 0.00204325374121911 0.19235118332582 

0.964475218612549 0.002786020689684 0.000408355281897012 0.0323304054158703 
0.00554112575534139 0.938797189301219 0.0119029765323619 0.043758708411078 
0.043758708411078 0.0119029765323619 0.938797189301219 0.00554112575534139 
0.0323304054158703 0.000408355281897012 0.002786020689684 0.964475218612549 


