4 5

0.0819536085473374 0.418046391452663 0.418046391452663 0.0819536085473374 

0.963087408396991 0.0105401964133398 0.000305894305676868 0.0260665008839928 
0.00898657975132751 0.941229062618844 0.0488659541380713 0.000918403491756693 
0.000918403491756693 0.0488659541380713 0.941229062618844 0.00898657975132751 
0.0260665008839928 0.000305894305676868 0.0105401964133398 0.963087408396991 

0.6548182165176 0.0206624533832183 0.0014513421484323 0.32306798795075 
0.142355204506186 0.42890582392605 0.420948095199893 0.00779087636787121 
0.00779087636787121 0.420948095199893 0.42890582392605 0.142355204506186 
0.32306798795075 0.0014513421484323 0.0206624533832183 0.6548182165176 

0.925456611332606 0.0273381104594544 0.00511090015050506 0.0420943780574349 
0.00095637699003261 0.978930207295873 0.017727942712508 0.00238547300158596 
0.00238547300158596 0.017727942712508 0.978930207295873 0.00095637699003261 
0.0420943780574349 0.00511090015050506 0.0273381104594544 0.925456611332606 

0.407758928051371 0.230822853666539 0.000257339329218342 0.361160878952872 
0.171513262852772 0.568610126197533 0.168781187372853 0.0910954235768416 
0.0910954235768416 0.168781187372853 0.568610126197533 0.171513262852772 
0.361160878952872 0.000257339329218342 0.230822853666539 0.407758928051371 

0.997639988038288 0.000170740225204655 0.000458285781459159 0.00173098595504856 
0.000125931843296424 0.91129329499964 0.0885666281857069 1.41449713570211e-05 
1.41449713570211e-05 0.0885666281857069 0.91129329499964 0.000125931843296424 
0.00173098595504856 0.000458285781459159 0.000170740225204655 0.997639988038288 


