4 5

0.393271509557962 0.106728490442038 0.106728490442038 0.393271509557962 

0.991759240773761 0.000165997861611513 0.00184432932686165 0.00623043203776574 
0.000590074502473696 0.914790694651576 0.0659756993291363 0.0186435315168141 
0.0186435315168141 0.0659756993291363 0.914790694651576 0.000590074502473696 
0.00623043203776574 0.00184432932686165 0.000165997861611513 0.991759240773761 

0.429040635291881 0.0988056152308351 0.0438735749119402 0.428280174565344 
0.132726005190884 0.717604316803249 0.0251524644479356 0.124517213557931 
0.124517213557931 0.0251524644479356 0.717604316803249 0.132726005190884 
0.428280174565344 0.0438735749119402 0.0988056152308351 0.429040635291881 

0.950128176714582 0.00396632930325335 3.94566147973235e-05 0.0458660373673677 
0.00562961290884043 0.953471873083139 0.00465168518536108 0.0362468288226599 
0.0362468288226599 0.00465168518536108 0.953471873083139 0.00562961290884043 
0.0458660373673677 3.94566147973235e-05 0.00396632930325335 0.950128176714582 

0.292886960382815 0.13371178405423 0.354374223747573 0.219027031815382 
0.0661418286175355 0.566992586875644 0.168009886622921 0.198855697883899 
0.198855697883899 0.168009886622921 0.566992586875644 0.0661418286175355 
0.219027031815382 0.354374223747573 0.13371178405423 0.292886960382815 

0.955269729285917 0.000152080272799498 0.00344884444715993 0.0411293459941234 
0.000116095047629085 0.948409835218903 0.019995309377995 0.0314787603554731 
0.0314787603554731 0.019995309377995 0.948409835218903 0.000116095047629085 
0.0411293459941234 0.00344884444715993 0.000152080272799498 0.955269729285917 


