4 5

0.367440428351983 0.132559571648017 0.132559571648017 0.367440428351983 

0.96020789319385 6.80022364064236e-05 0.000906859794764496 0.0388172447749792 
0.00507162139787039 0.94375013672602 0.0344370307283397 0.0167412111477695 
0.0167412111477695 0.0344370307283397 0.94375013672602 0.00507162139787039 
0.0388172447749792 0.000906859794764496 6.80022364064236e-05 0.96020789319385 

0.577264287099977 0.0410226854053974 0.0117034068143251 0.370009620680301 
0.0299925425292615 0.486255027211933 0.482018204745994 0.00173422551281183 
0.00173422551281183 0.482018204745994 0.486255027211933 0.0299925425292615 
0.370009620680301 0.0117034068143251 0.0410226854053974 0.577264287099977 

0.938223919719763 0.0002244407186618 0.00279525153879233 0.0587563880227832 
0.00123166782515979 0.966572966625445 0.020976148979151 0.0112192165702445 
0.0112192165702445 0.020976148979151 0.966572966625445 0.00123166782515979 
0.0587563880227832 0.00279525153879233 0.0002244407186618 0.938223919719763 

0.47642839639201 0.00374148273979635 0.238967670589547 0.280862450278647 
0.232730314981192 0.290466699100879 0.0300200802623317 0.446782905655598 
0.446782905655598 0.0300200802623317 0.290466699100879 0.232730314981192 
0.280862450278647 0.238967670589547 0.00374148273979635 0.47642839639201 

0.920303568191017 1.84476335660923e-05 0.000119076786892131 0.0795589073885243 
0.000202995116475939 0.986972300049828 0.0128138401402423 1.08646934540008e-05 
1.08646934540008e-05 0.0128138401402423 0.986972300049828 0.000202995116475939 
0.0795589073885243 0.000119076786892131 1.84476335660923e-05 0.920303568191017 


