4 5

0.0402157051721588 0.459784294827841 0.459784294827841 0.0402157051721588 

0.959954854258801 0.00497330715992479 0.00139829533150586 0.0336735432497679 
0.0127445332060475 0.944176361495986 0.0422767103730257 0.000802394924940384 
0.000802394924940384 0.0422767103730257 0.944176361495986 0.0127445332060475 
0.0336735432497679 0.00139829533150586 0.00497330715992479 0.959954854258801 

0.663107782882407 0.0118248558920219 0.032781131960992 0.29228622926458 
0.0111032021104446 0.470994395634182 0.468704782126839 0.0491976201285338 
0.0491976201285338 0.468704782126839 0.470994395634182 0.0111032021104446 
0.29228622926458 0.032781131960992 0.0118248558920219 0.663107782882407 

0.968496432412655 0.00138470228054635 0.0272315934839613 0.00288727182283727 
0.0397059474957348 0.934661827840542 0.0222517615125178 0.00338046315120551 
0.00338046315120551 0.0222517615125178 0.934661827840542 0.0397059474957348 
0.00288727182283727 0.0272315934839613 0.00138470228054635 0.968496432412655 

0.479524590942438 0.00282441819939038 0.0390966780874927 0.478554312770679 
0.0105157202724328 0.750846337687147 0.215146816831225 0.0234911252091948 
0.0234911252091948 0.215146816831225 0.750846337687147 0.0105157202724328 
0.478554312770679 0.0390966780874927 0.00282441819939038 0.479524590942438 

0.950224777889204 8.53855491403602e-05 0.0171215232466377 0.0325683133150182 
0.0239113797174487 0.953052580524151 0.0118452383033758 0.0111908014550245 
0.0111908014550245 0.0118452383033758 0.953052580524151 0.0239113797174487 
0.0325683133150182 0.0171215232466377 8.53855491403602e-05 0.950224777889204 


