4 5

0.279928898089565 0.220071101910435 0.220071101910435 0.279928898089565 

0.960904324163099 0.000659847683177202 0.0108606012769909 0.0275752268767325 
0.00456866695651227 0.942990171330108 0.0387393811583078 0.0137017805550722 
0.0137017805550722 0.0387393811583078 0.942990171330108 0.00456866695651227 
0.0275752268767325 0.0108606012769909 0.000659847683177202 0.960904324163099 

0.263120274926822 0.276530651932259 0.249724361980871 0.210624711160048 
0.162355316532403 0.460114108327242 0.375467004152169 0.00206357098818645 
0.00206357098818645 0.375467004152169 0.460114108327242 0.162355316532403 
0.210624711160048 0.249724361980871 0.276530651932259 0.263120274926822 

0.944284495602742 0.00236813947098559 0.00631452403306353 0.0470328408932085 
4.21727234371346e-05 0.960209728671931 0.0388886513608702 0.00085944724376204 
0.00085944724376204 0.0388886513608702 0.960209728671931 4.21727234371346e-05 
0.0470328408932085 0.00631452403306353 0.00236813947098559 0.944284495602742 

0.743315698857095 0.0477541183302383 0.00324621747132689 0.20568396534134 
0.24329540477894 0.370706866054364 0.353158711837009 0.0328390173296869 
0.0328390173296869 0.353158711837009 0.370706866054364 0.24329540477894 
0.20568396534134 0.00324621747132689 0.0477541183302383 0.743315698857095 

0.940475718446266 0.00994208573342514 0.00190034322484689 0.0476818525954619 
0.00855982456964491 0.963682388397778 0.0215037702983789 0.00625401673419798 
0.00625401673419798 0.0215037702983789 0.963682388397778 0.00855982456964491 
0.0476818525954619 0.00190034322484689 0.00994208573342514 0.940475718446266 


