4 5

0.486091301427223 0.0139086985727772 0.0139086985727772 0.486091301427223 

0.925033808724728 0.00935570447291452 0.00902255416297286 0.0565879326393846 
0.00026497780375777 0.980174621323496 0.0169220348079402 0.0026383660648064 
0.0026383660648064 0.0169220348079402 0.980174621323496 0.00026497780375777 
0.0565879326393846 0.00902255416297286 0.00935570447291452 0.925033808724728 

0.460322474882841 0.0752526952453225 0.0114578132271398 0.452967016644697 
0.12830437549965 0.691448299582469 0.117170552079067 0.0630767728388141 
0.0630767728388141 0.117170552079067 0.691448299582469 0.12830437549965 
0.452967016644697 0.0114578132271398 0.0752526952453225 0.460322474882841 

0.964915214521868 0.0228616254789853 0.00943743339556453 0.00278572660358245 
0.00813094299314042 0.938422029428027 0.003474382955583 0.0499726446232495 
0.0499726446232495 0.003474382955583 0.938422029428027 0.00813094299314042 
0.00278572660358245 0.00943743339556453 0.0228616254789853 0.964915214521868 

0.346385403240043 0.320135842000189 0.0862307867842726 0.247247967975495 
0.148272827375517 0.563843867666141 0.265570663322771 0.0223126416355712 
0.0223126416355712 0.265570663322771 0.563843867666141 0.148272827375517 
0.247247967975495 0.0862307867842726 0.320135842000189 0.346385403240043 

0.96934077206492 0.0045146016838307 0.00541332629229881 0.0207312999589501 
0.0402363276378917 0.933979845001165 0.00704048925246914 0.0187433381084744 
0.0187433381084744 0.00704048925246914 0.933979845001165 0.0402363276378917 
0.0207312999589501 0.00541332629229881 0.0045146016838307 0.96934077206492 


