4 5

0.112951350864023 0.387048649135977 0.387048649135977 0.112951350864023 

0.985448391153222 0.00137370027206645 4.40734381359008e-05 0.0131338351365758 
0.0585774617195158 0.918581341932246 0.0200794010913552 0.00276179525688324 
0.00276179525688324 0.0200794010913552 0.918581341932246 0.0585774617195158 
0.0131338351365758 4.40734381359008e-05 0.00137370027206645 0.985448391153222 

0.431413543788523 0.32788187694182 0.0843575293208214 0.156347049948836 
0.246089304201514 0.568636015425074 0.112818313723395 0.0724563666500173 
0.0724563666500173 0.112818313723395 0.568636015425074 0.246089304201514 
0.156347049948836 0.0843575293208214 0.32788187694182 0.431413543788523 

0.959271771725994 0.0173963538364161 0.00273575024603834 0.0205961241915513 
0.000129499446034818 0.944966210525374 0.0530303305511267 0.00187395947746481 
0.00187395947746481 0.0530303305511267 0.944966210525374 0.000129499446034818 
0.0205961241915513 0.00273575024603834 0.0173963538364161 0.959271771725994 

0.465709776269562 0.134828381383619 0.00421028981986753 0.395251552526951 
0.0650463044317812 0.548046048449819 0.225882307893224 0.161025339225176 
0.161025339225176 0.225882307893224 0.548046048449819 0.0650463044317812 
0.395251552526951 0.00421028981986753 0.134828381383619 0.465709776269562 

0.969578645775369 0.0104162221349773 0.00238664218179715 0.0176184899078564 
0.00189572342743835 0.93531225072128 0.0596755472156783 0.00311647863560341 
0.00311647863560341 0.0596755472156783 0.93531225072128 0.00189572342743835 
0.0176184899078564 0.00238664218179715 0.0104162221349773 0.969578645775369 


