4 5

0.0893733822740614 0.410626617725939 0.410626617725939 0.0893733822740614 

0.925276604459788 0.00160536389048139 0.00585127978511001 0.0672667518646206 
0.00264423419572508 0.980648019105533 0.0165107796447823 0.000196967053959482 
0.000196967053959482 0.0165107796447823 0.980648019105533 0.00264423419572508 
0.0672667518646206 0.00585127978511001 0.00160536389048139 0.925276604459788 

0.219701159756859 0.530339077817191 0.0303684515547106 0.21959131087124 
0.000913282124860186 0.920850844755875 0.0773003465866775 0.000935526532587223 
0.000935526532587223 0.0773003465866775 0.920850844755875 0.000913282124860186 
0.21959131087124 0.0303684515547106 0.530339077817191 0.219701159756859 

0.941463753859013 0.00707701899552129 0.0208387160610775 0.0306205110843878 
0.0321486512213732 0.961869554589046 0.00418283904041722 0.00179895514916382 
0.00179895514916382 0.00418283904041722 0.961869554589046 0.0321486512213732 
0.0306205110843878 0.0208387160610775 0.00707701899552129 0.941463753859013 

0.409735424270719 0.00505441207500242 0.226995514943733 0.358214648710546 
0.352173531029903 0.232838454285024 0.0227372640600708 0.392250750625002 
0.392250750625002 0.0227372640600708 0.232838454285024 0.352173531029903 
0.358214648710546 0.226995514943733 0.00505441207500242 0.409735424270719 

0.993607164304404 0.00301827168975293 0.000276530283966745 0.00309803372187639 
0.00035225851441333 0.91447842266898 0.0834313497902904 0.00173796902631585 
0.00173796902631585 0.0834313497902904 0.91447842266898 0.00035225851441333 
0.00309803372187639 0.000276530283966745 0.00301827168975293 0.993607164304404 


