4 5

0.10183267830871 0.39816732169129 0.39816732169129 0.10183267830871 

0.984712868483625 0.00904470725607096 0.00174688911443368 0.00449553514586987 
0.0234651210929378 0.920642072685544 0.0530760108408261 0.00281679538069223 
0.00281679538069223 0.0530760108408261 0.920642072685544 0.0234651210929378 
0.00449553514586987 0.00174688911443368 0.00904470725607096 0.984712868483625 

0.449865953324468 0.0241838286977035 0.130002229560669 0.39594798841716 
0.0470414983350695 0.708144749721669 0.222608502102188 0.0222052498410735 
0.0222052498410735 0.222608502102188 0.708144749721669 0.0470414983350695 
0.39594798841716 0.130002229560669 0.0241838286977035 0.449865953324468 

0.970142333777206 0.0013918276461129 0.0239865414535879 0.00447929712309347 
0.0236181037405299 0.933668449319734 0.042272909432405 0.000440537507330956 
0.000440537507330956 0.042272909432405 0.933668449319734 0.0236181037405299 
0.00447929712309347 0.0239865414535879 0.0013918276461129 0.970142333777206 

0.33754101282266 0.359325312672978 0.0990845591903224 0.204049115314039 
0.00357959923729263 0.592414950445365 0.347525330631513 0.0564801196858292 
0.0564801196858292 0.347525330631513 0.592414950445365 0.00357959923729263 
0.204049115314039 0.0990845591903224 0.359325312672978 0.33754101282266 

0.950847722541599 0.0049048932139941 0.00461150759869224 0.0396358766457147 
0.0224558133121206 0.952765919092543 0.0191057279686698 0.00567253962666606 
0.00567253962666606 0.0191057279686698 0.952765919092543 0.0224558133121206 
0.0396358766457147 0.00461150759869224 0.0049048932139941 0.950847722541599 


