4 5

0.441445333184674 0.0585546668153256 0.0585546668153256 0.441445333184674 

0.935325837193052 0.0289818069121295 0.0022135324041641 0.0334788234906548 
0.0248373075710755 0.968809499888185 0.00569530657853112 0.000657885962207937 
0.000657885962207937 0.00569530657853112 0.968809499888185 0.0248373075710755 
0.0334788234906548 0.0022135324041641 0.0289818069121295 0.935325837193052 

0.424594741163671 0.000398286633457895 0.201166408456866 0.373840563746006 
0.00231875058289799 0.713630360858888 0.136075061166737 0.147975827391478 
0.147975827391478 0.136075061166737 0.713630360858888 0.00231875058289799 
0.373840563746006 0.201166408456866 0.000398286633457895 0.424594741163671 

0.919987898116422 0.0733775138081744 0.00137770946784704 0.00525687860755686 
0.00395935815934622 0.98387567215115 0.00286614196279472 0.00929882772670888 
0.00929882772670888 0.00286614196279472 0.98387567215115 0.00395935815934622 
0.00525687860755686 0.00137770946784704 0.0733775138081744 0.919987898116422 

0.304900463899544 0.45830239702851 0.0351624188073666 0.20163472026458 
0.283923813204186 0.550533773418842 0.0115843804961511 0.153958032880822 
0.153958032880822 0.0115843804961511 0.550533773418842 0.283923813204186 
0.20163472026458 0.0351624188073666 0.45830239702851 0.304900463899544 

0.989052551157463 0.00096731577000307 0.000174224576573361 0.00980590849596008 
0.0012198236254917 0.918276196019741 0.0786826554005841 0.00182132495418338 
0.00182132495418338 0.0786826554005841 0.918276196019741 0.0012198236254917 
0.00980590849596008 0.000174224576573361 0.00096731577000307 0.989052551157463 


