4 5

0.474511185311712 0.0254888146882877 0.0254888146882877 0.474511185311712 

0.959041844549137 0.00186905258443647 0.000321968629499632 0.0387671342369273 
0.00453596364159749 0.944599767796049 0.0250902077650531 0.0257740607973 
0.0257740607973 0.0250902077650531 0.944599767796049 0.00453596364159749 
0.0387671342369273 0.000321968629499632 0.00186905258443647 0.959041844549137 

0.595521311621512 0.00158265548757922 0.000728133345912453 0.402167899544997 
0.00615457100235408 0.554745383804576 0.437894837693085 0.0012052074999853 
0.0012052074999853 0.437894837693085 0.554745383804576 0.00615457100235408 
0.402167899544997 0.000728133345912453 0.00158265548757922 0.595521311621512 

0.916397236782186 0.000258455664320357 3.17051511367178e-05 0.0833126024023568 
0.00200233099270936 0.991494493524418 0.00216731278266452 0.00433586270020808 
0.00433586270020808 0.00216731278266452 0.991494493524418 0.00200233099270936 
0.0833126024023568 3.17051511367178e-05 0.000258455664320357 0.916397236782186 

0.393083406048089 0.0906405865024794 0.17395427494822 0.342321732501211 
0.0148702319792261 0.854063705844147 0.0463773715166197 0.0846886906600071 
0.0846886906600071 0.0463773715166197 0.854063705844147 0.0148702319792261 
0.342321732501211 0.17395427494822 0.0906405865024794 0.393083406048089 

0.928384431498197 0.00110500381665878 0.017498569732764 0.05301199495238 
0.0111674490330841 0.976407816783705 0.00327904543148816 0.00914568875172238 
0.00914568875172238 0.00327904543148816 0.976407816783705 0.0111674490330841 
0.05301199495238 0.017498569732764 0.00110500381665878 0.928384431498197 


