4 5

0.323754627490416 0.176245372509584 0.176245372509584 0.323754627490416 

0.922314166571553 0.000975617144044553 1.62010168406739e-05 0.0766940152675618 
1.19230072746512e-05 0.984575872602007 0.0150627547352125 0.000349449655505817 
0.000349449655505817 0.0150627547352125 0.984575872602007 1.19230072746512e-05 
0.0766940152675618 1.62010168406739e-05 0.000975617144044553 0.922314166571553 

0.735726839554674 0.0690824736552957 0.011638708034165 0.183551978755865 
0.0200947437135289 0.509025263962006 0.462335114060055 0.00854487826441042 
0.00854487826441042 0.462335114060055 0.509025263962006 0.0200947437135289 
0.183551978755865 0.011638708034165 0.0690824736552957 0.735726839554674 

0.945442459085932 0.0235354701279095 0.00557938136336939 0.0254426894227892 
0.00980155476355742 0.957797062874879 0.00321807529576013 0.0291833070658037 
0.0291833070658037 0.00321807529576013 0.957797062874879 0.00980155476355742 
0.0254426894227892 0.00557938136336939 0.0235354701279095 0.945442459085932 

0.247655272751101 0.00890092382492558 0.517242868750802 0.226200934673171 
0.100246594149989 0.780004735646862 0.111684152040734 0.00806451816241564 
0.00806451816241564 0.111684152040734 0.780004735646862 0.100246594149989 
0.226200934673171 0.517242868750802 0.00890092382492558 0.247655272751101 

0.923811971044778 0.001900033105195 0.040001939257253 0.0342860565927743 
0.0081478203824666 0.980238783721042 0.0105441508729373 0.00106924502355459 
0.00106924502355459 0.0105441508729373 0.980238783721042 0.0081478203824666 
0.0342860565927743 0.040001939257253 0.001900033105195 0.923811971044778 


