4 5

0.0492716097505763 0.450728390249424 0.450728390249424 0.0492716097505763 

0.974317334129769 0.000444150481645858 0.00165640536590468 0.0235821100226801 
0.0628744499110597 0.92900368529078 0.00460698967962392 0.00351487511853681 
0.00351487511853681 0.00460698967962392 0.92900368529078 0.0628744499110597 
0.0235821100226801 0.00165640536590468 0.000444150481645858 0.974317334129769 

0.701913369591646 0.00179187684228199 0.103501470755126 0.192793282810947 
0.00990753703342542 0.357801495407005 0.157983204442222 0.474307763117347 
0.474307763117347 0.157983204442222 0.357801495407005 0.00990753703342542 
0.192793282810947 0.103501470755126 0.00179187684228199 0.701913369591646 

0.983445221478037 0.00636924750948825 0.00031803995076146 0.00986749106171297 
0.00776905431246442 0.92038952953245 0.0200235303132199 0.0518178858418659 
0.0518178858418659 0.0200235303132199 0.92038952953245 0.00776905431246442 
0.00986749106171297 0.00031803995076146 0.00636924750948825 0.983445221478037 

0.542901458275245 0.00177054594440908 0.00930296651390326 0.446025029266443 
0.00287807950602754 0.584381413718082 0.318250341236977 0.0944901655389134 
0.0944901655389134 0.318250341236977 0.584381413718082 0.00287807950602754 
0.446025029266443 0.00930296651390326 0.00177054594440908 0.542901458275245 

0.919206173675432 0.017286160967392 0.0072379321992962 0.0562697331578794 
0.00165292212604184 0.986316692722785 0.0110963514165279 0.000934033734645517 
0.000934033734645517 0.0110963514165279 0.986316692722785 0.00165292212604184 
0.0562697331578794 0.0072379321992962 0.017286160967392 0.919206173675432 


