4 5

0.282797038555145 0.217202961444855 0.217202961444855 0.282797038555145 

0.92875884872109 0.0298762793132042 0.0151772552796841 0.0261876166860222 
0.00139737775135007 0.974935919537786 0.00954080197984553 0.0141259007310187 
0.0141259007310187 0.00954080197984553 0.974935919537786 0.00139737775135007 
0.0261876166860222 0.0151772552796841 0.0298762793132042 0.92875884872109 

0.711535051289341 0.191698539575613 0.0464522460072315 0.0503141631278144 
0.296668520596243 0.36391439622765 0.30594140953216 0.0334756736439461 
0.0334756736439461 0.30594140953216 0.36391439622765 0.296668520596243 
0.0503141631278144 0.0464522460072315 0.191698539575613 0.711535051289341 

0.947998648703789 0.00201855971658673 0.0394419544338957 0.0105408371457287 
0.00263325928956374 0.955666034986856 0.0189443398709293 0.022756365852651 
0.022756365852651 0.0189443398709293 0.955666034986856 0.00263325928956374 
0.0105408371457287 0.0394419544338957 0.00201855971658673 0.947998648703789 

0.4341876001388 0.362722298850843 0.0194886560189664 0.183601444991391 
0.307562439768634 0.405783246166704 0.158732090067342 0.12792222399732 
0.12792222399732 0.158732090067342 0.405783246166704 0.307562439768634 
0.183601444991391 0.0194886560189664 0.362722298850843 0.4341876001388 

0.961057974528987 0.00103840466973828 0.0197498319722819 0.0181537888289928 
0.00194282771795799 0.94318601231145 0.0526852282720828 0.00218593169850896 
0.00218593169850896 0.0526852282720828 0.94318601231145 0.00194282771795799 
0.0181537888289928 0.0197498319722819 0.00103840466973828 0.961057974528987 


