4 5

0.367642804980278 0.132357195019722 0.132357195019722 0.367642804980278 

0.906262915600848 0.0259595197810355 0.0615748255000001 0.00620273911811686 
0.000124160280407246 0.998469592799815 0.00118541387099791 0.000220833048779559 
0.000220833048779559 0.00118541387099791 0.998469592799815 0.000124160280407246 
0.00620273911811686 0.0615748255000001 0.0259595197810355 0.906262915600848 

0.388754713362882 0.0625249729814343 0.175456765443972 0.373263548211712 
0.168752392697732 0.540098060295803 0.0572872131659666 0.233862333840498 
0.233862333840498 0.0572872131659666 0.540098060295803 0.168752392697732 
0.373263548211712 0.175456765443972 0.0625249729814343 0.388754713362882 

0.981290352949918 0.00507472440142589 0.000117804103095122 0.0135171185455614 
0.000256640511482038 0.92402084427336 0.0584017468814711 0.0173207683336869 
0.0173207683336869 0.0584017468814711 0.92402084427336 0.000256640511482038 
0.0135171185455614 0.000117804103095122 0.00507472440142589 0.981290352949918 

0.338722969122137 0.0576569227221075 0.265051458350331 0.338568649805424 
0.00113707484181799 0.891052975227137 0.106413457637765 0.00139649229328057 
0.00139649229328057 0.106413457637765 0.891052975227137 0.00113707484181799 
0.338568649805424 0.265051458350331 0.0576569227221075 0.338722969122137 

0.943468389466656 0.00138350983102683 1.9387995056771e-05 0.0551287127072608 
0.0132771928207246 0.961051075880544 0.0254033214731345 0.000268409825596567 
0.000268409825596567 0.0254033214731345 0.961051075880544 0.0132771928207246 
0.0551287127072608 1.9387995056771e-05 0.00138350983102683 0.943468389466656 


