4 5

0.302336015854962 0.197663984145038 0.197663984145038 0.302336015854962 

0.919200404804482 0.0514320274308946 0.00191803012242877 0.0274495376421952 
0.0138090099183366 0.985586350812455 0.000600108885449091 4.53038375913643e-06 
4.53038375913643e-06 0.000600108885449091 0.985586350812455 0.0138090099183366 
0.0274495376421952 0.00191803012242877 0.0514320274308946 0.919200404804482 

0.597902984047499 0.0102139284604434 0.0430767286863405 0.348806358805717 
0.0736909480470102 0.498586135760721 0.397852692889752 0.0298702233025166 
0.0298702233025166 0.397852692889752 0.498586135760721 0.0736909480470102 
0.348806358805717 0.0430767286863405 0.0102139284604434 0.597902984047499 

0.932330122371515 0.0316317578460804 0.00160003470354866 0.0344380850788561 
0.00945078423549306 0.971669432107334 0.0184125171654904 0.000467266491682826 
0.000467266491682826 0.0184125171654904 0.971669432107334 0.00945078423549306 
0.0344380850788561 0.00160003470354866 0.0316317578460804 0.932330122371515 

0.438618841945654 0.00328719694208429 0.168166730158549 0.389927230953714 
0.311983052215964 0.465580622506184 0.130860472843643 0.0915758524342095 
0.0915758524342095 0.130860472843643 0.465580622506184 0.311983052215964 
0.389927230953714 0.168166730158549 0.00328719694208429 0.438618841945654 

0.935991420313687 0.0091175796210784 0.0193595570723191 0.0355314429929154 
0.00185361985054253 0.967872389732658 0.0271940145358907 0.00307997588090894 
0.00307997588090894 0.0271940145358907 0.967872389732658 0.00185361985054253 
0.0355314429929154 0.0193595570723191 0.0091175796210784 0.935991420313687 


