4 5

0.0135230021551251 0.486476997844875 0.486476997844875 0.0135230021551251 

0.99175441453598 0.00532199407900822 0.0010433858914938 0.00188020549351819 
0.00227384251763022 0.915286110830583 0.0728800124466805 0.0095600342051065 
0.0095600342051065 0.0728800124466805 0.915286110830583 0.00227384251763022 
0.00188020549351819 0.0010433858914938 0.00532199407900822 0.99175441453598 

0.756173429503213 0.112167624276842 0.10879850552319 0.0228604406967554 
0.37896949095663 0.252835127904159 0.251411996451924 0.116783384687287 
0.116783384687287 0.251411996451924 0.252835127904159 0.37896949095663 
0.0228604406967554 0.10879850552319 0.112167624276842 0.756173429503213 

0.964993171748345 0.00885734027386986 0.00506023377741449 0.021089254200371 
0.00145870802248133 0.939251351027794 0.0495508867598453 0.00973905418987924 
0.00973905418987924 0.0495508867598453 0.939251351027794 0.00145870802248133 
0.021089254200371 0.00506023377741449 0.00885734027386986 0.964993171748345 

0.422295550586007 0.0305104829361751 0.195204618202582 0.351989348275236 
0.00158623494777728 0.566398264850694 0.329868120242658 0.102147379958871 
0.102147379958871 0.329868120242658 0.566398264850694 0.00158623494777728 
0.351989348275236 0.195204618202582 0.0305104829361751 0.422295550586007 

0.949423258048724 3.89138035576644e-05 0.000599953712749598 0.0499378744349692 
0.00619336686484058 0.955092864333451 0.037387167680789 0.00132660112091913 
0.00132660112091913 0.037387167680789 0.955092864333451 0.00619336686484058 
0.0499378744349692 0.000599953712749598 3.89138035576644e-05 0.949423258048724 


