4 5

0.14427086582873 0.35572913417127 0.35572913417127 0.14427086582873 

0.94636197181076 0.00960094826286587 0.00319625937852105 0.040840820547853 
0.000843935209574091 0.957582851401224 0.0320369889080509 0.00953622448115061 
0.00953622448115061 0.0320369889080509 0.957582851401224 0.000843935209574091 
0.040840820547853 0.00319625937852105 0.00960094826286587 0.94636197181076 

0.563841977470272 0.157871219077005 0.039017045456389 0.239269757996333 
0.299862296029114 0.382467800342091 0.119193368086666 0.19847653554213 
0.19847653554213 0.119193368086666 0.382467800342091 0.299862296029114 
0.239269757996333 0.039017045456389 0.157871219077005 0.563841977470272 

0.988991646705992 0.00164221576147267 0.000517713246723392 0.00884842428581228 
0.063763360246132 0.915094320171192 0.00822428151602678 0.0129180380666491 
0.0129180380666491 0.00822428151602678 0.915094320171192 0.063763360246132 
0.00884842428581228 0.000517713246723392 0.00164221576147267 0.988991646705992 

0.509375990639403 0.237859101515749 0.0179136190257214 0.234851288819126 
0.0558085111455824 0.276686396658869 0.270398633309929 0.397106458885619 
0.397106458885619 0.270398633309929 0.276686396658869 0.0558085111455824 
0.234851288819126 0.0179136190257214 0.237859101515749 0.509375990639403 

0.930719506145648 0.00706045940169818 0.00181008090285751 0.0604099535497965 
0.0113958806680653 0.974390763553345 0.010305932112783 0.00390742366580685 
0.00390742366580685 0.010305932112783 0.974390763553345 0.0113958806680653 
0.0604099535497965 0.00181008090285751 0.00706045940169818 0.930719506145648 


