4 5

0.194904367206618 0.305095632793382 0.305095632793382 0.194904367206618 

0.958129672356186 0.0238130324639844 0.00458852134007962 0.0134687738397495 
0.0367088849289932 0.945537885054827 0.0171838507655671 0.000569379250612248 
0.000569379250612248 0.0171838507655671 0.945537885054827 0.0367088849289932 
0.0134687738397495 0.00458852134007962 0.0238130324639844 0.958129672356186 

0.501071949979936 0.0934353990096156 0.00749211566548933 0.398000535344959 
0.189872705622835 0.63572972474785 0.172238254897202 0.00215931473211338 
0.00215931473211338 0.172238254897202 0.63572972474785 0.189872705622835 
0.398000535344959 0.00749211566548933 0.0934353990096156 0.501071949979936 

0.977507469260037 0.0158499407356881 6.62903059797763e-05 0.00657629969829554 
0.0401426761666802 0.926908492769485 0.0327426371031867 0.000206193960647829 
0.000206193960647829 0.0327426371031867 0.926908492769485 0.0401426761666802 
0.00657629969829554 6.62903059797763e-05 0.0158499407356881 0.977507469260037 

0.53332220878432 7.24253562565946e-05 0.465366828224314 0.00123853763510895 
0.489754630530787 0.510212890500536 2.71233279676153e-05 5.35564070930361e-06 
5.35564070930361e-06 2.71233279676153e-05 0.510212890500536 0.489754630530787 
0.00123853763510895 0.465366828224314 7.24253562565946e-05 0.53332220878432 

0.947678591193529 0.00166261012886506 0.0319876219772534 0.0186711767003529 
0.0273493955071421 0.955163570575617 0.0168178375899508 0.000669196327290612 
0.000669196327290612 0.0168178375899508 0.955163570575617 0.0273493955071421 
0.0186711767003529 0.0319876219772534 0.00166261012886506 0.947678591193529 


