4 5

0.0683869596105069 0.431613040389493 0.431613040389493 0.0683869596105069 

0.945648798064322 0.0211217866233118 0.0106462582581469 0.0225831570542194 
0.0265767442591903 0.957812945835581 0.00851037840207547 0.00709993150315374 
0.00709993150315374 0.00851037840207547 0.957812945835581 0.0265767442591903 
0.0225831570542194 0.0106462582581469 0.0211217866233118 0.945648798064322 

0.596256560764499 0.00244968534745069 0.370458801424322 0.0308349524637285 
0.00305845147002362 0.426358202768498 0.162133685843759 0.408449659917719 
0.408449659917719 0.162133685843759 0.426358202768498 0.00305845147002362 
0.0308349524637285 0.370458801424322 0.00244968534745069 0.596256560764499 

0.964910467135223 0.00114639776021868 1.23536745461639e-05 0.0339307814300122 
0.0113753466091365 0.939554471901602 0.0478320756825374 0.0012381058067245 
0.0012381058067245 0.0478320756825374 0.939554471901602 0.0113753466091365 
0.0339307814300122 1.23536745461639e-05 0.00114639776021868 0.964910467135223 

0.267498681587353 0.0492387634315699 0.481695846861473 0.201566708119604 
0.000332944729251878 0.522328548345624 0.469121657813008 0.0082168491121159 
0.0082168491121159 0.469121657813008 0.522328548345624 0.000332944729251878 
0.201566708119604 0.481695846861473 0.0492387634315699 0.267498681587353 

0.958080022349264 0.0167760937037716 0.00162962962875772 0.0235142543182064 
0.0181320610664996 0.945661711454648 0.0345673454669321 0.00163888201192035 
0.00163888201192035 0.0345673454669321 0.945661711454648 0.0181320610664996 
0.0235142543182064 0.00162962962875772 0.0167760937037716 0.958080022349264 


