4 5

0.000112181645818055 0.499887818354182 0.499887818354182 0.000112181645818055 

0.936615282514526 0.00455091911483038 0.00137839748944927 0.0574554008811939 
0.00117731912440827 0.968018017547468 0.0138556954193974 0.0169489679087263 
0.0169489679087263 0.0138556954193974 0.968018017547468 0.00117731912440827 
0.0574554008811939 0.00137839748944927 0.00455091911483038 0.936615282514526 

0.463161864763964 0.105558048709072 0.0133488937559925 0.417931192770971 
0.00799871630954211 0.775000740491118 0.206593645835096 0.0104068973642442 
0.0104068973642442 0.206593645835096 0.775000740491118 0.00799871630954211 
0.417931192770971 0.0133488937559925 0.105558048709072 0.463161864763964 

0.969674601301187 0.00066271371863113 0.000776504418202212 0.0288861805619799 
0.0026987556281386 0.935581237780886 0.0615993209133126 0.000120685677662873 
0.000120685677662873 0.0615993209133126 0.935581237780886 0.0026987556281386 
0.0288861805619799 0.000776504418202212 0.00066271371863113 0.969674601301187 

0.516152611876166 0.0285749011116286 0.00252647203669535 0.452746014975511 
0.00368809427060493 0.587207527948591 0.206229126897445 0.202875250883359 
0.202875250883359 0.206229126897445 0.587207527948591 0.00368809427060493 
0.452746014975511 0.00252647203669535 0.0285749011116286 0.516152611876166 

0.924475820118578 0.0659479520390944 0.00694933733936257 0.002626890502965 
0.00536343617160754 0.979251428504254 0.000669243382803053 0.0147158919413359 
0.0147158919413359 0.000669243382803053 0.979251428504254 0.00536343617160754 
0.002626890502965 0.00694933733936257 0.0659479520390944 0.924475820118578 


