4 5

0.282234347076155 0.217765652923845 0.217765652923845 0.282234347076155 

0.942130553608229 0.0049483465090141 0.0125039989360388 0.0404171009467181 
0.0126263095912967 0.961686642984161 0.0247330976834407 0.000953949741101806 
0.000953949741101806 0.0247330976834407 0.961686642984161 0.0126263095912967 
0.0404171009467181 0.0125039989360388 0.0049483465090141 0.942130553608229 

0.353498219421154 0.389993528056014 0.0317806084671447 0.224727644055687 
0.0150646383008964 0.513227718085525 0.471439793116489 0.000267850497089098 
0.000267850497089098 0.471439793116489 0.513227718085525 0.0150646383008964 
0.224727644055687 0.0317806084671447 0.389993528056014 0.353498219421154 

0.943607074094911 0.0538948379657742 0.000709907089957496 0.00178818084935711 
0.00368851881127806 0.959208655523181 0.0127486868587546 0.0243541388067861 
0.0243541388067861 0.0127486868587546 0.959208655523181 0.00368851881127806 
0.00178818084935711 0.000709907089957496 0.0538948379657742 0.943607074094911 

0.424179363876846 0.0711335873915995 0.0927163908886475 0.411970657842907 
0.0802730645185672 0.468644515846102 0.252086947737276 0.198995471898054 
0.198995471898054 0.252086947737276 0.468644515846102 0.0802730645185672 
0.411970657842907 0.0927163908886475 0.0711335873915995 0.424179363876846 

0.951903817485286 0.00993033617408958 0.000523550512805151 0.0376422958278195 
0.0170533673834083 0.951952925343339 0.030090238871245 0.000903468402007262 
0.000903468402007262 0.030090238871245 0.951952925343339 0.0170533673834083 
0.0376422958278195 0.000523550512805151 0.00993033617408958 0.951903817485286 


