4 5

0.269752962514758 0.230247037485242 0.230247037485242 0.269752962514758 

0.968901768847518 0.000148165765220091 0.0165906291437898 0.0143594362434724 
0.0140848783678753 0.935297063207022 0.0494794832992185 0.00113857512588452 
0.00113857512588452 0.0494794832992185 0.935297063207022 0.0140848783678753 
0.0143594362434724 0.0165906291437898 0.000148165765220091 0.968901768847518 

0.764402315278466 0.000884350005550955 0.226313623572875 0.00839971114310872 
0.703885298902433 0.275268049923519 0.0151131982573965 0.00573345291665228 
0.00573345291665228 0.0151131982573965 0.275268049923519 0.703885298902433 
0.00839971114310872 0.226313623572875 0.000884350005550955 0.764402315278466 

0.918515155669087 0.0209622224923729 0.0599340207501794 0.000588601088360508 
0.000309996698231925 0.985425297405465 0.0103396383365299 0.00392506755977287 
0.00392506755977287 0.0103396383365299 0.985425297405465 0.000309996698231925 
0.000588601088360508 0.0599340207501794 0.0209622224923729 0.918515155669087 

0.487204251093986 0.084228771575638 0.0458863011502263 0.38268067618015 
0.24634038846175 0.57460323049597 0.129557643617979 0.0494987374243013 
0.0494987374243013 0.129557643617979 0.57460323049597 0.24634038846175 
0.38268067618015 0.0458863011502263 0.084228771575638 0.487204251093986 

0.985985234623956 0.00254282776571793 0.000392160646897042 0.0110797769634288 
0.00336510289369219 0.920795344581896 0.0746363453027267 0.00120320722168543 
0.00120320722168543 0.0746363453027267 0.920795344581896 0.00336510289369219 
0.0110797769634288 0.000392160646897042 0.00254282776571793 0.985985234623956 


