4 5

0.275791647844017 0.224208352155983 0.224208352155983 0.275791647844017 

0.967516766387362 0.0112394824580523 0.00140117882222921 0.0198425723323569 
0.000555845248919277 0.93579328567343 0.0251930427125908 0.0384578263650603 
0.0384578263650603 0.0251930427125908 0.93579328567343 0.000555845248919277 
0.0198425723323569 0.00140117882222921 0.0112394824580523 0.967516766387362 

0.592119783041397 0.143516542356364 0.258164729782678 0.0061989448195614 
0.026489536293605 0.423368817033493 0.398743407385067 0.151398239287835 
0.151398239287835 0.398743407385067 0.423368817033493 0.026489536293605 
0.0061989448195614 0.258164729782678 0.143516542356364 0.592119783041397 

0.979500801065023 0.00146509090190351 0.0083335185725698 0.0107005894605036 
0.00181899097871406 0.926574734334156 0.0712166439073623 0.000389630779767742 
0.000389630779767742 0.0712166439073623 0.926574734334156 0.00181899097871406 
0.0107005894605036 0.0083335185725698 0.00146509090190351 0.979500801065023 

0.328946980208356 0.325187970287612 0.0322988070319259 0.313566242472106 
0.0619913758591454 0.798962061492508 0.112808119018565 0.0262384436297822 
0.0262384436297822 0.112808119018565 0.798962061492508 0.0619913758591454 
0.313566242472106 0.0322988070319259 0.325187970287612 0.328946980208356 

0.926658169480852 0.000940249128406949 0.00433329199655275 0.0680682893941881 
0.000521896926196143 0.979302050583292 0.0199638593549628 0.000212193135549153 
0.000212193135549153 0.0199638593549628 0.979302050583292 0.000521896926196143 
0.0680682893941881 0.00433329199655275 0.000940249128406949 0.926658169480852 


