4 5

0.408457887591794 0.0915421124082059 0.0915421124082059 0.408457887591794 

0.977288520452422 0.0171123955467481 0.00158885382286307 0.00401023017796692 
0.0434739360415879 0.926678337377095 0.00199214226412131 0.0278555843171963 
0.0278555843171963 0.00199214226412131 0.926678337377095 0.0434739360415879 
0.00401023017796692 0.00158885382286307 0.0171123955467481 0.977288520452422 

0.319620042434411 0.0682982453402245 0.474725899754775 0.13735581247059 
0.064469016194026 0.568325813222529 0.088567442426284 0.278637728157161 
0.278637728157161 0.088567442426284 0.568325813222529 0.064469016194026 
0.13735581247059 0.474725899754775 0.0682982453402245 0.319620042434411 

0.930179139518572 0.00160292328746458 0.0575754384100126 0.010642498783951 
3.32272845426397e-05 0.974155312210945 0.00438927434149722 0.021422186163015 
0.021422186163015 0.00438927434149722 0.974155312210945 3.32272845426397e-05 
0.010642498783951 0.0575754384100126 0.00160292328746458 0.930179139518572 

0.483213616509331 0.052095113215807 0.00122223197328568 0.463469038301576 
0.126783929866903 0.593312371802762 0.275408781715465 0.00449491661486982 
0.00449491661486982 0.275408781715465 0.593312371802762 0.126783929866903 
0.463469038301576 0.00122223197328568 0.052095113215807 0.483213616509331 

0.930570868007167 5.42685840731576e-05 0.0467707821085126 0.0226040813002471 
0.0146879302269925 0.972829926664659 0.00892355911740172 0.00355858399094638 
0.00355858399094638 0.00892355911740172 0.972829926664659 0.0146879302269925 
0.0226040813002471 0.0467707821085126 5.42685840731576e-05 0.930570868007167 


