4 5

0.265732061234303 0.234267938765697 0.234267938765697 0.265732061234303 

0.937449189631399 0.00833202510625571 0.000393606968687658 0.0538251782936578 
0.00117183277910822 0.966816312089223 0.00194553842143558 0.0300663167102337 
0.0300663167102337 0.00194553842143558 0.966816312089223 0.00117183277910822 
0.0538251782936578 0.000393606968687658 0.00833202510625571 0.937449189631399 

0.384182930339025 0.26391962667559 0.0128334136586188 0.339064029326767 
0.169232994297713 0.802690925305559 0.0023228335322506 0.025753246864478 
0.025753246864478 0.0023228335322506 0.802690925305559 0.169232994297713 
0.339064029326767 0.0128334136586188 0.26391962667559 0.384182930339025 

0.943849103608619 0.0129489791958408 0.000301354605461908 0.0429005625900783 
0.00555547652470018 0.959921537158772 0.0193343359840457 0.0151886503324817 
0.0151886503324817 0.0193343359840457 0.959921537158772 0.00555547652470018 
0.0429005625900783 0.000301354605461908 0.0129489791958408 0.943849103608619 

0.417844374222827 0.0327825548971138 0.196473573387717 0.352899497492342 
0.126562468398201 0.534905200976322 0.00107574309815034 0.337456587527327 
0.337456587527327 0.00107574309815034 0.534905200976322 0.126562468398201 
0.352899497492342 0.196473573387717 0.0327825548971138 0.417844374222827 

0.961490373418956 0.00350869818000563 0.00190555101059955 0.0330953773904392 
0.0377834852461531 0.941904173696479 0.015339122404342 0.004973218653026 
0.004973218653026 0.015339122404342 0.941904173696479 0.0377834852461531 
0.0330953773904392 0.00190555101059955 0.00350869818000563 0.961490373418956 


