4 5

0.428039658232592 0.071960341767408 0.071960341767408 0.428039658232592 

0.910447404040469 0.00865135991762915 0.014593437512445 0.0663077985294566 
0.0029735541417823 0.996513065209888 0.000278311603561121 0.000235069044768723 
0.000235069044768723 0.000278311603561121 0.996513065209888 0.0029735541417823 
0.0663077985294566 0.014593437512445 0.00865135991762915 0.910447404040469 

0.570434243805177 0.00492204975916475 0.017909298426497 0.406734408009161 
1.33662149485929e-05 0.5000247614732 0.49972297951625 0.000238892795601334 
0.000238892795601334 0.49972297951625 0.5000247614732 1.33662149485929e-05 
0.406734408009161 0.017909298426497 0.00492204975916475 0.570434243805177 

0.963458982974003 0.00951300833382037 3.84989806875595e-05 0.0269895097114891 
4.72590400317236e-05 0.939966821937104 0.0293778706231332 0.0306080483997306 
0.0306080483997306 0.0293778706231332 0.939966821937104 4.72590400317236e-05 
0.0269895097114891 3.84989806875595e-05 0.00951300833382037 0.963458982974003 

0.412847171239922 0.182236981383548 0.00096346037414724 0.403952387002382 
0.0229511673871611 0.722908388484436 0.253887735955144 0.000252708173258943 
0.000252708173258943 0.253887735955144 0.722908388484436 0.0229511673871611 
0.403952387002382 0.00096346037414724 0.182236981383548 0.412847171239922 

0.955427584438355 0.00417830763997389 0.0403382491318229 5.58587898483731e-05 
0.0431952954184403 0.947615631563845 0.000287744494068487 0.00890132852364643 
0.00890132852364643 0.000287744494068487 0.947615631563845 0.0431952954184403 
5.58587898483731e-05 0.0403382491318229 0.00417830763997389 0.955427584438355 


