4 5

0.0656709193717688 0.434329080628231 0.434329080628231 0.0656709193717688 

0.923514771066644 9.52095841427851e-05 0.0200204981359719 0.056369521213241 
0.00187221133726477 0.981739875824098 0.0163873268835146 5.85955122881388e-07 
5.85955122881388e-07 0.0163873268835146 0.981739875824098 0.00187221133726477 
0.056369521213241 0.0200204981359719 9.52095841427851e-05 0.923514771066644 

0.388257698797382 0.00517726348454164 0.268019384988219 0.338545652729857 
0.0632851261422249 0.768996941775992 0.119901832388801 0.0478160996929815 
0.0478160996929815 0.119901832388801 0.768996941775992 0.0632851261422249 
0.338545652729857 0.268019384988219 0.00517726348454164 0.388257698797382 

0.972345938525556 0.00109680274388969 0.0126937326913814 0.0138635260391734 
0.00144208543576551 0.932453804373078 0.0554219729583658 0.0106821372327907 
0.0106821372327907 0.0554219729583658 0.932453804373078 0.00144208543576551 
0.0138635260391734 0.0126937326913814 0.00109680274388969 0.972345938525556 

0.892049579236028 0.0198930244678176 0.0672523030450091 0.0208050932511454 
0.00954441030140302 0.387716334702707 0.333051609058477 0.269687645937413 
0.269687645937413 0.333051609058477 0.387716334702707 0.00954441030140302 
0.0208050932511454 0.0672523030450091 0.0198930244678176 0.892049579236028 

0.961364097778514 0.00261542903848431 0.0303758883224851 0.00564458486051661 
0.0562377509578421 0.941394009760256 0.00130723630995233 0.0010610029719491 
0.0010610029719491 0.00130723630995233 0.941394009760256 0.0562377509578421 
0.00564458486051661 0.0303758883224851 0.00261542903848431 0.961364097778514 


