4 5

0.13398296397645 0.36601703602355 0.36601703602355 0.13398296397645 

0.943961065151003 0.00541457036729159 0.000389161043648448 0.0502352034380567 
0.00254754228802411 0.960632464189941 0.0367672780918513 5.27154301834922e-05 
5.27154301834922e-05 0.0367672780918513 0.960632464189941 0.00254754228802411 
0.0502352034380567 0.000389161043648448 0.00541457036729159 0.943961065151003 

0.447317715584424 0.0703669648710282 0.0352161783887531 0.447099141155795 
0.019237493926027 0.577844893962033 0.383379856573948 0.0195377555379918 
0.0195377555379918 0.383379856573948 0.577844893962033 0.019237493926027 
0.447099141155795 0.0352161783887531 0.0703669648710282 0.447317715584424 

0.965458087972435 0.0265729181693772 9.42955138229194e-05 0.00787469834436494 
0.0162118924254233 0.938655191979986 0.0426659051427071 0.00246701045188322 
0.00246701045188322 0.0426659051427071 0.938655191979986 0.0162118924254233 
0.00787469834436494 9.42955138229194e-05 0.0265729181693772 0.965458087972435 

0.54118910035284 0.037990507662834 0.0765656865888316 0.344254705395495 
0.068399187023371 0.283903531176999 0.211194143424102 0.436503138375528 
0.436503138375528 0.211194143424102 0.283903531176999 0.068399187023371 
0.344254705395495 0.0765656865888316 0.037990507662834 0.54118910035284 

0.947219884511281 0.0378927819878829 0.0013697586420358 0.0135175748587998 
0.026601615098585 0.956431865632959 0.0026916457145405 0.0142748735539158 
0.0142748735539158 0.0026916457145405 0.956431865632959 0.026601615098585 
0.0135175748587998 0.0013697586420358 0.0378927819878829 0.947219884511281 


