4 5

0.446807994856499 0.0531920051435009 0.0531920051435009 0.446807994856499 

0.993539447234387 0.00116351147833397 0.00513569288733358 0.000161348399945416 
0.0183679201343068 0.911212828996474 0.0195929822449255 0.050826268624294 
0.050826268624294 0.0195929822449255 0.911212828996474 0.0183679201343068 
0.000161348399945416 0.00513569288733358 0.00116351147833397 0.993539447234387 

0.339604963516301 0.00247266468876106 0.506078899920432 0.151843471874506 
0.000111846802522811 0.611883633377734 0.255136855080281 0.132867664739462 
0.132867664739462 0.255136855080281 0.611883633377734 0.000111846802522811 
0.151843471874506 0.506078899920432 0.00247266468876106 0.339604963516301 

0.958862478911642 0.0069625016096929 0.0146399562521381 0.0195350632265271 
0.00142024394545134 0.944684718798285 0.0293663787105559 0.0245286585457077 
0.0245286585457077 0.0293663787105559 0.944684718798285 0.00142024394545134 
0.0195350632265271 0.0146399562521381 0.0069625016096929 0.958862478911642 

0.364354983719647 0.248313799225362 0.0298457386353237 0.357485478419668 
0.280085341853785 0.323794797762782 0.121160255928323 0.27495960445511 
0.27495960445511 0.121160255928323 0.323794797762782 0.280085341853785 
0.357485478419668 0.0298457386353237 0.248313799225362 0.364354983719647 

0.990249278322545 0.00798226360698541 3.73239866526646e-05 0.00173113408381714 
0.000729250874403606 0.914856067304139 0.0451809373240744 0.0392337444973833 
0.0392337444973833 0.0451809373240744 0.914856067304139 0.000729250874403606 
0.00173113408381714 3.73239866526646e-05 0.00798226360698541 0.990249278322545 


