4 5

0.498509934986942 0.00149006501305848 0.00149006501305848 0.498509934986942 

0.963741152379395 0.0307178744540149 0.0052499802193515 0.000290992947238666 
0.00363009243335957 0.939479182580904 0.0251961382583186 0.0316945867274182 
0.0316945867274182 0.0251961382583186 0.939479182580904 0.00363009243335957 
0.000290992947238666 0.0052499802193515 0.0307178744540149 0.963741152379395 

0.223212763442471 0.520046560054515 0.0754890044981091 0.181251672004905 
0.0816006737798531 0.714599294137561 0.172972927481156 0.03082710460143 
0.03082710460143 0.172972927481156 0.714599294137561 0.0816006737798531 
0.181251672004905 0.0754890044981091 0.520046560054515 0.223212763442471 

0.932658411412463 0.00269888158574507 0.035907893579065 0.0287348134227267 
0.0262380961536052 0.970759664704248 0.00082285298969148 0.0021793861524551 
0.0021793861524551 0.00082285298969148 0.970759664704248 0.0262380961536052 
0.0287348134227267 0.035907893579065 0.00269888158574507 0.932658411412463 

0.769138784033441 0.203051953081707 0.00836938997613573 0.0194398729087161 
0.433479744083654 0.307890758555514 0.208216776875987 0.0504127204848449 
0.0504127204848449 0.208216776875987 0.307890758555514 0.433479744083654 
0.0194398729087161 0.00836938997613573 0.203051953081707 0.769138784033441 

0.944526423534618 0.0128296838624918 0.0168002115464774 0.0258436810564126 
0.00524877167768249 0.95894410913452 0.00590117663173517 0.0299059425560626 
0.0299059425560626 0.00590117663173517 0.95894410913452 0.00524877167768249 
0.0258436810564126 0.0168002115464774 0.0128296838624918 0.944526423534618 


