4 5

0.214872905053198 0.285127094946802 0.285127094946802 0.214872905053198 

0.998978766825879 0.000794754061164269 3.21894803811752e-05 0.000194289632575395 
0.0787421424960302 0.905825567889334 5.22769813894319e-05 0.0153800126332463 
0.0153800126332463 5.22769813894319e-05 0.905825567889334 0.0787421424960302 
0.000194289632575395 3.21894803811752e-05 0.000794754061164269 0.998978766825879 

0.868796430053918 0.00281656138730274 0.0571147128513599 0.0712722957074194 
0.0256524367715456 0.342026579340377 0.322591508372485 0.309729475515592 
0.309729475515592 0.322591508372485 0.342026579340377 0.0256524367715456 
0.0712722957074194 0.0571147128513599 0.00281656138730274 0.868796430053918 

0.924656147171253 0.00806518289137772 0.0595391392726062 0.00773953066476291 
0.00404963353143256 0.97878270057132 0.0171067910755215 6.08748217257355e-05 
6.08748217257355e-05 0.0171067910755215 0.97878270057132 0.00404963353143256 
0.00773953066476291 0.0595391392726062 0.00806518289137772 0.924656147171253 

0.46013993707454 0.0573973446859487 0.0294859552154296 0.452976763024081 
0.0609390057666623 0.537749739808499 0.379122549449487 0.0221887049753519 
0.0221887049753519 0.379122549449487 0.537749739808499 0.0609390057666623 
0.452976763024081 0.0294859552154296 0.0573973446859487 0.46013993707454 

0.930678367194359 0.00182499512415383 0.000589383036177249 0.0669072546453097 
0.000394898523321391 0.97485836103438 0.0136779934469503 0.0110687469953486 
0.0110687469953486 0.0136779934469503 0.97485836103438 0.000394898523321391 
0.0669072546453097 0.000589383036177249 0.00182499512415383 0.930678367194359 


