4 5

0.25 0.25 0.25 0.25 

0.952167275309161 0.00069109576070836 0.00521344118215605 0.0419281877479741 
0.00069109576070836 0.952167275309161 0.0419281877479741 0.00521344118215605 
0.00521344118215605 0.0419281877479741 0.952167275309161 0.00069109576070836 
0.0419281877479741 0.00521344118215605 0.00069109576070836 0.952167275309161 

0.477583823054281 0.0228133848988754 0.0563670830273148 0.443235709019529 
0.0228133848988754 0.477583823054281 0.443235709019529 0.0563670830273148 
0.0563670830273148 0.443235709019529 0.477583823054281 0.0228133848988754 
0.443235709019529 0.0563670830273148 0.0228133848988754 0.477583823054281 

0.9517134011182 0.00656105826499812 0.0239199913008791 0.0178055493159227 
0.00656105826499812 0.9517134011182 0.0178055493159227 0.0239199913008791 
0.0239199913008791 0.0178055493159227 0.9517134011182 0.00656105826499812 
0.0178055493159227 0.0239199913008791 0.00656105826499812 0.9517134011182 

0.443115230243831 0.0571052238270492 0.142611407802018 0.357168138127102 
0.0571052238270492 0.443115230243831 0.357168138127102 0.142611407802018 
0.142611407802018 0.357168138127102 0.443115230243831 0.0571052238270492 
0.357168138127102 0.142611407802018 0.0571052238270492 0.443115230243831 

0.951956558050964 0.00847811382200422 0.0034503823609742 0.0361149457660572 
0.00847811382200422 0.951956558050964 0.0361149457660572 0.0034503823609742 
0.0034503823609742 0.0361149457660572 0.951956558050964 0.00847811382200422 
0.0361149457660572 0.0034503823609742 0.00847811382200422 0.951956558050964 


