4 5

0.25 0.25 0.25 0.25 

0.95237526507329 0.000837633435127577 9.09652345945366e-05 0.0466961362569879 
0.000837633435127577 0.95237526507329 0.0466961362569879 9.09652345945366e-05 
9.09652345945366e-05 0.0466961362569879 0.95237526507329 0.000837633435127577 
0.0466961362569879 9.09652345945366e-05 0.000837633435127577 0.95237526507329 

0.365223177897363 0.135258764982456 0.287781017626882 0.211737039493299 
0.135258764982456 0.365223177897363 0.211737039493299 0.287781017626882 
0.287781017626882 0.211737039493299 0.365223177897363 0.135258764982456 
0.211737039493299 0.287781017626882 0.135258764982456 0.365223177897363 

0.951831182473794 0.0080565124565887 0.0319785640273812 0.00813374104223596 
0.0080565124565887 0.951831182473794 0.00813374104223596 0.0319785640273812 
0.0319785640273812 0.00813374104223596 0.951831182473794 0.0080565124565887 
0.00813374104223596 0.0319785640273812 0.0080565124565887 0.951831182473794 

0.439565775236857 0.0605922794984202 0.249933776377163 0.24990816888756 
0.0605922794984202 0.439565775236857 0.24990816888756 0.249933776377163 
0.249933776377163 0.24990816888756 0.439565775236857 0.0605922794984202 
0.24990816888756 0.249933776377163 0.0605922794984202 0.439565775236857 

0.951706125975674 0.00832353541264838 0.0250684840673047 0.0149018545443725 
0.00832353541264838 0.951706125975674 0.0149018545443725 0.0250684840673047 
0.0250684840673047 0.0149018545443725 0.951706125975674 0.00832353541264838 
0.0149018545443725 0.0250684840673047 0.00832353541264838 0.951706125975674 


