4 5

0.25 0.25 0.25 0.25 

0.951867350326284 0.0171068113770019 0.000664597554061758 0.0303612407426519 
0.0171068113770019 0.951867350326284 0.0303612407426519 0.000664597554061758 
0.000664597554061758 0.0303612407426519 0.951867350326284 0.0171068113770019 
0.0303612407426519 0.000664597554061758 0.0171068113770019 0.951867350326284 

0.344459165636116 0.15646073766895 0.197899607625884 0.30118048906905 
0.15646073766895 0.344459165636116 0.30118048906905 0.197899607625884 
0.197899607625884 0.30118048906905 0.344459165636116 0.15646073766895 
0.30118048906905 0.197899607625884 0.15646073766895 0.344459165636116 

0.951926817152433 0.00703601086299563 0.00566229777247498 0.035374874212096 
0.00703601086299563 0.951926817152433 0.035374874212096 0.00566229777247498 
0.00566229777247498 0.035374874212096 0.951926817152433 0.00703601086299563 
0.035374874212096 0.00566229777247498 0.00703601086299563 0.951926817152433 

0.481386188477332 0.0188008487619413 0.0977394852230233 0.402073477537703 
0.0188008487619413 0.481386188477332 0.402073477537703 0.0977394852230233 
0.0977394852230233 0.402073477537703 0.481386188477332 0.0188008487619413 
0.402073477537703 0.0977394852230233 0.0188008487619413 0.481386188477332 

0.951916757274044 0.0329277212828362 0.00019903219312542 0.0149564892499943 
0.0329277212828362 0.951916757274044 0.0149564892499943 0.00019903219312542 
0.00019903219312542 0.0149564892499943 0.951916757274044 0.0329277212828362 
0.0149564892499943 0.00019903219312542 0.0329277212828362 0.951916757274044 


