4 5

0.25 0.25 0.25 0.25 

0.951794039395252 0.00975784170197197 0.00804740830407788 0.0304007105986978 
0.00975784170197197 0.951794039395252 0.0304007105986978 0.00804740830407788 
0.00804740830407788 0.0304007105986978 0.951794039395252 0.00975784170197197 
0.0304007105986978 0.00804740830407788 0.00975784170197197 0.951794039395252 

0.359638703880549 0.1411053547594 0.315294788345932 0.183961153014119 
0.1411053547594 0.359638703880549 0.183961153014119 0.315294788345932 
0.315294788345932 0.183961153014119 0.359638703880549 0.1411053547594 
0.183961153014119 0.315294788345932 0.1411053547594 0.359638703880549 

0.951760967638947 0.0117769255266711 0.00777276103298866 0.0286893458013932 
0.0117769255266711 0.951760967638947 0.0286893458013932 0.00777276103298866 
0.00777276103298866 0.0286893458013932 0.951760967638947 0.0117769255266711 
0.0286893458013932 0.00777276103298866 0.0117769255266711 0.951760967638947 

0.411305029988223 0.0889256891822129 0.212667098175899 0.287102182653665 
0.0889256891822129 0.411305029988223 0.287102182653665 0.212667098175899 
0.212667098175899 0.287102182653665 0.411305029988223 0.0889256891822129 
0.287102182653665 0.212667098175899 0.0889256891822129 0.411305029988223 

0.952145592149739 0.00278821262580389 0.00353047814896087 0.0415357170754957 
0.00278821262580389 0.952145592149739 0.0415357170754957 0.00353047814896087 
0.00353047814896087 0.0415357170754957 0.952145592149739 0.00278821262580389 
0.0415357170754957 0.00353047814896087 0.00278821262580389 0.952145592149739 


