4 5

0.25 0.25 0.25 0.25 

0.951694959403314 0.0240799524386092 0.0156984984322611 0.00852658972581613 
0.0240799524386092 0.951694959403314 0.00852658972581613 0.0156984984322611 
0.0156984984322611 0.00852658972581613 0.951694959403314 0.0240799524386092 
0.00852658972581613 0.0156984984322611 0.0240799524386092 0.951694959403314 

0.420794867421561 0.0794537240244313 0.170504059610432 0.329247348943576 
0.0794537240244313 0.420794867421561 0.329247348943576 0.170504059610432 
0.170504059610432 0.329247348943576 0.420794867421561 0.0794537240244313 
0.329247348943576 0.170504059610432 0.0794537240244313 0.420794867421561 

0.951703964717015 0.0102176513216506 0.0124460858138007 0.0256322981475338 
0.0102176513216506 0.951703964717015 0.0256322981475338 0.0124460858138007 
0.0124460858138007 0.0256322981475338 0.951703964717015 0.0102176513216506 
0.0256322981475338 0.0124460858138007 0.0102176513216506 0.951703964717015 

0.383030312757456 0.121101607330582 0.373545386307742 0.12232269360422 
0.121101607330582 0.383030312757456 0.12232269360422 0.373545386307742 
0.373545386307742 0.12232269360422 0.383030312757456 0.121101607330582 
0.12232269360422 0.373545386307742 0.121101607330582 0.383030312757456 

0.951726948845028 0.0130767532179307 0.0267734639918965 0.00842283394514498 
0.0130767532179307 0.951726948845028 0.00842283394514498 0.0267734639918965 
0.0267734639918965 0.00842283394514498 0.951726948845028 0.0130767532179307 
0.00842283394514498 0.0267734639918965 0.0130767532179307 0.951726948845028 


