4 5

0.25 0.25 0.25 0.25 

0.952219713863987 0.00402521014424315 0.0432296638739903 0.0005254121177799 
0.00402521014424315 0.952219713863987 0.0005254121177799 0.0432296638739903 
0.0432296638739903 0.0005254121177799 0.952219713863987 0.00402521014424315 
0.0005254121177799 0.0432296638739903 0.00402521014424315 0.952219713863987 

0.481242420413165 0.0189303369741324 0.106443657476871 0.393383585135832 
0.0189303369741324 0.481242420413165 0.393383585135832 0.106443657476871 
0.106443657476871 0.393383585135832 0.481242420413165 0.0189303369741324 
0.393383585135832 0.106443657476871 0.0189303369741324 0.481242420413165 

0.952302859081553 0.00219212679235234 0.000355134961785381 0.0451498791643095 
0.00219212679235234 0.952302859081553 0.0451498791643095 0.000355134961785381 
0.000355134961785381 0.0451498791643095 0.952302859081553 0.00219212679235234 
0.0451498791643095 0.000355134961785381 0.00219212679235234 0.952302859081553 

0.473339338533538 0.0283603030221568 0.464005133478893 0.0342952249654117 
0.0283603030221568 0.473339338533538 0.0342952249654117 0.464005133478893 
0.464005133478893 0.0342952249654117 0.473339338533538 0.0283603030221568 
0.0342952249654117 0.464005133478893 0.0283603030221568 0.473339338533538 

0.951683649003347 0.018631121306798 0.0215468907128746 0.00813833897698046 
0.018631121306798 0.951683649003347 0.00813833897698046 0.0215468907128746 
0.0215468907128746 0.00813833897698046 0.951683649003347 0.018631121306798 
0.00813833897698046 0.0215468907128746 0.018631121306798 0.951683649003347 


