4 5

0.25 0.25 0.25 0.25 

0.951855996066822 0.00206493390592449 0.0311040039169335 0.0149750661103199 
0.00206493390592449 0.951855996066822 0.0149750661103199 0.0311040039169335 
0.0311040039169335 0.0149750661103199 0.951855996066822 0.00206493390592449 
0.0149750661103199 0.0311040039169335 0.00206493390592449 0.951855996066822 

0.440756549270166 0.0617472131640771 0.0653212017911668 0.43217503577459 
0.0617472131640771 0.440756549270166 0.43217503577459 0.0653212017911668 
0.0653212017911668 0.43217503577459 0.440756549270166 0.0617472131640771 
0.43217503577459 0.0653212017911668 0.0617472131640771 0.440756549270166 

0.95219449015445 0.000753994704226379 0.00442136828903539 0.0426301468522879 
0.000753994704226379 0.95219449015445 0.0426301468522879 0.00442136828903539 
0.00442136828903539 0.0426301468522879 0.95219449015445 0.000753994704226379 
0.0426301468522879 0.00442136828903539 0.000753994704226379 0.95219449015445 

0.491683238863918 0.00913875346936977 0.0230755418921422 0.47610246577457 
0.00913875346936977 0.491683238863918 0.47610246577457 0.0230755418921422 
0.0230755418921422 0.47610246577457 0.491683238863918 0.00913875346936977 
0.47610246577457 0.0230755418921422 0.00913875346936977 0.491683238863918 

0.951741105978137 0.0166264370910663 0.0259837728295288 0.00564868410126759 
0.0166264370910663 0.951741105978137 0.00564868410126759 0.0259837728295288 
0.0259837728295288 0.00564868410126759 0.951741105978137 0.0166264370910663 
0.00564868410126759 0.0259837728295288 0.0166264370910663 0.951741105978137 


