4 5

0.25 0.25 0.25 0.25 

0.951921255278586 0.0141205063134942 0.000528510496717538 0.0334297279112027 
0.0141205063134942 0.951921255278586 0.0334297279112027 0.000528510496717538 
0.000528510496717538 0.0334297279112027 0.951921255278586 0.0141205063134942 
0.0334297279112027 0.000528510496717538 0.0141205063134942 0.951921255278586 

0.49302954009184 0.00741114668576461 0.0351201615885234 0.464439151633872 
0.00741114668576461 0.49302954009184 0.464439151633872 0.0351201615885234 
0.0351201615885234 0.464439151633872 0.49302954009184 0.00741114668576461 
0.464439151633872 0.0351201615885234 0.00741114668576461 0.49302954009184 

0.952202391056473 0.00258562497331957 0.00230505802595252 0.0429069259442545 
0.00258562497331957 0.952202391056473 0.0429069259442545 0.00230505802595252 
0.00230505802595252 0.0429069259442545 0.952202391056473 0.00258562497331957 
0.0429069259442545 0.00230505802595252 0.00258562497331957 0.952202391056473 

0.436428626275194 0.0714556039245421 0.426561448890428 0.065554320909836 
0.0714556039245421 0.436428626275194 0.065554320909836 0.426561448890428 
0.426561448890428 0.065554320909836 0.436428626275194 0.0714556039245421 
0.065554320909836 0.426561448890428 0.0714556039245421 0.436428626275194 

0.951706459545945 0.00646502107764726 0.0197918389503098 0.0220366804260976 
0.00646502107764726 0.951706459545945 0.0220366804260976 0.0197918389503098 
0.0197918389503098 0.0220366804260976 0.951706459545945 0.00646502107764726 
0.0220366804260976 0.0197918389503098 0.00646502107764726 0.951706459545945 


