4 5

0.25 0.25 0.25 0.25 

0.951739296647527 0.00657501210286218 0.0149770929177807 0.0267085983318301 
0.00657501210286218 0.951739296647527 0.0267085983318301 0.0149770929177807 
0.0149770929177807 0.0267085983318301 0.951739296647527 0.00657501210286218 
0.0267085983318301 0.0149770929177807 0.00657501210286218 0.951739296647527 

0.473833262588045 0.0264396303312306 0.0788530419180737 0.420874065162651 
0.0264396303312306 0.473833262588045 0.420874065162651 0.0788530419180737 
0.0788530419180737 0.420874065162651 0.473833262588045 0.0264396303312306 
0.420874065162651 0.0788530419180737 0.0264396303312306 0.473833262588045 

0.951810747035976 0.0173990032834248 0.00247024481670724 0.0283200048638915 
0.0173990032834248 0.951810747035976 0.0283200048638915 0.00247024481670724 
0.00247024481670724 0.0283200048638915 0.951810747035976 0.0173990032834248 
0.0283200048638915 0.00247024481670724 0.0173990032834248 0.951810747035976 

0.404196385538339 0.0960826790300178 0.308150689641046 0.191570245790597 
0.0960826790300178 0.404196385538339 0.191570245790597 0.308150689641046 
0.308150689641046 0.191570245790597 0.404196385538339 0.0960826790300178 
0.191570245790597 0.308150689641046 0.0960826790300178 0.404196385538339 

0.951716127258615 0.0122803496243705 0.00963643596293637 0.026367087154078 
0.0122803496243705 0.951716127258615 0.026367087154078 0.00963643596293637 
0.00963643596293637 0.026367087154078 0.951716127258615 0.0122803496243705 
0.026367087154078 0.00963643596293637 0.0122803496243705 0.951716127258615 


