4 5

0.25 0.25 0.25 0.25 

0.951646185561668 0.0125399534596763 0.0155975661256335 0.0202162948530221 
0.0125399534596763 0.951646185561668 0.0202162948530221 0.0155975661256335 
0.0155975661256335 0.0202162948530221 0.951646185561668 0.0125399534596763 
0.0202162948530221 0.0155975661256335 0.0125399534596763 0.951646185561668 

0.360277472829674 0.14107349924597 0.337709597704028 0.160939430220328 
0.14107349924597 0.360277472829674 0.160939430220328 0.337709597704028 
0.337709597704028 0.160939430220328 0.360277472829674 0.14107349924597 
0.160939430220328 0.337709597704028 0.14107349924597 0.360277472829674 

0.95202726095175 0.00767537621942246 0.00212026848963823 0.0381770943391888 
0.00767537621942246 0.95202726095175 0.0381770943391888 0.00212026848963823 
0.00212026848963823 0.0381770943391888 0.95202726095175 0.00767537621942246 
0.0381770943391888 0.00212026848963823 0.00767537621942246 0.95202726095175 

0.410344188411286 0.0900133398673453 0.150926759899253 0.348715711822116 
0.0900133398673453 0.410344188411286 0.348715711822116 0.150926759899253 
0.150926759899253 0.348715711822116 0.410344188411286 0.0900133398673453 
0.348715711822116 0.150926759899253 0.0900133398673453 0.410344188411286 

0.951687476637868 0.00848019687660861 0.0230588990923239 0.0167734273931996 
0.00848019687660861 0.951687476637868 0.0167734273931996 0.0230588990923239 
0.0230588990923239 0.0167734273931996 0.951687476637868 0.00848019687660861 
0.0167734273931996 0.0230588990923239 0.00848019687660861 0.951687476637868 


