4 5

0.25 0.25 0.25 0.25 

0.951815881143819 0.00114590540116427 0.0212366982736618 0.0258015151813547 
0.00114590540116427 0.951815881143819 0.0258015151813547 0.0212366982736618 
0.0212366982736618 0.0258015151813547 0.951815881143819 0.00114590540116427 
0.0258015151813547 0.0212366982736618 0.00114590540116427 0.951815881143819 

0.374938023286831 0.125445658875645 0.222045871942815 0.277570445894709 
0.125445658875645 0.374938023286831 0.277570445894709 0.222045871942815 
0.222045871942815 0.277570445894709 0.374938023286831 0.125445658875645 
0.277570445894709 0.222045871942815 0.125445658875645 0.374938023286831 

0.952397625849284 0.000405943702653622 4.07764643374775e-05 0.047155653983725 
0.000405943702653622 0.952397625849284 0.047155653983725 4.07764643374775e-05 
4.07764643374775e-05 0.047155653983725 0.952397625849284 0.000405943702653622 
0.047155653983725 4.07764643374775e-05 0.000405943702653622 0.952397625849284 

0.477012007230777 0.0231026464087731 0.294793550473863 0.205091795886586 
0.0231026464087731 0.477012007230777 0.205091795886586 0.294793550473863 
0.294793550473863 0.205091795886586 0.477012007230777 0.0231026464087731 
0.205091795886586 0.294793550473863 0.0231026464087731 0.477012007230777 

0.951837772245079 0.00524536911514312 0.0110489947597612 0.0318678638800167 
0.00524536911514312 0.951837772245079 0.0318678638800167 0.0110489947597612 
0.0110489947597612 0.0318678638800167 0.951837772245079 0.00524536911514312 
0.0318678638800167 0.0110489947597612 0.00524536911514312 0.951837772245079 


