4 5

0.25 0.25 0.25 0.25 

0.951635769015189 0.0167285814713632 0.0180293531870647 0.0136062963263831 
0.0167285814713632 0.951635769015189 0.0136062963263831 0.0180293531870647 
0.0180293531870647 0.0136062963263831 0.951635769015189 0.0167285814713632 
0.0136062963263831 0.0180293531870647 0.0167285814713632 0.951635769015189 

0.460098593119382 0.0400318853994989 0.225028383250901 0.274841138230218 
0.0400318853994989 0.460098593119382 0.274841138230218 0.225028383250901 
0.225028383250901 0.274841138230218 0.460098593119382 0.0400318853994989 
0.274841138230218 0.225028383250901 0.0400318853994989 0.460098593119382 

0.951689248571879 0.0217528371732477 0.0188458797386716 0.00771203451620173 
0.0217528371732477 0.951689248571879 0.00771203451620173 0.0188458797386716 
0.0188458797386716 0.00771203451620173 0.951689248571879 0.0217528371732477 
0.00771203451620173 0.0188458797386716 0.0217528371732477 0.951689248571879 

0.46922264352616 0.0308959120015198 0.262777773962789 0.237103670509531 
0.0308959120015198 0.46922264352616 0.237103670509531 0.262777773962789 
0.262777773962789 0.237103670509531 0.46922264352616 0.0308959120015198 
0.237103670509531 0.262777773962789 0.0308959120015198 0.46922264352616 

0.951780896241978 0.0120601760749288 0.0066801717211539 0.0294787559619389 
0.0120601760749288 0.951780896241978 0.0294787559619389 0.0066801717211539 
0.0066801717211539 0.0294787559619389 0.951780896241978 0.0120601760749288 
0.0294787559619389 0.0066801717211539 0.0120601760749288 0.951780896241978 


