4 5

0.25 0.25 0.25 0.25 

0.951662182625648 0.0141168083788034 0.0223073565353721 0.0119136524601769 
0.0141168083788034 0.951662182625648 0.0119136524601769 0.0223073565353721 
0.0223073565353721 0.0119136524601769 0.951662182625648 0.0141168083788034 
0.0119136524601769 0.0223073565353721 0.0141168083788034 0.951662182625648 

0.45111530713024 0.0494208290549875 0.422227243847114 0.0772366199676582 
0.0494208290549875 0.45111530713024 0.0772366199676582 0.422227243847114 
0.422227243847114 0.0772366199676582 0.45111530713024 0.0494208290549875 
0.0772366199676582 0.422227243847114 0.0494208290549875 0.45111530713024 

0.951750053390982 0.00400995716955041 0.0207522374030493 0.0234877520364183 
0.00400995716955041 0.951750053390982 0.0234877520364183 0.0207522374030493 
0.0207522374030493 0.0234877520364183 0.951750053390982 0.00400995716955041 
0.0234877520364183 0.0207522374030493 0.00400995716955041 0.951750053390982 

0.373498095337796 0.126978100263109 0.192528400789644 0.306995403609451 
0.126978100263109 0.373498095337796 0.306995403609451 0.192528400789644 
0.192528400789644 0.306995403609451 0.373498095337796 0.126978100263109 
0.306995403609451 0.192528400789644 0.126978100263109 0.373498095337796 

0.951648838241544 0.0118393177090764 0.0163408858320005 0.0201709582173795 
0.0118393177090764 0.951648838241544 0.0201709582173795 0.0163408858320005 
0.0163408858320005 0.0201709582173795 0.951648838241544 0.0118393177090764 
0.0201709582173795 0.0163408858320005 0.0118393177090764 0.951648838241544 


