4 5

0.25 0.25 0.25 0.25 

0.951682735798982 0.00854355116935121 0.0174193784698507 0.0223543345618156 
0.00854355116935121 0.951682735798982 0.0223543345618156 0.0174193784698507 
0.0174193784698507 0.0223543345618156 0.951682735798982 0.00854355116935121 
0.0223543345618156 0.0174193784698507 0.00854355116935121 0.951682735798982 

0.422666090739613 0.0781496548011176 0.0988735876939243 0.400310666765345 
0.0781496548011176 0.422666090739613 0.400310666765345 0.0988735876939243 
0.0988735876939243 0.400310666765345 0.422666090739613 0.0781496548011176 
0.400310666765345 0.0988735876939243 0.0781496548011176 0.422666090739613 

0.951877277375028 0.00943063251779988 0.00516789178246832 0.0335241983247042 
0.00943063251779988 0.951877277375028 0.0335241983247042 0.00516789178246832 
0.00516789178246832 0.0335241983247042 0.951877277375028 0.00943063251779988 
0.0335241983247042 0.00516789178246832 0.00943063251779988 0.951877277375028 

0.331397722395368 0.170264165655648 0.193705371673418 0.304632740275566 
0.170264165655648 0.331397722395368 0.304632740275566 0.193705371673418 
0.193705371673418 0.304632740275566 0.331397722395368 0.170264165655648 
0.304632740275566 0.193705371673418 0.170264165655648 0.331397722395368 

0.951944704333305 0.0347050954527608 0.0125405394176537 0.00080966079628042 
0.0347050954527608 0.951944704333305 0.00080966079628042 0.0125405394176537 
0.0125405394176537 0.00080966079628042 0.951944704333305 0.0347050954527608 
0.00080966079628042 0.0125405394176537 0.0347050954527608 0.951944704333305 


