4 5

0.25 0.25 0.25 0.25 

0.951822392213633 0.0172388075331755 0.0288211311648404 0.00211766908835115 
0.0172388075331755 0.951822392213633 0.00211766908835115 0.0288211311648404 
0.0288211311648404 0.00211766908835115 0.951822392213633 0.0172388075331755 
0.00211766908835115 0.0288211311648404 0.0172388075331755 0.951822392213633 

0.496508623203206 0.00423291162576867 0.0195622638491516 0.479696201321874 
0.00423291162576867 0.496508623203206 0.479696201321874 0.0195622638491516 
0.0195622638491516 0.479696201321874 0.496508623203206 0.00423291162576867 
0.479696201321874 0.0195622638491516 0.00423291162576867 0.496508623203206 

0.951699678117952 0.019560469847919 0.0218258859601972 0.00691396607393177 
0.019560469847919 0.951699678117952 0.00691396607393177 0.0218258859601972 
0.0218258859601972 0.00691396607393177 0.951699678117952 0.019560469847919 
0.00691396607393177 0.0218258859601972 0.019560469847919 0.951699678117952 

0.498025687000731 0.00236872309171478 0.0329378561335913 0.466667733773963 
0.00236872309171478 0.498025687000731 0.466667733773963 0.0329378561335913 
0.0329378561335913 0.466667733773963 0.498025687000731 0.00236872309171478 
0.466667733773963 0.0329378561335913 0.00236872309171478 0.498025687000731 

0.951886749506873 0.0158119674761895 0.000657250005833332 0.0316440330111044 
0.0158119674761895 0.951886749506873 0.0316440330111044 0.000657250005833332 
0.000657250005833332 0.0316440330111044 0.951886749506873 0.0158119674761895 
0.0316440330111044 0.000657250005833332 0.0158119674761895 0.951886749506873 


