4 5

0.25 0.25 0.25 0.25 

0.951774201371338 0.00326355172487247 0.0257588490999997 0.0192033978037901 
0.00326355172487247 0.951774201371338 0.0192033978037901 0.0257588490999997 
0.0257588490999997 0.0192033978037901 0.951774201371338 0.00326355172487247 
0.0192033978037901 0.0257588490999997 0.00326355172487247 0.951774201371338 

0.356141094007753 0.144545848499784 0.303803599571733 0.19550945792073 
0.144545848499784 0.356141094007753 0.19550945792073 0.303803599571733 
0.303803599571733 0.19550945792073 0.356141094007753 0.144545848499784 
0.19550945792073 0.303803599571733 0.144545848499784 0.356141094007753 

0.951789493411566 0.0113820696497832 0.00684764424039613 0.0299807926982546 
0.0113820696497832 0.951789493411566 0.0299807926982546 0.00684764424039613 
0.00684764424039613 0.0299807926982546 0.951789493411566 0.0113820696497832 
0.0299807926982546 0.00684764424039613 0.0113820696497832 0.951789493411566 

0.48748572318468 0.0126170174072779 0.216200203485506 0.283697055922536 
0.0126170174072779 0.48748572318468 0.283697055922536 0.216200203485506 
0.216200203485506 0.283697055922536 0.48748572318468 0.0126170174072779 
0.283697055922536 0.216200203485506 0.0126170174072779 0.48748572318468 

0.951719011275571 0.00573868154362367 0.0227136401166436 0.0198286670641619 
0.00573868154362367 0.951719011275571 0.0198286670641619 0.0227136401166436 
0.0227136401166436 0.0198286670641619 0.951719011275571 0.00573868154362367 
0.0198286670641619 0.0227136401166436 0.00573868154362367 0.951719011275571 


