4 5

0.25 0.25 0.25 0.25 

0.951946398712548 0.00935569062797917 0.00303601755795632 0.0356618931015163 
0.00935569062797917 0.951946398712548 0.0356618931015163 0.00303601755795632 
0.00303601755795632 0.0356618931015163 0.951946398712548 0.00935569062797917 
0.0356618931015163 0.00303601755795632 0.00935569062797917 0.951946398712548 

0.463895911269737 0.0362344911313871 0.296886929602513 0.202982667996363 
0.0362344911313871 0.463895911269737 0.202982667996363 0.296886929602513 
0.296886929602513 0.202982667996363 0.463895911269737 0.0362344911313871 
0.202982667996363 0.296886929602513 0.0362344911313871 0.463895911269737 

0.951667778101788 0.0114183053032281 0.0141283526356626 0.0227855639593214 
0.0114183053032281 0.951667778101788 0.0227855639593214 0.0141283526356626 
0.0141283526356626 0.0227855639593214 0.951667778101788 0.0114183053032281 
0.0227855639593214 0.0141283526356626 0.0114183053032281 0.951667778101788 

0.469498274638276 0.0308602222897958 0.429461719872154 0.0701797831997745 
0.0308602222897958 0.469498274638276 0.0701797831997745 0.429461719872154 
0.429461719872154 0.0701797831997745 0.469498274638276 0.0308602222897958 
0.0701797831997745 0.429461719872154 0.0308602222897958 0.469498274638276 

0.951918529171664 0.0077617820331829 0.00525745008853998 0.0350622387066136 
0.0077617820331829 0.951918529171664 0.0350622387066136 0.00525745008853998 
0.00525745008853998 0.0350622387066136 0.951918529171664 0.0077617820331829 
0.0350622387066136 0.00525745008853998 0.0077617820331829 0.951918529171664 


