4 5

0.25 0.25 0.25 0.25 

0.952385153156094 0.000352882536968108 0.000359598667856204 0.0469023656390821 
0.000352882536968108 0.952385153156094 0.0469023656390821 0.000359598667856204 
0.000359598667856204 0.0469023656390821 0.952385153156094 0.000352882536968108 
0.0469023656390821 0.000359598667856204 0.000352882536968108 0.952385153156094 

0.498097802915701 0.00199777665983507 0.296366551686423 0.20353786873804 
0.00199777665983507 0.498097802915701 0.20353786873804 0.296366551686423 
0.296366551686423 0.20353786873804 0.498097802915701 0.00199777665983507 
0.20353786873804 0.296366551686423 0.00199777665983507 0.498097802915701 

0.952017394565541 0.0102215040759317 0.0373548836633679 0.000406217695159028 
0.0102215040759317 0.952017394565541 0.000406217695159028 0.0373548836633679 
0.0373548836633679 0.000406217695159028 0.952017394565541 0.0102215040759317 
0.000406217695159028 0.0373548836633679 0.0102215040759317 0.952017394565541 

0.470466013786741 0.0296679596428839 0.328778756081222 0.171087270489153 
0.0296679596428839 0.470466013786741 0.171087270489153 0.328778756081222 
0.328778756081222 0.171087270489153 0.470466013786741 0.0296679596428839 
0.171087270489153 0.328778756081222 0.0296679596428839 0.470466013786741 

0.951749653651112 0.00813191790249843 0.0119887946060866 0.0281296338403028 
0.00813191790249843 0.951749653651112 0.0281296338403028 0.0119887946060866 
0.0119887946060866 0.0281296338403028 0.951749653651112 0.00813191790249843 
0.0281296338403028 0.0119887946060866 0.00813191790249843 0.951749653651112 


