4 5

0.25 0.25 0.25 0.25 

0.951745553870417 0.0135825180356707 0.00715124987933302 0.0275206782145792 
0.0135825180356707 0.951745553870417 0.0275206782145792 0.00715124987933302 
0.00715124987933302 0.0275206782145792 0.951745553870417 0.0135825180356707 
0.0275206782145792 0.00715124987933302 0.0135825180356707 0.951745553870417 

0.343313941913503 0.157600312621774 0.29868709619391 0.200398649270812 
0.157600312621774 0.343313941913503 0.200398649270812 0.29868709619391 
0.29868709619391 0.200398649270812 0.343313941913503 0.157600312621774 
0.200398649270812 0.29868709619391 0.157600312621774 0.343313941913503 

0.951775297375717 0.00487828703198395 0.0281488329190693 0.01519758267323 
0.00487828703198395 0.951775297375717 0.01519758267323 0.0281488329190693 
0.0281488329190693 0.01519758267323 0.951775297375717 0.00487828703198395 
0.01519758267323 0.0281488329190693 0.00487828703198395 0.951775297375717 

0.487562112539009 0.0126971259258036 0.06417390473035 0.435566856804837 
0.0126971259258036 0.487562112539009 0.435566856804837 0.06417390473035 
0.06417390473035 0.435566856804837 0.487562112539009 0.0126971259258036 
0.435566856804837 0.06417390473035 0.0126971259258036 0.487562112539009 

0.951733619166383 0.0272615192740628 0.00856682668927761 0.012438034870277 
0.0272615192740628 0.951733619166383 0.012438034870277 0.00856682668927761 
0.00856682668927761 0.012438034870277 0.951733619166383 0.0272615192740628 
0.012438034870277 0.00856682668927761 0.0272615192740628 0.951733619166383 


