4 5

0.25 0.25 0.25 0.25 

0.951768507273375 0.00302270959189097 0.0220058581305168 0.0232029250042169 
0.00302270959189097 0.951768507273375 0.0232029250042169 0.0220058581305168 
0.0220058581305168 0.0232029250042169 0.951768507273375 0.00302270959189097 
0.0232029250042169 0.0220058581305168 0.00302270959189097 0.951768507273375 

0.443496961003724 0.0567298686102775 0.13862807732805 0.361145093057949 
0.0567298686102775 0.443496961003724 0.361145093057949 0.13862807732805 
0.13862807732805 0.361145093057949 0.443496961003724 0.0567298686102775 
0.361145093057949 0.13862807732805 0.0567298686102775 0.443496961003724 

0.952142932983207 0.00541205858695831 0.00110298044758295 0.0413420279822516 
0.00541205858695831 0.952142932983207 0.0413420279822516 0.00110298044758295 
0.00110298044758295 0.0413420279822516 0.952142932983207 0.00541205858695831 
0.0413420279822516 0.00110298044758295 0.00541205858695831 0.952142932983207 

0.402143748459527 0.0981667543413292 0.319297781323814 0.180391715875331 
0.0981667543413292 0.402143748459527 0.180391715875331 0.319297781323814 
0.319297781323814 0.180391715875331 0.402143748459527 0.0981667543413292 
0.180391715875331 0.319297781323814 0.0981667543413292 0.402143748459527 

0.952013384491375 0.000457753276702971 0.0102964449029413 0.0372324173289812 
0.000457753276702971 0.952013384491375 0.0372324173289812 0.0102964449029413 
0.0102964449029413 0.0372324173289812 0.952013384491375 0.000457753276702971 
0.0372324173289812 0.0102964449029413 0.000457753276702971 0.952013384491375 


