4 5

0.25 0.25 0.25 0.25 

0.951743810128711 0.0209956548788264 0.0229742862499118 0.00428624874255032 
0.0209956548788264 0.951743810128711 0.00428624874255032 0.0229742862499118 
0.0229742862499118 0.00428624874255032 0.951743810128711 0.0209956548788264 
0.00428624874255032 0.0229742862499118 0.0209956548788264 0.951743810128711 

0.412840457323216 0.0873768640456613 0.230700787652249 0.269081890978874 
0.0873768640456613 0.412840457323216 0.269081890978874 0.230700787652249 
0.230700787652249 0.269081890978874 0.412840457323216 0.0873768640456613 
0.269081890978874 0.230700787652249 0.0873768640456613 0.412840457323216 

0.952002205125672 0.0376947861420497 0.00577787461502263 0.00452513411725575 
0.0376947861420497 0.952002205125672 0.00452513411725575 0.00577787461502263 
0.00577787461502263 0.00452513411725575 0.952002205125672 0.0376947861420497 
0.00452513411725575 0.00577787461502263 0.0376947861420497 0.952002205125672 

0.492400012550989 0.0110202176225559 0.0110718749434324 0.485507894883022 
0.0110202176225559 0.492400012550989 0.485507894883022 0.0110718749434324 
0.0110718749434324 0.485507894883022 0.492400012550989 0.0110202176225559 
0.485507894883022 0.0110718749434324 0.0110202176225559 0.492400012550989 

0.951697645147094 0.00919196823647922 0.024798291842406 0.0143120947740207 
0.00919196823647922 0.951697645147094 0.0143120947740207 0.024798291842406 
0.024798291842406 0.0143120947740207 0.951697645147094 0.00919196823647922 
0.0143120947740207 0.024798291842406 0.00919196823647922 0.951697645147094 


