4 5

0.25 0.25 0.25 0.25 

0.951802269346871 0.0132141912362665 0.00501083827269844 0.0299727011441642 
0.0132141912362665 0.951802269346871 0.0299727011441642 0.00501083827269844 
0.00501083827269844 0.0299727011441642 0.951802269346871 0.0132141912362665 
0.0299727011441642 0.00501083827269844 0.0132141912362665 0.951802269346871 

0.476679484563643 0.0236453153924853 0.0658872707484949 0.433787929295376 
0.0236453153924853 0.476679484563643 0.433787929295376 0.0658872707484949 
0.0658872707484949 0.433787929295376 0.476679484563643 0.0236453153924853 
0.433787929295376 0.0658872707484949 0.0236453153924853 0.476679484563643 

0.951909552092916 0.00352032507937969 0.0344014374688814 0.0101686853588233 
0.00352032507937969 0.951909552092916 0.0101686853588233 0.0344014374688814 
0.0344014374688814 0.0101686853588233 0.951909552092916 0.00352032507937969 
0.0101686853588233 0.0344014374688814 0.00352032507937969 0.951909552092916 

0.433472218402089 0.0668025231815231 0.136038534566496 0.363686723849892 
0.0668025231815231 0.433472218402089 0.363686723849892 0.136038534566496 
0.136038534566496 0.363686723849892 0.433472218402089 0.0668025231815231 
0.363686723849892 0.136038534566496 0.0668025231815231 0.433472218402089 

0.951792495922343 0.030165267521874 0.0110557211027774 0.00698651545300547 
0.030165267521874 0.951792495922343 0.00698651545300547 0.0110557211027774 
0.0110557211027774 0.00698651545300547 0.951792495922343 0.030165267521874 
0.00698651545300547 0.0110557211027774 0.030165267521874 0.951792495922343 


