4 5

0.25 0.25 0.25 0.25 

0.951879565877124 0.0323074961512093 0.0138924090120025 0.00192052895966421 
0.0323074961512093 0.951879565877124 0.00192052895966421 0.0138924090120025 
0.0138924090120025 0.00192052895966421 0.951879565877124 0.0323074961512093 
0.00192052895966421 0.0138924090120025 0.0323074961512093 0.951879565877124 

0.48808015956659 0.0120855185856396 0.399548772233994 0.100285549613776 
0.0120855185856396 0.48808015956659 0.100285549613776 0.399548772233994 
0.399548772233994 0.100285549613776 0.48808015956659 0.0120855185856396 
0.100285549613776 0.399548772233994 0.0120855185856396 0.48808015956659 

0.951826501200067 0.0259307092564794 0.000694520594471143 0.0215482689489827 
0.0259307092564794 0.951826501200067 0.0215482689489827 0.000694520594471143 
0.000694520594471143 0.0215482689489827 0.951826501200067 0.0259307092564794 
0.0215482689489827 0.000694520594471143 0.0259307092564794 0.951826501200067 

0.431313405460091 0.0689028759010775 0.168673516203348 0.331110202435484 
0.0689028759010775 0.431313405460091 0.331110202435484 0.168673516203348 
0.168673516203348 0.331110202435484 0.431313405460091 0.0689028759010775 
0.331110202435484 0.168673516203348 0.0689028759010775 0.431313405460091 

0.952126868053251 0.00213700606058442 0.00471138119626979 0.0410247446898953 
0.00213700606058442 0.952126868053251 0.0410247446898953 0.00471138119626979 
0.00471138119626979 0.0410247446898953 0.952126868053251 0.00213700606058442 
0.0410247446898953 0.00471138119626979 0.00213700606058442 0.952126868053251 


