4 5

0.25 0.25 0.25 0.25 

0.951826743874154 0.00445486060193409 0.012687893486529 0.031030502037383 
0.00445486060193409 0.951826743874154 0.031030502037383 0.012687893486529 
0.012687893486529 0.031030502037383 0.951826743874154 0.00445486060193409 
0.031030502037383 0.012687893486529 0.00445486060193409 0.951826743874154 

0.301281253709439 0.201321844796525 0.230869260832559 0.266527640661477 
0.201321844796525 0.301281253709439 0.266527640661477 0.230869260832559 
0.230869260832559 0.266527640661477 0.301281253709439 0.201321844796525 
0.266527640661477 0.230869260832559 0.201321844796525 0.301281253709439 

0.951819727680776 0.00116139771758964 0.02656224229087 0.0204566323107643 
0.00116139771758964 0.951819727680776 0.0204566323107643 0.02656224229087 
0.02656224229087 0.0204566323107643 0.951819727680776 0.00116139771758964 
0.0204566323107643 0.02656224229087 0.00116139771758964 0.951819727680776 

0.460566881299569 0.0398729833969034 0.0727372359814337 0.426822899322094 
0.0398729833969034 0.460566881299569 0.426822899322094 0.0727372359814337 
0.0727372359814337 0.426822899322094 0.460566881299569 0.0398729833969034 
0.426822899322094 0.0727372359814337 0.0398729833969034 0.460566881299569 

0.951699235372278 0.0242339173286314 0.0159008466274644 0.00816600067162607 
0.0242339173286314 0.951699235372278 0.00816600067162607 0.0159008466274644 
0.0159008466274644 0.00816600067162607 0.951699235372278 0.0242339173286314 
0.00816600067162607 0.0159008466274644 0.0242339173286314 0.951699235372278 


