4 14

0.161188680445775 0.338811319554225 0.338811319554225 0.161188680445775 

0.477050792359025 0.146881892066246 0.287537106543129 0.0885302090315996 
0.0301490001737591 0.820279765474267 0.104484039285292 0.0450871950666817 
0.0450871950666817 0.104484039285292 0.820279765474267 0.0301490001737591 
0.0885302090315996 0.287537106543129 0.146881892066246 0.477050792359025 

0.665327394048245 0.202602767220512 0.00361011480549248 0.128459723925751 
0.227302401420263 0.650094681772819 0.119582704867458 0.00302021193945946 
0.00302021193945946 0.119582704867458 0.650094681772819 0.227302401420263 
0.128459723925751 0.00361011480549248 0.202602767220512 0.665327394048245 

0.87812975628837 0.092138152822192 0.00562810900149777 0.0241039818879404 
0.223672410603049 0.397041059321968 0.344589821169378 0.0346967089056061 
0.0346967089056061 0.344589821169378 0.397041059321968 0.223672410603049 
0.0241039818879404 0.00562810900149777 0.092138152822192 0.87812975628837 

0.383965687681848 0.0570388860708344 0.207463788110281 0.351531638137037 
0.19867816299626 0.63425501108043 0.109350930089615 0.0577158958336948 
0.0577158958336948 0.109350930089615 0.63425501108043 0.19867816299626 
0.351531638137037 0.207463788110281 0.0570388860708344 0.383965687681848 

0.747384681164812 0.0105759653130206 0.0531199955901308 0.188919357932037 
0.0762730980850562 0.375858058170636 0.310993886208789 0.236874957535519 
0.236874957535519 0.310993886208789 0.375858058170636 0.0762730980850562 
0.188919357932037 0.0531199955901308 0.0105759653130206 0.747384681164812 

0.636001437268469 0.00469600288426619 0.143976781073552 0.215325778773713 
0.0773315259172459 0.361578129248362 0.0130766030803796 0.548013741754012 
0.548013741754012 0.0130766030803796 0.361578129248362 0.0773315259172459 
0.215325778773713 0.143976781073552 0.00469600288426619 0.636001437268469 

0.536843743561353 0.0524769916618091 0.156254204259848 0.254425060516989 
0.260967622774677 0.376844755111538 0.331921649879938 0.030265972233847 
0.030265972233847 0.331921649879938 0.376844755111538 0.260967622774677 
0.254425060516989 0.156254204259848 0.0524769916618091 0.536843743561353 

0.560649478580152 7.32843444363627e-05 0.00308483992627902 0.436192397149132 
0.0250755201427351 0.555440174586265 0.401274254572133 0.0182100506988664 
0.0182100506988664 0.401274254572133 0.555440174586265 0.0250755201427351 
0.436192397149132 0.00308483992627902 7.32843444363627e-05 0.560649478580152 

0.739441538199162 0.0021875450068181 0.00980460923754941 0.248566307556471 
0.0210862956424424 0.424987568321844 0.375202858952292 0.178723277083421 
0.178723277083421 0.375202858952292 0.424987568321844 0.0210862956424424 
0.248566307556471 0.00980460923754941 0.0021875450068181 0.739441538199162 

0.494127054905298 0.0363207629242043 0.0112310119202437 0.458321170250254 
0.010314039789742 0.701779726607126 0.155615114190303 0.132291119412829 
0.132291119412829 0.155615114190303 0.701779726607126 0.010314039789742 
0.458321170250254 0.0112310119202437 0.0363207629242043 0.494127054905298 

0.84903194013513 0.0368886224497577 0.0332855639134007 0.0807938735017112 
0.0598567275054384 0.386734821231823 0.351724980002421 0.201683471260317 
0.201683471260317 0.351724980002421 0.386734821231823 0.0598567275054384 
0.0807938735017112 0.0332855639134007 0.0368886224497577 0.84903194013513 

0.738509390036864 0.00312421050359935 0.163642692779286 0.0947237066802506 
4.68261441342478e-05 0.513753097789648 0.4769205828395 0.00927949322671835 
0.00927949322671835 0.4769205828395 0.513753097789648 4.68261441342478e-05 
0.0947237066802506 0.163642692779286 0.00312421050359935 0.738509390036864 

0.498946509687944 0.472733831358279 0.00267585355940222 0.0256438053943749 
0.00316354818062992 0.513848973883541 0.000688164840268735 0.48229931309556 
0.48229931309556 0.000688164840268735 0.513848973883541 0.00316354818062992 
0.0256438053943749 0.00267585355940222 0.472733831358279 0.498946509687944 

0.517180757195883 6.72055190365665e-05 0.000140257715654108 0.482611779569426 
0.00556035214203472 0.762826084301315 0.227964695498723 0.00364886805792779 
0.00364886805792779 0.227964695498723 0.762826084301315 0.00556035214203472 
0.482611779569426 0.000140257715654108 6.72055190365665e-05 0.517180757195883 


