4 14

0.358059555059299 0.141940444940701 0.141940444940701 0.358059555059299 

0.826658055100643 0.0314309349544341 0.00124328142217395 0.140667728522748 
0.00615550033270926 0.486377748052623 0.196277532665737 0.311189218948931 
0.311189218948931 0.196277532665737 0.486377748052623 0.00615550033270926 
0.140667728522748 0.00124328142217395 0.0314309349544341 0.826658055100643 

0.596080748118805 0.00350400649918545 0.372305686088534 0.0281095592934749 
0.341346302178093 0.640595868055675 0.01739463188809 0.00066319787814248 
0.00066319787814248 0.01739463188809 0.640595868055675 0.341346302178093 
0.0281095592934749 0.372305686088534 0.00350400649918545 0.596080748118805 

0.348126110286341 0.000343419647645782 0.639850422232772 0.0116800478332412 
0.31164745351231 0.680337825127276 0.00305351841752688 0.00496120294288671 
0.00496120294288671 0.00305351841752688 0.680337825127276 0.31164745351231 
0.0116800478332412 0.639850422232772 0.000343419647645782 0.348126110286341 

0.660313903687182 0.178475626482275 0.0592610905915311 0.101949379239011 
0.0917233226933769 0.480190714337129 0.41368848915924 0.0143974738102548 
0.0143974738102548 0.41368848915924 0.480190714337129 0.0917233226933769 
0.101949379239011 0.0592610905915311 0.178475626482275 0.660313903687182 

0.453628365723952 0.455189195793724 0.00722275112778512 0.0839596873545385 
0.00302021910469601 0.465244046610335 0.450618160235236 0.0811175740497328 
0.0811175740497328 0.450618160235236 0.465244046610335 0.00302021910469601 
0.0839596873545385 0.00722275112778512 0.455189195793724 0.453628365723952 

0.659177743032999 0.0193747160034138 9.98853278740379e-05 0.321347655635713 
0.460679645162028 0.331166690720724 0.199287363834692 0.00886630028255631 
0.00886630028255631 0.199287363834692 0.331166690720724 0.460679645162028 
0.321347655635713 9.98853278740379e-05 0.0193747160034138 0.659177743032999 

0.599703862256374 0.0121293703454279 0.000642409512636323 0.387524357885562 
0.0510364977787491 0.332483382348205 0.180857493430576 0.435622626442471 
0.435622626442471 0.180857493430576 0.332483382348205 0.0510364977787491 
0.387524357885562 0.000642409512636323 0.0121293703454279 0.599703862256374 

0.715168732161792 0.272057896716335 0.000244164937566849 0.0125292061843061 
0.00185421718852757 0.314954546925179 0.00269818224940765 0.680493053636886 
0.680493053636886 0.00269818224940765 0.314954546925179 0.00185421718852757 
0.0125292061843061 0.000244164937566849 0.272057896716335 0.715168732161792 

0.2705286994777 0.00282610320555421 0.655832432865531 0.0708127644512145 
0.000299102718730015 0.768806257385974 0.149239275700146 0.0816553641951506 
0.0816553641951506 0.149239275700146 0.768806257385974 0.000299102718730015 
0.0708127644512145 0.655832432865531 0.00282610320555421 0.2705286994777 

0.475648613471565 0.0222117004869893 0.103541341648049 0.398598344393397 
0.403585407826495 0.429138215425132 0.0456212552131087 0.121655121535265 
0.121655121535265 0.0456212552131087 0.429138215425132 0.403585407826495 
0.398598344393397 0.103541341648049 0.0222117004869893 0.475648613471565 

0.675219493126378 0.248137232537227 0.0349585258336371 0.0416847485027573 
0.162409980198688 0.453883513036187 0.354114172742133 0.0295923340229914 
0.0295923340229914 0.354114172742133 0.453883513036187 0.162409980198688 
0.0416847485027573 0.0349585258336371 0.248137232537227 0.675219493126378 

0.811232361485938 0.0299001562381805 0.101968435121337 0.0568990471545448 
0.187070202150163 0.404354391967752 0.382694970514177 0.0258804353679085 
0.0258804353679085 0.382694970514177 0.404354391967752 0.187070202150163 
0.0568990471545448 0.101968435121337 0.0299001562381805 0.811232361485938 

0.463072409636803 0.0145026085842767 0.0879386437853597 0.43448633799356 
0.180289247236971 0.651657926475652 0.149272413908794 0.0187804123785838 
0.0187804123785838 0.149272413908794 0.651657926475652 0.180289247236971 
0.43448633799356 0.0879386437853597 0.0145026085842767 0.463072409636803 

0.560857570130894 0.110873666221434 0.0110118176037377 0.317256946043935 
0.290087439041095 0.433175162380381 0.198805628653424 0.0779317699250995 
0.0779317699250995 0.198805628653424 0.433175162380381 0.290087439041095 
0.317256946043935 0.0110118176037377 0.110873666221434 0.560857570130894 


