4 14

0.132453969446942 0.367546030553058 0.367546030553058 0.132453969446942 

0.591133573432179 0.00491225927188482 0.401339843814396 0.00261432348154084 
0.0725463762527789 0.660234597169369 0.265929155446465 0.00128987113138696 
0.00128987113138696 0.265929155446465 0.660234597169369 0.0725463762527789 
0.00261432348154084 0.401339843814396 0.00491225927188482 0.591133573432179 

0.458988642109827 0.00323031513991634 0.536180012222646 0.00160103052761068 
0.169856683091932 0.827995486441299 0.000510140367327605 0.00163769009944138 
0.00163769009944138 0.000510140367327605 0.827995486441299 0.169856683091932 
0.00160103052761068 0.536180012222646 0.00323031513991634 0.458988642109827 

0.457954056451556 0.00342395825724592 0.0976029223289048 0.441019062962293 
0.187098224547277 0.726209625245821 0.0629450778836808 0.0237470723232207 
0.0237470723232207 0.0629450778836808 0.726209625245821 0.187098224547277 
0.441019062962293 0.0976029223289048 0.00342395825724592 0.457954056451556 

0.49976424760259 0.000952840921774424 0.0362202886890247 0.463062622786611 
0.0375800033247742 0.781472975900727 0.0324929507666184 0.14845407000788 
0.14845407000788 0.0324929507666184 0.781472975900727 0.0375800033247742 
0.463062622786611 0.0362202886890247 0.000952840921774424 0.49976424760259 

0.455857512220699 0.0773371784826187 0.088073855651336 0.378731453645347 
0.000549290545949669 0.639743368440937 0.350752176172857 0.00895516484025681 
0.00895516484025681 0.350752176172857 0.639743368440937 0.000549290545949669 
0.378731453645347 0.088073855651336 0.0773371784826187 0.455857512220699 

0.191429839416313 0.0164346646603367 0.706108095804692 0.0860274001186585 
0.187619357043334 0.772436076099092 0.0389965825763495 0.000947984281223696 
0.000947984281223696 0.0389965825763495 0.772436076099092 0.187619357043334 
0.0860274001186585 0.706108095804692 0.0164346646603367 0.191429839416313 

0.804045951334549 0.0290403135554869 0.0575002077345131 0.109413527375451 
0.351465973042141 0.3077502513219 0.264781458750928 0.0760023168850307 
0.0760023168850307 0.264781458750928 0.3077502513219 0.351465973042141 
0.109413527375451 0.0575002077345131 0.0290403135554869 0.804045951334549 

0.529481081095259 0.00581667192717677 0.0819176084256081 0.382784638551956 
0.0128167444652096 0.529951270563657 0.244173674519242 0.213058310451891 
0.213058310451891 0.244173674519242 0.529951270563657 0.0128167444652096 
0.382784638551956 0.0819176084256081 0.00581667192717677 0.529481081095259 

0.495609855025087 0.0320776427863832 0.0157836672376941 0.456528834950836 
0.0948993492999495 0.68779832939757 0.0209844828888785 0.196317838413602 
0.196317838413602 0.0209844828888785 0.68779832939757 0.0948993492999495 
0.456528834950836 0.0157836672376941 0.0320776427863832 0.495609855025087 

0.330291201696128 0.324920741384683 0.0642868493902429 0.280501207528945 
0.0225543974090115 0.777924449555578 0.167227038712421 0.0322941143229898 
0.0322941143229898 0.167227038712421 0.777924449555578 0.0225543974090115 
0.280501207528945 0.0642868493902429 0.324920741384683 0.330291201696128 

0.517316881291311 0.00618618384210214 0.00117765930722789 0.475319275559359 
0.000332584506960935 0.69760480521933 0.233709179948811 0.068353430324898 
0.068353430324898 0.233709179948811 0.69760480521933 0.000332584506960935 
0.475319275559359 0.00117765930722789 0.00618618384210214 0.517316881291311 

0.489025640243989 0.0536094483001756 0.00563694034507412 0.451727971110762 
0.00266894430739911 0.487818425535212 0.0260061943123181 0.483506435845071 
0.483506435845071 0.0260061943123181 0.487818425535212 0.00266894430739911 
0.451727971110762 0.00563694034507412 0.0536094483001756 0.489025640243989 

0.517988101726975 0.0709152543885205 0.00117971837845281 0.409916925506052 
0.326512526503273 0.496039214899721 0.000125403821964742 0.177322854775041 
0.177322854775041 0.000125403821964742 0.496039214899721 0.326512526503273 
0.409916925506052 0.00117971837845281 0.0709152543885205 0.517988101726975 

0.538582334538035 0.0906156196322171 0.119849893851751 0.250952151977996 
0.468014022408632 0.341330621046363 0.0891317882251372 0.101523568319868 
0.101523568319868 0.0891317882251372 0.341330621046363 0.468014022408632 
0.250952151977996 0.119849893851751 0.0906156196322171 0.538582334538035 


