4 14

0.399522111285478 0.100477888714522 0.100477888714522 0.399522111285478 

0.5534889871019 0.0432389161739436 0.269868248517771 0.133403848206386 
0.0692786679628468 0.714677350445766 0.182757659611772 0.0332863219796146 
0.0332863219796146 0.182757659611772 0.714677350445766 0.0692786679628468 
0.133403848206386 0.269868248517771 0.0432389161739436 0.5534889871019 

0.562553666360706 0.0519669933233232 0.331747146742209 0.0537321935737611 
0.228081814804413 0.692731126400537 0.0431984829555683 0.0359885758394825 
0.0359885758394825 0.0431984829555683 0.692731126400537 0.228081814804413 
0.0537321935737611 0.331747146742209 0.0519669933233232 0.562553666360706 

0.509764659762493 0.188748830938186 0.0674719220795213 0.2340145872198 
0.123388670661254 0.498868330825993 0.345779662869547 0.0319633356432074 
0.0319633356432074 0.345779662869547 0.498868330825993 0.123388670661254 
0.2340145872198 0.0674719220795213 0.188748830938186 0.509764659762493 

0.488783156794295 0.000665209932258132 0.0588036126673032 0.451748020606143 
0.0098766770332045 0.753127892369572 0.236785627048273 0.00020980354895017 
0.00020980354895017 0.236785627048273 0.753127892369572 0.0098766770332045 
0.451748020606143 0.0588036126673032 0.000665209932258132 0.488783156794295 

0.465456714195975 0.0215551465052858 0.0715644311633699 0.44142370813537 
0.0738738250122897 0.877144788739245 0.0188063905977234 0.0301749956507423 
0.0301749956507423 0.0188063905977234 0.877144788739245 0.0738738250122897 
0.44142370813537 0.0715644311633699 0.0215551465052858 0.465456714195975 

0.654059809185421 0.228505265092461 0.0776853044060516 0.039749621316066 
0.0584196984112305 0.350000737121186 0.0219201105299311 0.569659453937653 
0.569659453937653 0.0219201105299311 0.350000737121186 0.0584196984112305 
0.039749621316066 0.0776853044060516 0.228505265092461 0.654059809185421 

0.146310295457794 0.822686829892862 0.0239134095543857 0.0070894650949585 
0.00614407854098427 0.96406291191098 0.00982350079678979 0.0199695087512456 
0.0199695087512456 0.00982350079678979 0.96406291191098 0.00614407854098427 
0.0070894650949585 0.0239134095543857 0.822686829892862 0.146310295457794 

0.49084797981597 0.0336016050545695 0.203872624569317 0.271677790560144 
0.000307806729793965 0.554014512706108 0.431812822596915 0.0138648579671829 
0.0138648579671829 0.431812822596915 0.554014512706108 0.000307806729793965 
0.271677790560144 0.203872624569317 0.0336016050545695 0.49084797981597 

0.698861401107805 0.12644669541588 0.00241848332293416 0.172273420153381 
0.151374347811497 0.446558481231354 0.36817563114104 0.0338915398161094 
0.0338915398161094 0.36817563114104 0.446558481231354 0.151374347811497 
0.172273420153381 0.00241848332293416 0.12644669541588 0.698861401107805 

0.393030015718392 0.41150822450357 0.00240286191533323 0.193058897862705 
0.0672934393974864 0.621070101437706 0.309867805208415 0.00176865395639331 
0.00176865395639331 0.309867805208415 0.621070101437706 0.0672934393974864 
0.193058897862705 0.00240286191533323 0.41150822450357 0.393030015718392 

0.424145550093866 0.533156168963143 0.0425951430055805 0.000103137937410208 
0.00495473139127833 0.596745132909584 0.0220136152495796 0.376286520449558 
0.376286520449558 0.0220136152495796 0.596745132909584 0.00495473139127833 
0.000103137937410208 0.0425951430055805 0.533156168963143 0.424145550093866 

0.22956173976015 0.407935416377965 0.340438374285437 0.0220644695764484 
0.0271335407433927 0.785741617482556 0.0841774338320626 0.102947407941989 
0.102947407941989 0.0841774338320626 0.785741617482556 0.0271335407433927 
0.0220644695764484 0.340438374285437 0.407935416377965 0.22956173976015 

0.543824406481164 0.0451686494457314 0.347428400561704 0.0635785435114005 
0.521830197420402 0.389624333354831 0.0626464204199095 0.0258990488048581 
0.0258990488048581 0.0626464204199095 0.389624333354831 0.521830197420402 
0.0635785435114005 0.347428400561704 0.0451686494457314 0.543824406481164 

0.630476057701288 8.5989672547096e-05 0.236207821935067 0.133230130691098 
0.0934719963939952 0.394188617740187 0.111670644045948 0.400668741819871 
0.400668741819871 0.111670644045948 0.394188617740187 0.0934719963939952 
0.133230130691098 0.236207821935067 8.5989672547096e-05 0.630476057701288 


