4 14

0.281836228910834 0.218163771089166 0.218163771089166 0.281836228910834 

0.840954248149949 0.00053184147240945 0.156888786757398 0.00162512362024386 
0.548351770179277 0.449448079746379 0.000894155636299854 0.00130599443804469 
0.00130599443804469 0.000894155636299854 0.449448079746379 0.548351770179277 
0.00162512362024386 0.156888786757398 0.00053184147240945 0.840954248149949 

0.741581388917832 0.0139319021277325 0.151095729131608 0.0933909798228277 
0.485019062848864 0.505204847657148 0.0082144703796069 0.00156161911438085 
0.00156161911438085 0.0082144703796069 0.505204847657148 0.485019062848864 
0.0933909798228277 0.151095729131608 0.0139319021277325 0.741581388917832 

0.483459034567964 0.0186560797091186 0.0477102995971535 0.450174586125764 
0.00756065218981244 0.790069812820256 0.202182777805722 0.000186757184209528 
0.000186757184209528 0.202182777805722 0.790069812820256 0.00756065218981244 
0.450174586125764 0.0477102995971535 0.0186560797091186 0.483459034567964 

0.186114296763673 0.67943054246504 0.0584318627629621 0.0760232980083245 
0.000280241001450625 0.800237665347856 0.190726841996973 0.00875525165372038 
0.00875525165372038 0.190726841996973 0.800237665347856 0.000280241001450625 
0.0760232980083245 0.0584318627629621 0.67943054246504 0.186114296763673 

0.41366073344605 0.106793992985768 0.226846489051532 0.25269878451665 
0.359253065323722 0.376820393161835 0.253547664034945 0.0103788774794989 
0.0103788774794989 0.253547664034945 0.376820393161835 0.359253065323722 
0.25269878451665 0.226846489051532 0.106793992985768 0.41366073344605 

0.537751905659109 0.120993749762762 0.104133428600483 0.237120915977646 
0.110584269514089 0.479496032585245 0.378820630357591 0.0310990675430755 
0.0310990675430755 0.378820630357591 0.479496032585245 0.110584269514089 
0.237120915977646 0.104133428600483 0.120993749762762 0.537751905659109 

0.63034123359168 0.121426937327466 0.00921603133895258 0.239015797741902 
0.0390004708377718 0.199305736950665 0.148253544950311 0.613440247261253 
0.613440247261253 0.148253544950311 0.199305736950665 0.0390004708377718 
0.239015797741902 0.00921603133895258 0.121426937327466 0.63034123359168 

0.484595975906578 0.044489890714026 0.0981078229639862 0.37280631041541 
0.302604775336912 0.425559721410488 0.219327799809335 0.0525077034432652 
0.0525077034432652 0.219327799809335 0.425559721410488 0.302604775336912 
0.37280631041541 0.0981078229639862 0.044489890714026 0.484595975906578 

0.625263874204113 0.0418664456259439 0.000507168087652513 0.33236251208229 
0.00548483963642635 0.483256314107773 0.422583783826048 0.0886750624297517 
0.0886750624297517 0.422583783826048 0.483256314107773 0.00548483963642635 
0.33236251208229 0.000507168087652513 0.0418664456259439 0.625263874204113 

0.395592537556839 0.195897631033005 0.0722456211898 0.336264210220356 
0.0599866145973308 0.48659369417154 0.157123584538244 0.296296106692885 
0.296296106692885 0.157123584538244 0.48659369417154 0.0599866145973308 
0.336264210220356 0.0722456211898 0.195897631033005 0.395592537556839 

0.487298882527255 0.0104691308942047 0.0580306803224204 0.44420130625612 
0.0155374407750419 0.716846488913918 0.263687304899123 0.00392876541191777 
0.00392876541191777 0.263687304899123 0.716846488913918 0.0155374407750419 
0.44420130625612 0.0580306803224204 0.0104691308942047 0.487298882527255 

0.507841645147233 0.0063621943730932 0.012503914519503 0.473292245960171 
0.00107778926949568 0.767183693012517 0.211317123290813 0.0204213944271745 
0.0204213944271745 0.211317123290813 0.767183693012517 0.00107778926949568 
0.473292245960171 0.012503914519503 0.0063621943730932 0.507841645147233 

0.836826508215488 0.00818850638276166 0.000441219556582305 0.154543765845168 
0.0491445415099812 0.48593829574791 0.456732878141527 0.00818428460058213 
0.00818428460058213 0.456732878141527 0.48593829574791 0.0491445415099812 
0.154543765845168 0.000441219556582305 0.00818850638276166 0.836826508215488 

0.578670228675659 0.00765755808284127 0.229958719361646 0.183713493879854 
0.00699852155094732 0.479636176917041 0.211110164409331 0.302255137122681 
0.302255137122681 0.211110164409331 0.479636176917041 0.00699852155094732 
0.183713493879854 0.229958719361646 0.00765755808284127 0.578670228675659 


