4 14

0.325300849508494 0.174699150491506 0.174699150491506 0.325300849508494 

0.650401116832005 0.00631454547572813 0.337469453550746 0.00581488414152076 
0.380458923348425 0.603607377683478 0.00675581657219249 0.00917788239590439 
0.00917788239590439 0.00675581657219249 0.603607377683478 0.380458923348425 
0.00581488414152076 0.337469453550746 0.00631454547572813 0.650401116832005 

0.714794797815876 0.05108955936992 0.00024130320407964 0.233874339610124 
0.41120006662934 0.577556123133939 0.00503831775214225 0.00620549248457941 
0.00620549248457941 0.00503831775214225 0.577556123133939 0.41120006662934 
0.233874339610124 0.00024130320407964 0.05108955936992 0.714794797815876 

0.638354644372073 0.00373367908635727 0.0978179739736521 0.260093702567918 
0.236847068677066 0.371878207959962 0.337905582320954 0.0533691410420188 
0.0533691410420188 0.337905582320954 0.371878207959962 0.236847068677066 
0.260093702567918 0.0978179739736521 0.00373367908635727 0.638354644372073 

0.442503216154202 0.206882160171149 0.012606173378766 0.338008450295884 
0.000297357027690543 0.612353199544 0.387270565443841 7.88779844684555e-05 
7.88779844684555e-05 0.387270565443841 0.612353199544 0.000297357027690543 
0.338008450295884 0.012606173378766 0.206882160171149 0.442503216154202 

0.630069612638075 0.073835656862674 0.0522817293699366 0.243813001129314 
0.0350266423077758 0.51094254884489 0.452442015323564 0.00158879352377068 
0.00158879352377068 0.452442015323564 0.51094254884489 0.0350266423077758 
0.243813001129314 0.0522817293699366 0.073835656862674 0.630069612638075 

0.790738229916035 0.000153317149040419 0.0501870536182017 0.158921399316723 
0.78556104763608 0.173231556532781 0.003955094586823 0.0372523012443157 
0.0372523012443157 0.003955094586823 0.173231556532781 0.78556104763608 
0.158921399316723 0.0501870536182017 0.000153317149040419 0.790738229916035 

0.499439747477804 0.00599742342969565 0.0715702038598922 0.422992625232608 
0.0367940139896005 0.604500634116064 0.320130894645082 0.038574457249253 
0.038574457249253 0.320130894645082 0.604500634116064 0.0367940139896005 
0.422992625232608 0.0715702038598922 0.00599742342969565 0.499439747477804 

0.489752682371343 0.00209015952827921 0.0704320000292385 0.437725158071139 
0.0733057988031407 0.621396864868466 0.304979551824726 0.000317784503667845 
0.000317784503667845 0.304979551824726 0.621396864868466 0.0733057988031407 
0.437725158071139 0.0704320000292385 0.00209015952827921 0.489752682371343 

0.57450118870683 0.0257342665903108 0.264973097779942 0.134791446922917 
0.166558857502069 0.402526792276831 0.382647334417478 0.0482670158036229 
0.0482670158036229 0.382647334417478 0.402526792276831 0.166558857502069 
0.134791446922917 0.264973097779942 0.0257342665903108 0.57450118870683 

0.663641122295599 0.10629289773433 0.0348230472823795 0.195242932687692 
0.202786218850776 0.430112626879884 0.341080899317144 0.0260202549521957 
0.0260202549521957 0.341080899317144 0.430112626879884 0.202786218850776 
0.195242932687692 0.0348230472823795 0.10629289773433 0.663641122295599 

0.383198893594726 0.246915016692286 0.0910127036697268 0.278873386043261 
0.0444725692715107 0.647178951701083 0.30248834291633 0.00586013611107635 
0.00586013611107635 0.30248834291633 0.647178951701083 0.0444725692715107 
0.278873386043261 0.0910127036697268 0.246915016692286 0.383198893594726 

0.404428026910134 0.459491023668696 0.0794763565368141 0.0566045928843562 
0.220401119391715 0.615420090513766 0.156913650563584 0.00726513953093479 
0.00726513953093479 0.156913650563584 0.615420090513766 0.220401119391715 
0.0566045928843562 0.0794763565368141 0.459491023668696 0.404428026910134 

0.235649020106422 0.516054767118835 0.143142407082743 0.105153805692 
0.0073412982440752 0.651362407012712 0.139135584527729 0.202160710215484 
0.202160710215484 0.139135584527729 0.651362407012712 0.0073412982440752 
0.105153805692 0.143142407082743 0.516054767118835 0.235649020106422 

0.636212474322761 0.00386831093612026 0.00834724024297619 0.351571974498143 
0.0560155638040248 0.30328385269914 0.150849859671735 0.4898507238251 
0.4898507238251 0.150849859671735 0.30328385269914 0.0560155638040248 
0.351571974498143 0.00834724024297619 0.00386831093612026 0.636212474322761 


