4 14

0.434539527166635 0.0654604728333652 0.0654604728333652 0.434539527166635 

0.404712323244822 0.0368390957366145 0.557876275967725 0.000572305050838051 
0.0471582901870621 0.926504700401665 0.0176035863358719 0.00873342307540095 
0.00873342307540095 0.0176035863358719 0.926504700401665 0.0471582901870621 
0.000572305050838051 0.557876275967725 0.0368390957366145 0.404712323244822 

0.757330164494378 0.0701920467539711 0.00241254524824064 0.17006524350341 
0.00396438689443515 0.530555953064715 0.21756493843354 0.247914721607309 
0.247914721607309 0.21756493843354 0.530555953064715 0.00396438689443515 
0.17006524350341 0.00241254524824064 0.0701920467539711 0.757330164494378 

0.590531450088514 0.0625615012591171 0.0242022045628917 0.322704844089477 
0.565937394993417 0.339914211225557 0.0158458488334901 0.0783025449475366 
0.0783025449475366 0.0158458488334901 0.339914211225557 0.565937394993417 
0.322704844089477 0.0242022045628917 0.0625615012591171 0.590531450088514 

0.209593657151216 0.740509529107737 0.00498959232539953 0.0449072214156482 
0.0351481068892428 0.795798271693936 0.0479880013784916 0.121065620038329 
0.121065620038329 0.0479880013784916 0.795798271693936 0.0351481068892428 
0.0449072214156482 0.00498959232539953 0.740509529107737 0.209593657151216 

0.426346914994153 0.318393249460909 0.226879728385717 0.028380107159222 
0.291226949802951 0.551603546003828 0.114993259292321 0.0421762449009007 
0.0421762449009007 0.114993259292321 0.551603546003828 0.291226949802951 
0.028380107159222 0.226879728385717 0.318393249460909 0.426346914994153 

0.605942827798147 0.216042122620556 0.0678088719379667 0.11020617764333 
0.00573159841465709 0.523964058475733 0.470254903121706 4.94399879040781e-05 
4.94399879040781e-05 0.470254903121706 0.523964058475733 0.00573159841465709 
0.11020617764333 0.0678088719379667 0.216042122620556 0.605942827798147 

0.645148927194123 0.00158349476839515 0.0086461686594661 0.344621409378016 
0.0582237479550144 0.499596494384727 0.434850299125712 0.00732945853454605 
0.00732945853454605 0.434850299125712 0.499596494384727 0.0582237479550144 
0.344621409378016 0.0086461686594661 0.00158349476839515 0.645148927194123 

0.508249837356991 0.00616559844277169 0.0411079784982417 0.444476585701996 
0.00385520037290952 0.648333245975495 0.347505064677878 0.000306488973717121 
0.000306488973717121 0.347505064677878 0.648333245975495 0.00385520037290952 
0.444476585701996 0.0411079784982417 0.00616559844277169 0.508249837356991 

0.510778120834638 0.0069070118653113 0.0253502262735109 0.45696464102654 
0.0946571162926767 0.630124231435317 0.263080405479686 0.0121382467923198 
0.0121382467923198 0.263080405479686 0.630124231435317 0.0946571162926767 
0.45696464102654 0.0253502262735109 0.0069070118653113 0.510778120834638 

0.724044276273614 0.200158192556633 0.0155023800431764 0.060295151126576 
0.0150914213133934 0.259408283234318 0.0202525242453017 0.705247771206987 
0.705247771206987 0.0202525242453017 0.259408283234318 0.0150914213133934 
0.060295151126576 0.0155023800431764 0.200158192556633 0.724044276273614 

0.471990484316181 0.282127205222073 0.0729041316364057 0.172978178825341 
0.029434829767575 0.309237374930325 0.30067118932771 0.36065660597439 
0.36065660597439 0.30067118932771 0.309237374930325 0.029434829767575 
0.172978178825341 0.0729041316364057 0.282127205222073 0.471990484316181 

0.664576648610762 0.00271806423639452 0.0174979919054003 0.315207295247444 
0.0173991563188016 0.497405012395061 0.438962251744866 0.0462335795412714 
0.0462335795412714 0.438962251744866 0.497405012395061 0.0173991563188016 
0.315207295247444 0.0174979919054003 0.00271806423639452 0.664576648610762 

0.525555517531845 0.0536220556800785 0.00438408809387083 0.416438338694206 
0.0523965705069246 0.522166132261032 0.330192975970886 0.0952443212611571 
0.0952443212611571 0.330192975970886 0.522166132261032 0.0523965705069246 
0.416438338694206 0.00438408809387083 0.0536220556800785 0.525555517531845 

0.583824539698432 0.0226137433535239 0.273032907299022 0.120528809649022 
0.46932063021559 0.291535249718385 0.112665353717481 0.126478766348545 
0.126478766348545 0.112665353717481 0.291535249718385 0.46932063021559 
0.120528809649022 0.273032907299022 0.0226137433535239 0.583824539698432 


