4 14

0.0590943346032873 0.440905665396713 0.440905665396713 0.0590943346032873 

0.82753110257281 0.00186476603412017 0.163249998647715 0.00735413274535424 
0.539777912173233 0.457782081641987 0.000260365208203328 0.00217964097657602 
0.00217964097657602 0.000260365208203328 0.457782081641987 0.539777912173233 
0.00735413274535424 0.163249998647715 0.00186476603412017 0.82753110257281 

0.535356066531905 0.432584441066269 0.0028241320436363 0.0292353603581906 
0.000724476134623342 0.708901497027953 0.0148262133387842 0.275547813498639 
0.275547813498639 0.0148262133387842 0.708901497027953 0.000724476134623342 
0.0292353603581906 0.0028241320436363 0.432584441066269 0.535356066531905 

0.499629343741457 0.0278940903780224 0.0199593737737653 0.452517192106756 
0.0529192539130155 0.687994925839355 0.240880314711897 0.0182055055357322 
0.0182055055357322 0.240880314711897 0.687994925839355 0.0529192539130155 
0.452517192106756 0.0199593737737653 0.0278940903780224 0.499629343741457 

0.890225585152777 0.018807023010537 7.96172233611062e-05 0.0908877746133245 
0.125852335817277 0.217785886480351 0.163096063056274 0.493265714646098 
0.493265714646098 0.163096063056274 0.217785886480351 0.125852335817277 
0.0908877746133245 7.96172233611062e-05 0.018807023010537 0.890225585152777 

0.487677054889922 0.114363100524539 0.0615270101928042 0.336432834392735 
0.0113878697259596 0.569498088139989 0.41688377750979 0.00223026462426188 
0.00223026462426188 0.41688377750979 0.569498088139989 0.0113878697259596 
0.336432834392735 0.0615270101928042 0.114363100524539 0.487677054889922 

0.802868593489157 0.000360265640948846 0.00341591373813396 0.19335522713176 
0.0190339219141616 0.461564258966631 0.427244563680983 0.0921572554382245 
0.0921572554382245 0.427244563680983 0.461564258966631 0.0190339219141616 
0.19335522713176 0.00341591373813396 0.000360265640948846 0.802868593489157 

0.770574162302935 0.026553630948742 0.137400313163455 0.065471893584868 
0.730971064218633 0.211418125075662 0.045727464447216 0.0118833462584894 
0.0118833462584894 0.045727464447216 0.211418125075662 0.730971064218633 
0.065471893584868 0.137400313163455 0.026553630948742 0.770574162302935 

0.504131253923836 0.330416285001909 0.0390728104149255 0.12637965065933 
0.0151271697814634 0.536983333026727 0.447060034082514 0.000829463109294913 
0.000829463109294913 0.447060034082514 0.536983333026727 0.0151271697814634 
0.12637965065933 0.0390728104149255 0.330416285001909 0.504131253923836 

0.507834294463791 0.0130101165126967 0.00169725476709178 0.477458334256421 
0.000180508589159145 0.80335860460282 0.189433394436324 0.0070274923716968 
0.0070274923716968 0.189433394436324 0.80335860460282 0.000180508589159145 
0.477458334256421 0.00169725476709178 0.0130101165126967 0.507834294463791 

0.533166497613564 0.0961642879703765 0.348492837083612 0.0221763773324475 
0.0977892348272533 0.465860498226943 0.434740605741642 0.00160966120416224 
0.00160966120416224 0.434740605741642 0.465860498226943 0.0977892348272533 
0.0221763773324475 0.348492837083612 0.0961642879703765 0.533166497613564 

0.616944368234935 0.00456247592370324 0.0930550222234701 0.285438133617892 
0.101908196299334 0.457550484052025 0.401926428671028 0.0386148909776131 
0.0386148909776131 0.401926428671028 0.457550484052025 0.101908196299334 
0.285438133617892 0.0930550222234701 0.00456247592370324 0.616944368234935 

0.194502631114066 0.744518918173867 0.0196951723148755 0.041283278397191 
0.00145174795939178 0.792159425787705 0.0545500735389711 0.151838752713932 
0.151838752713932 0.0545500735389711 0.792159425787705 0.00145174795939178 
0.041283278397191 0.0196951723148755 0.744518918173867 0.194502631114066 

0.537029487002507 0.424615300272451 0.00554092956018731 0.0328142831648544 
0.241981582861902 0.525582683844241 0.219751546425418 0.0126841868684386 
0.0126841868684386 0.219751546425418 0.525582683844241 0.241981582861902 
0.0328142831648544 0.00554092956018731 0.424615300272451 0.537029487002507 

0.807550840808138 0.0319022789796088 0.000518672056532905 0.16002820815572 
0.0183372704862795 0.504595856617026 0.473961588394991 0.00310528450170332 
0.00310528450170332 0.473961588394991 0.504595856617026 0.0183372704862795 
0.16002820815572 0.000518672056532905 0.0319022789796088 0.807550840808138 


