4 14

0.28550798073411 0.21449201926589 0.21449201926589 0.28550798073411 

0.943197967622547 0.0194235898351118 0.0140944281899689 0.0232840143523722 
0.374520418312367 0.419336012768613 0.135226302328807 0.0709172665902124 
0.0709172665902124 0.135226302328807 0.419336012768613 0.374520418312367 
0.0232840143523722 0.0140944281899689 0.0194235898351118 0.943197967622547 

0.75305808190705 0.0134617789348625 0.0272416810375135 0.206238458120574 
0.0648673798062561 0.546017988369946 0.182759845786873 0.206354786036925 
0.206354786036925 0.182759845786873 0.546017988369946 0.0648673798062561 
0.206238458120574 0.0272416810375135 0.0134617789348625 0.75305808190705 

0.414535234756251 0.176590944352021 0.176454138214912 0.232419682676815 
0.00822867694691732 0.53928817104073 0.352773550839559 0.0997096011727941 
0.0997096011727941 0.352773550839559 0.53928817104073 0.00822867694691732 
0.232419682676815 0.176454138214912 0.176590944352021 0.414535234756251 

0.480428077803147 0.0879681994702996 0.024932400180321 0.406671322546233 
0.0355371981401512 0.63998805069858 0.320191741033765 0.00428301012750356 
0.00428301012750356 0.320191741033765 0.63998805069858 0.0355371981401512 
0.406671322546233 0.024932400180321 0.0879681994702996 0.480428077803147 

0.895728098033963 4.76751845228194e-05 0.0258002151379138 0.0784240116436004 
0.432685742721726 0.27952153525183 0.247125584627489 0.0406671373989547 
0.0406671373989547 0.247125584627489 0.27952153525183 0.432685742721726 
0.0784240116436004 0.0258002151379138 4.76751845228194e-05 0.895728098033963 

0.635522271362465 0.30094092907246 0.0200697866018496 0.043467012963226 
0.00352315730637407 0.495231114780033 0.463111313941779 0.0381344139718143 
0.0381344139718143 0.463111313941779 0.495231114780033 0.00352315730637407 
0.043467012963226 0.0200697866018496 0.30094092907246 0.635522271362465 

0.92675644827437 0.0185706877268617 0.0027548034964125 0.0519180605023557 
0.037135598918212 0.491721678679364 0.468801248503808 0.00234147389861582 
0.00234147389861582 0.468801248503808 0.491721678679364 0.037135598918212 
0.0519180605023557 0.0027548034964125 0.0185706877268617 0.92675644827437 

0.549125273113568 0.31786820264546 0.0872109086314608 0.0457956156095113 
0.00222851428405498 0.505616246024223 0.455835177100994 0.0363200625907289 
0.0363200625907289 0.455835177100994 0.505616246024223 0.00222851428405498 
0.0457956156095113 0.0872109086314608 0.31786820264546 0.549125273113568 

0.352679286868666 0.0436162777674505 0.288569699784069 0.315134735579815 
0.0638437258922008 0.678966094781429 0.252737597574463 0.00445258175190772 
0.00445258175190772 0.252737597574463 0.678966094781429 0.0638437258922008 
0.315134735579815 0.288569699784069 0.0436162777674505 0.352679286868666 

0.841029017728856 0.0726827492971365 0.00387463282935039 0.0824136001446567 
0.64156824806905 0.221406081618813 0.0435297965737076 0.0934958737384293 
0.0934958737384293 0.0435297965737076 0.221406081618813 0.64156824806905 
0.0824136001446567 0.00387463282935039 0.0726827492971365 0.841029017728856 

0.718660678032123 0.0489049893571389 0.0488362659861379 0.183598066624601 
0.222873917773438 0.274295866110684 0.177674193916568 0.32515602219931 
0.32515602219931 0.177674193916568 0.274295866110684 0.222873917773438 
0.183598066624601 0.0488362659861379 0.0489049893571389 0.718660678032123 

0.920599895193814 0.00472588982366069 0.00995765263043928 0.0647165623520856 
0.0701571486741851 0.245633676747241 0.192523263958152 0.491685910620422 
0.491685910620422 0.192523263958152 0.245633676747241 0.0701571486741851 
0.0647165623520856 0.00995765263043928 0.00472588982366069 0.920599895193814 

0.517870516171567 0.000222458596003913 0.00106760600390808 0.480839419228521 
0.000701091428648447 0.747283972561944 0.251383370550076 0.000631565459331341 
0.000631565459331341 0.251383370550076 0.747283972561944 0.000701091428648447 
0.480839419228521 0.00106760600390808 0.000222458596003913 0.517870516171567 

0.500317894096568 0.0736967039134082 5.50337886385463e-05 0.425930368201385 
0.0199370828030641 0.556124207240028 0.327708440815984 0.0962302691409239 
0.0962302691409239 0.327708440815984 0.556124207240028 0.0199370828030641 
0.425930368201385 5.50337886385463e-05 0.0736967039134082 0.500317894096568 


