4 14

0.313742234837264 0.186257765162736 0.186257765162736 0.313742234837264 

0.495507632011863 0.199675246018196 0.0194263250849677 0.285390796884973 
0.00882357684374346 0.896183964628187 0.0359427855026846 0.0590496730253852 
0.0590496730253852 0.0359427855026846 0.896183964628187 0.00882357684374346 
0.285390796884973 0.0194263250849677 0.199675246018196 0.495507632011863 

0.733935594658877 0.0817293443522881 0.118474416543771 0.0658606444450636 
0.0424825162438974 0.577195812760201 0.248305660594738 0.132016010401164 
0.132016010401164 0.248305660594738 0.577195812760201 0.0424825162438974 
0.0658606444450636 0.118474416543771 0.0817293443522881 0.733935594658877 

0.571075009396974 0.111263921424006 0.00570520096730188 0.311955868211718 
0.0638134845545192 0.513640138869407 0.406249217599839 0.0162971589762343 
0.0162971589762343 0.406249217599839 0.513640138869407 0.0638134845545192 
0.311955868211718 0.00570520096730188 0.111263921424006 0.571075009396974 

0.543562157573829 0.182021822909675 0.0447887995113541 0.229627220005142 
0.0826970479873179 0.273080203049335 0.186151527061761 0.458071221901586 
0.458071221901586 0.186151527061761 0.273080203049335 0.0826970479873179 
0.229627220005142 0.0447887995113541 0.182021822909675 0.543562157573829 

0.455333399121714 0.0997822768431005 0.0267884903899936 0.418095833645192 
0.00435233205953269 0.783528484441238 0.210785513164974 0.00133367033425545 
0.00133367033425545 0.210785513164974 0.783528484441238 0.00435233205953269 
0.418095833645192 0.0267884903899936 0.0997822768431005 0.455333399121714 

0.688027971816211 0.0611853729898701 0.224363703248457 0.0264229519454614 
0.00151894995868534 0.510510889254772 0.465139113603182 0.0228310471833602 
0.0228310471833602 0.465139113603182 0.510510889254772 0.00151894995868534 
0.0264229519454614 0.224363703248457 0.0611853729898701 0.688027971816211 

0.413324702036277 0.028407487530813 0.192167841144475 0.366099969288435 
0.23143822133015 0.616565163081949 0.0180788259829125 0.133917789604988 
0.133917789604988 0.0180788259829125 0.616565163081949 0.23143822133015 
0.366099969288435 0.192167841144475 0.028407487530813 0.413324702036277 

0.61114815732297 0.0586847457996766 0.101188833793682 0.228978263083671 
0.040611443745385 0.506990311448614 0.451372954406901 0.00102529039910045 
0.00102529039910045 0.451372954406901 0.506990311448614 0.040611443745385 
0.228978263083671 0.101188833793682 0.0586847457996766 0.61114815732297 

0.946610895487899 0.0185019101942959 0.00016607104250492 0.0347211232753 
0.102012834339144 0.45902277839968 0.4341003519464 0.00486403531477562 
0.00486403531477562 0.4341003519464 0.45902277839968 0.102012834339144 
0.0347211232753 0.00016607104250492 0.0185019101942959 0.946610895487899 

0.264941116562008 0.0528903158733606 0.648840915904918 0.0333276516597132 
0.19475095251635 0.715916169521493 0.059034227885367 0.0302986500767901 
0.0302986500767901 0.059034227885367 0.715916169521493 0.19475095251635 
0.0333276516597132 0.648840915904918 0.0528903158733606 0.264941116562008 

0.552558738940567 0.199049603202743 0.034248413349993 0.214143244506697 
0.421147035460842 0.453048657049323 0.0907228470244067 0.0350814604654284 
0.0350814604654284 0.0907228470244067 0.453048657049323 0.421147035460842 
0.214143244506697 0.034248413349993 0.199049603202743 0.552558738940567 

0.284530866238157 0.202192840642324 0.476692687525075 0.0365836055944446 
0.214152922284393 0.727098948517122 0.0336137145025884 0.0251344146958964 
0.0251344146958964 0.0336137145025884 0.727098948517122 0.214152922284393 
0.0365836055944446 0.476692687525075 0.202192840642324 0.284530866238157 

0.713927735340096 0.00102745205559231 0.012271942473373 0.272772870130939 
0.00729752960802207 0.517351603833206 0.475131954675817 0.000218911882955006 
0.000218911882955006 0.475131954675817 0.517351603833206 0.00729752960802207 
0.272772870130939 0.012271942473373 0.00102745205559231 0.713927735340096 

0.422479355274052 0.350457649063396 0.047874487545626 0.179188508116926 
0.00944976774738172 0.479730099170229 0.425537904355014 0.0852822287273755 
0.0852822287273755 0.425537904355014 0.479730099170229 0.00944976774738172 
0.179188508116926 0.047874487545626 0.350457649063396 0.422479355274052 


