4 14

0.368281198432669 0.131718801567331 0.131718801567331 0.368281198432669 

0.597454573829303 1.03909358814894e-05 0.0366909400544549 0.365844095180361 
0.0924287556468699 0.781907872934079 0.124495694929311 0.0011676764897399 
0.0011676764897399 0.124495694929311 0.781907872934079 0.0924287556468699 
0.365844095180361 0.0366909400544549 1.03909358814894e-05 0.597454573829303 

0.848410180535476 0.00138653552992578 0.00141279691633729 0.148790487018261 
0.000912943920269318 0.585747679763018 0.386133899114572 0.0272054772021403 
0.0272054772021403 0.386133899114572 0.585747679763018 0.000912943920269318 
0.148790487018261 0.00141279691633729 0.00138653552992578 0.848410180535476 

0.491370368621921 0.154231505525581 0.00318204268961297 0.351216083162886 
0.108327624661978 0.581916405246975 0.297432773814986 0.0123231962760621 
0.0123231962760621 0.297432773814986 0.581916405246975 0.108327624661978 
0.351216083162886 0.00318204268961297 0.154231505525581 0.491370368621921 

0.636605473551067 0.285753428517852 0.0525842675039605 0.0250568304271206 
0.428810601595592 0.416403126782667 0.11135543240141 0.0434308392203319 
0.0434308392203319 0.11135543240141 0.416403126782667 0.428810601595592 
0.0250568304271206 0.0525842675039605 0.285753428517852 0.636605473551067 

0.43423962521775 0.0514248345579695 0.41296319887062 0.101372341353661 
0.121372724811356 0.460159906764495 0.335033360650971 0.0834340077731784 
0.0834340077731784 0.335033360650971 0.460159906764495 0.121372724811356 
0.101372341353661 0.41296319887062 0.0514248345579695 0.43423962521775 

0.545099868112179 0.000295239714654111 0.00752642133920406 0.447078470833963 
0.00106701674500102 0.530682157770751 0.286480145670344 0.181770679813903 
0.181770679813903 0.286480145670344 0.530682157770751 0.00106701674500102 
0.447078470833963 0.00752642133920406 0.000295239714654111 0.545099868112179 

0.630665913363297 0.074565347244014 0.00645989085988476 0.288308848532804 
0.0076273253025092 0.471451833815079 0.423576441880536 0.0973443990018759 
0.0973443990018759 0.423576441880536 0.471451833815079 0.0076273253025092 
0.288308848532804 0.00645989085988476 0.074565347244014 0.630665913363297 

0.622968277863439 0.00106722098069827 0.178797464476386 0.197167036679477 
0.00268600472788313 0.467781861455311 0.299850683813459 0.229681450003347 
0.229681450003347 0.299850683813459 0.467781861455311 0.00268600472788313 
0.197167036679477 0.178797464476386 0.00106722098069827 0.622968277863439 

0.57248053850034 0.175321739424751 0.106803071785964 0.145394650288945 
0.0102533359585076 0.309284024284676 0.184956652320074 0.495505987436742 
0.495505987436742 0.184956652320074 0.309284024284676 0.0102533359585076 
0.145394650288945 0.106803071785964 0.175321739424751 0.57248053850034 

0.417775867486389 0.0408007096793771 0.170666954777041 0.370756468057193 
0.232352133763092 0.415027816886746 0.351368543187242 0.0012515061629203 
0.0012515061629203 0.351368543187242 0.415027816886746 0.232352133763092 
0.370756468057193 0.170666954777041 0.0408007096793771 0.417775867486389 

0.448932070781758 0.170743499901841 0.000764207008468729 0.379560222307932 
0.111873574935723 0.764090455057904 0.123187213385004 0.000848756621368733 
0.000848756621368733 0.123187213385004 0.764090455057904 0.111873574935723 
0.379560222307932 0.000764207008468729 0.170743499901841 0.448932070781758 

0.648447704008969 0.33393153140126 0.00574443871269278 0.0118763258770781 
0.000900104083735268 0.467150838244924 0.456370782792974 0.0755782748783667 
0.0755782748783667 0.456370782792974 0.467150838244924 0.000900104083735268 
0.0118763258770781 0.00574443871269278 0.33393153140126 0.648447704008969 

0.45877190815171 0.131553054001047 0.0307833353275666 0.378891702519676 
0.0764042471829117 0.496124806948299 0.237844043332488 0.189626902536301 
0.189626902536301 0.237844043332488 0.496124806948299 0.0764042471829117 
0.378891702519676 0.0307833353275666 0.131553054001047 0.45877190815171 

0.642598227622007 0.0101758084240628 0.000233177503285825 0.346992786450645 
0.0632498489955703 0.499817744929811 0.430554630709056 0.00637777536556331 
0.00637777536556331 0.430554630709056 0.499817744929811 0.0632498489955703 
0.346992786450645 0.000233177503285825 0.0101758084240628 0.642598227622007 


