4 14

0.298527577077039 0.201472422922961 0.201472422922961 0.298527577077039 

0.406441398324049 0.491353762053466 0.0448730853041797 0.0573317543183049 
0.00117887451483728 0.916130308693148 8.84510111802128e-05 0.0826023657808346 
0.0826023657808346 8.84510111802128e-05 0.916130308693148 0.00117887451483728 
0.0573317543183049 0.0448730853041797 0.491353762053466 0.406441398324049 

0.59667949791593 0.0535146341608715 0.108841985752909 0.240963882170289 
0.0836770544134857 0.703310838389397 0.205306678324773 0.00770542887234388 
0.00770542887234388 0.205306678324773 0.703310838389397 0.0836770544134857 
0.240963882170289 0.108841985752909 0.0535146341608715 0.59667949791593 

0.908094209285595 0.0476999064205998 0.0435369592152537 0.000668925078551375 
0.0598584012802415 0.469896557118907 0.445238267440015 0.0250067741608365 
0.0250067741608365 0.445238267440015 0.469896557118907 0.0598584012802415 
0.000668925078551375 0.0435369592152537 0.0476999064205998 0.908094209285595 

0.528041519334267 0.00146348470416295 0.000165033894352588 0.470329962067217 
0.0219879165406983 0.601008653383693 0.214001320726391 0.163002109349218 
0.163002109349218 0.214001320726391 0.601008653383693 0.0219879165406983 
0.470329962067217 0.000165033894352588 0.00146348470416295 0.528041519334267 

0.532495115330847 0.253894690726637 0.00907716141256674 0.20453303252995 
0.201078756355583 0.507300995221926 0.266581859859574 0.0250383885629172 
0.0250383885629172 0.266581859859574 0.507300995221926 0.201078756355583 
0.20453303252995 0.00907716141256674 0.253894690726637 0.532495115330847 

0.516543476252988 0.0302326159185393 0.00771793516121616 0.445505972667257 
0.0454059912933865 0.486824774392933 0.137334996293513 0.330434238020168 
0.330434238020168 0.137334996293513 0.486824774392933 0.0454059912933865 
0.445505972667257 0.00771793516121616 0.0302326159185393 0.516543476252988 

0.705303650391546 0.000181923404169726 0.293015064861316 0.0014993613429688 
0.662191364551463 0.333882341685099 0.00222497020224924 0.00170132356118896 
0.00170132356118896 0.00222497020224924 0.333882341685099 0.662191364551463 
0.0014993613429688 0.293015064861316 0.000181923404169726 0.705303650391546 

0.894416937662305 0.00977293395755813 0.0882881932261679 0.0075219351539686 
0.000127739194580991 0.509542249221481 0.486180404982875 0.00414960660106288 
0.00414960660106288 0.486180404982875 0.509542249221481 0.000127739194580991 
0.0075219351539686 0.0882881932261679 0.00977293395755813 0.894416937662305 

0.529801356917592 0.000223090052738744 0.0240761615397766 0.445899391489893 
0.25001061121688 0.489708555303086 0.259251219230072 0.00102961424996184 
0.00102961424996184 0.259251219230072 0.489708555303086 0.25001061121688 
0.445899391489893 0.0240761615397766 0.000223090052738744 0.529801356917592 

0.730427334925163 0.0133038670892321 0.0423765371554685 0.213892260830136 
0.489984036630842 0.212657906294466 0.0745312293652049 0.222826827709487 
0.222826827709487 0.0745312293652049 0.212657906294466 0.489984036630842 
0.213892260830136 0.0423765371554685 0.0133038670892321 0.730427334925163 

0.557149022685275 0.00208256278116029 0.193148003015578 0.247620411517987 
0.401017310455006 0.253915235238328 0.245636404327014 0.0994310499796527 
0.0994310499796527 0.245636404327014 0.253915235238328 0.401017310455006 
0.247620411517987 0.193148003015578 0.00208256278116029 0.557149022685275 

0.380296161870542 0.00447774968203446 0.370451791053504 0.24477429739392 
0.00493489253901691 0.755487273838715 0.0953508331350422 0.144227000487226 
0.144227000487226 0.0953508331350422 0.755487273838715 0.00493489253901691 
0.24477429739392 0.370451791053504 0.00447774968203446 0.380296161870542 

0.768518180623186 0.0423830344981788 0.150742908286558 0.0383558765920772 
0.0410193977072229 0.371472721880407 0.276165930906 0.31134194950637 
0.31134194950637 0.276165930906 0.371472721880407 0.0410193977072229 
0.0383558765920772 0.150742908286558 0.0423830344981788 0.768518180623186 

0.731820497145686 0.00296548159600043 0.0458460355378549 0.219367985720458 
0.0748824349960299 0.461559755079528 0.421458482589449 0.0420993273349938 
0.0420993273349938 0.421458482589449 0.461559755079528 0.0748824349960299 
0.219367985720458 0.0458460355378549 0.00296548159600043 0.731820497145686 


