4 14

0.189879500539973 0.310120499460027 0.310120499460027 0.189879500539973 

0.523433559932512 0.000155202293485701 0.473335767072318 0.00307547070168435 
0.249766727174683 0.738592312193121 0.00738926370974252 0.00425169692245295 
0.00425169692245295 0.00738926370974252 0.738592312193121 0.249766727174683 
0.00307547070168435 0.473335767072318 0.000155202293485701 0.523433559932512 

0.648552678054591 0.144482286465667 0.052691491634581 0.154273543845161 
0.0102769822046338 0.654015060916138 0.295697123155056 0.0400108337241727 
0.0400108337241727 0.295697123155056 0.654015060916138 0.0102769822046338 
0.154273543845161 0.052691491634581 0.144482286465667 0.648552678054591 

0.504334132486106 0.0135840825427985 0.00515887643371589 0.47692290853738 
0.00981034049985919 0.837850308888841 0.143356724567343 0.00898262604395716 
0.00898262604395716 0.143356724567343 0.837850308888841 0.00981034049985919 
0.47692290853738 0.00515887643371589 0.0135840825427985 0.504334132486106 

0.403505525952416 0.220981067360872 0.00263875179147378 0.372874654895239 
0.00143146187767996 0.85831871212821 0.131300014568959 0.00894981142515083 
0.00894981142515083 0.131300014568959 0.85831871212821 0.00143146187767996 
0.372874654895239 0.00263875179147378 0.220981067360872 0.403505525952416 

0.539435060358447 0.00348217916908183 0.0232488094645123 0.433833951007958 
0.0122428112795979 0.523815831904174 0.257725890327278 0.20621546648895 
0.20621546648895 0.257725890327278 0.523815831904174 0.0122428112795979 
0.433833951007958 0.0232488094645123 0.00348217916908183 0.539435060358447 

0.490132021427398 0.00743827489267707 0.0360406678100919 0.466389035869833 
0.096580530300621 0.853330646910186 0.0323414429504019 0.0177473798387908 
0.0177473798387908 0.0323414429504019 0.853330646910186 0.096580530300621 
0.466389035869833 0.0360406678100919 0.00743827489267707 0.490132021427398 

0.402614910972548 0.111716910521845 0.410379912208297 0.07528826629731 
0.0161486492990989 0.600944110356557 0.141528112389983 0.24137912795436 
0.24137912795436 0.141528112389983 0.600944110356557 0.0161486492990989 
0.07528826629731 0.410379912208297 0.111716910521845 0.402614910972548 

0.552946575607795 0.0902651339132092 0.00308604452038606 0.35370224595861 
0.000969919540075255 0.473114117548518 0.407683442264567 0.11823252064684 
0.11823252064684 0.407683442264567 0.473114117548518 0.000969919540075255 
0.35370224595861 0.00308604452038606 0.0902651339132092 0.552946575607795 

0.518184683839481 0.000752757835270481 0.0355187711440272 0.445543787181221 
0.00801472137003529 0.622637480501552 0.341079924216328 0.0282678739120845 
0.0282678739120845 0.341079924216328 0.622637480501552 0.00801472137003529 
0.445543787181221 0.0355187711440272 0.000752757835270481 0.518184683839481 

0.449635854428839 0.0147074323348742 0.195360316185106 0.340296397051181 
0.00467869582410163 0.659045642839178 0.215856173608237 0.120419487728483 
0.120419487728483 0.215856173608237 0.659045642839178 0.00467869582410163 
0.340296397051181 0.195360316185106 0.0147074323348742 0.449635854428839 

0.567975414500978 0.0424243045162053 0.00940886319693006 0.380191417785886 
0.291826536088374 0.4480139285996 0.247397765862981 0.0127617694490452 
0.0127617694490452 0.247397765862981 0.4480139285996 0.291826536088374 
0.380191417785886 0.00940886319693006 0.0424243045162053 0.567975414500978 

0.310267948273077 0.0760109280704755 0.324896984172456 0.288824139483991 
0.120529348767742 0.749825783636432 0.113446742162371 0.0161981254334546 
0.0161981254334546 0.113446742162371 0.749825783636432 0.120529348767742 
0.288824139483991 0.324896984172456 0.0760109280704755 0.310267948273077 

0.569430964728088 0.00017369679491766 0.428965791748945 0.00142954672804907 
0.533536679620899 0.465782023672013 0.000510523455164197 0.000170773251923495 
0.000170773251923495 0.000510523455164197 0.465782023672013 0.533536679620899 
0.00142954672804907 0.428965791748945 0.00017369679491766 0.569430964728088 

0.276536551309604 0.0132430003943793 0.477526628409691 0.232693819886326 
0.00021879643448101 0.951857299967035 0.0403056820760407 0.00761822152244281 
0.00761822152244281 0.0403056820760407 0.951857299967035 0.00021879643448101 
0.232693819886326 0.477526628409691 0.0132430003943793 0.276536551309604 


