4 14

0.491823948104866 0.00817605189513415 0.00817605189513415 0.491823948104866 

0.721246692699436 0.00413605106329795 0.000709551434111443 0.273907704803155 
0.0638185224506501 0.623434822324256 0.290232340867528 0.0225143143575659 
0.0225143143575659 0.290232340867528 0.623434822324256 0.0638185224506501 
0.273907704803155 0.000709551434111443 0.00413605106329795 0.721246692699436 

0.708043086384305 0.260831453240179 0.00367261766609922 0.0274528427094166 
0.00110930337013121 0.529099592075621 0.0423455291135855 0.427445575440662 
0.427445575440662 0.0423455291135855 0.529099592075621 0.00110930337013121 
0.0274528427094166 0.00367261766609922 0.260831453240179 0.708043086384305 

0.51265372160492 0.0662955303697008 0.115562242412257 0.305488505613123 
0.00442703364454186 0.535414204211709 0.407951980607724 0.0522067815360246 
0.0522067815360246 0.407951980607724 0.535414204211709 0.00442703364454186 
0.305488505613123 0.115562242412257 0.0662955303697008 0.51265372160492 

0.412346576054543 0.0735117451618843 0.264254092075884 0.249887586707689 
0.226114770061716 0.450965294171347 0.191038311862909 0.131881623904028 
0.131881623904028 0.191038311862909 0.450965294171347 0.226114770061716 
0.249887586707689 0.264254092075884 0.0735117451618843 0.412346576054543 

0.743823867833058 0.0380038688729681 0.00201746121028935 0.216154802083685 
0.0122570896806824 0.492993381155608 0.456597953766568 0.0381515753971416 
0.0381515753971416 0.456597953766568 0.492993381155608 0.0122570896806824 
0.216154802083685 0.00201746121028935 0.0380038688729681 0.743823867833058 

0.561186481333505 0.00685833706610527 0.0153302304028396 0.41662495119755 
0.0125940299969429 0.502195297696521 0.339887224463192 0.145323447843344 
0.145323447843344 0.339887224463192 0.502195297696521 0.0125940299969429 
0.41662495119755 0.0153302304028396 0.00685833706610527 0.561186481333505 

0.493594980251154 0.0383422880456316 0.0616234572761591 0.406439274427055 
0.0830124698001118 0.541670798216124 0.13747176929944 0.237844962684325 
0.237844962684325 0.13747176929944 0.541670798216124 0.0830124698001118 
0.406439274427055 0.0616234572761591 0.0383422880456316 0.493594980251154 

0.366940210518293 0.0385837583836553 0.357451570964432 0.23702446013362 
0.128852286769342 0.574685654695633 0.167639156233849 0.128822902301176 
0.128822902301176 0.167639156233849 0.574685654695633 0.128852286769342 
0.23702446013362 0.357451570964432 0.0385837583836553 0.366940210518293 

0.757162486164428 0.0262008377287526 0.0013268357192415 0.215309840387578 
0.668316129093056 0.221875745375931 0.0611160273336471 0.0486920981973652 
0.0486920981973652 0.0611160273336471 0.221875745375931 0.668316129093056 
0.215309840387578 0.0013268357192415 0.0262008377287526 0.757162486164428 

0.711505049841869 0.0433573155679237 0.0899826310648926 0.155155003525314 
0.110166217554052 0.350872768964843 0.270050151616699 0.268910861864406 
0.268910861864406 0.270050151616699 0.350872768964843 0.110166217554052 
0.155155003525314 0.0899826310648926 0.0433573155679237 0.711505049841869 

0.498226741632999 0.0398861348459689 0.0691155855688754 0.392771537952157 
0.199507427885579 0.4780139902462 0.0854972641203059 0.236981317747915 
0.236981317747915 0.0854972641203059 0.4780139902462 0.199507427885579 
0.392771537952157 0.0691155855688754 0.0398861348459689 0.498226741632999 

0.836760816973432 0.00967021157480212 0.000248361596467532 0.153320609855298 
0.339197834950272 0.341819697579049 0.294709702742633 0.024272764728047 
0.024272764728047 0.294709702742633 0.341819697579049 0.339197834950272 
0.153320609855298 0.000248361596467532 0.00967021157480212 0.836760816973432 

0.750332056733103 0.116041263978919 0.00116259481127736 0.1324640844767 
0.109478099882873 0.474117239487277 0.415546604927153 0.000858055702696835 
0.000858055702696835 0.415546604927153 0.474117239487277 0.109478099882873 
0.1324640844767 0.00116259481127736 0.116041263978919 0.750332056733103 

0.555349561003263 0.142235877459459 0.13709217186027 0.165322389677008 
0.146843820565124 0.463015961121633 0.377577084336055 0.0125631339771877 
0.0125631339771877 0.377577084336055 0.463015961121633 0.146843820565124 
0.165322389677008 0.13709217186027 0.142235877459459 0.555349561003263 


