4 14

0.215888732345775 0.284111267654225 0.284111267654225 0.215888732345775 

0.840140575982223 0.00608688600414678 0.000988146968147279 0.152784391045483 
0.082704231116063 0.44583927696413 0.00183155192256082 0.469624939997247 
0.469624939997247 0.00183155192256082 0.44583927696413 0.082704231116063 
0.152784391045483 0.000988146968147279 0.00608688600414678 0.840140575982223 

0.530361693426109 0.463401984832517 0.00201116717261562 0.00422515456875838 
0.0235688302211848 0.74013633592355 0.00663049376632929 0.229664340088936 
0.229664340088936 0.00663049376632929 0.74013633592355 0.0235688302211848 
0.00422515456875838 0.00201116717261562 0.463401984832517 0.530361693426109 

0.341180795257926 0.127146209543104 0.489017067285318 0.0426559279136514 
0.154229286281861 0.57883767283343 0.165839704944532 0.101093335940177 
0.101093335940177 0.165839704944532 0.57883767283343 0.154229286281861 
0.0426559279136514 0.489017067285318 0.127146209543104 0.341180795257926 

0.314549057243308 0.436653740762444 0.000480225822606567 0.248316976171641 
0.00459287813970205 0.651528352090914 0.3110704364815 0.0328083332878842 
0.0328083332878842 0.3110704364815 0.651528352090914 0.00459287813970205 
0.248316976171641 0.000480225822606567 0.436653740762444 0.314549057243308 

0.632024137515566 0.0483570991934309 0.0206104636636302 0.299008299627373 
0.450105320562314 0.280947300886689 0.0558444177767021 0.213102960774294 
0.213102960774294 0.0558444177767021 0.280947300886689 0.450105320562314 
0.299008299627373 0.0206104636636302 0.0483570991934309 0.632024137515566 

0.460986081568432 0.256407937605022 0.117932707799077 0.164673273027469 
0.0147099455650797 0.478936131722742 0.39940055612165 0.106953366590529 
0.106953366590529 0.39940055612165 0.478936131722742 0.0147099455650797 
0.164673273027469 0.117932707799077 0.256407937605022 0.460986081568432 

0.495402544910498 0.093472056667264 0.00289346362682796 0.40823193479541 
0.232372930365474 0.637140473039585 0.099644730608853 0.0308418659860877 
0.0308418659860877 0.099644730608853 0.637140473039585 0.232372930365474 
0.40823193479541 0.00289346362682796 0.093472056667264 0.495402544910498 

0.338955161949602 0.060375745692858 0.31738049427766 0.28328859807988 
0.0258511961659026 0.753124869121246 0.199227569181618 0.0217963655312334 
0.0217963655312334 0.199227569181618 0.753124869121246 0.0258511961659026 
0.28328859807988 0.31738049427766 0.060375745692858 0.338955161949602 

0.247619686237076 0.0967987383542017 0.484729733847846 0.170851841560876 
0.151313679457415 0.489633959641714 0.358759494534597 0.000292866366273847 
0.000292866366273847 0.358759494534597 0.489633959641714 0.151313679457415 
0.170851841560876 0.484729733847846 0.0967987383542017 0.247619686237076 

0.456875619058303 0.0498605944195844 0.108157780975644 0.385106005546469 
0.0500181235440676 0.634951645031337 0.186471232139586 0.128558999285009 
0.128558999285009 0.186471232139586 0.634951645031337 0.0500181235440676 
0.385106005546469 0.108157780975644 0.0498605944195844 0.456875619058303 

0.507583822410336 0.026679567892971 0.15299339729895 0.312743212397743 
0.0421223449351416 0.524711026918876 0.42317557285028 0.00999105529570228 
0.00999105529570228 0.42317557285028 0.524711026918876 0.0421223449351416 
0.312743212397743 0.15299339729895 0.026679567892971 0.507583822410336 

0.857971235126902 0.00616134230585587 0.000146120681220646 0.135721301886021 
0.114629018300837 0.293286750474442 0.247777810268028 0.344306420956693 
0.344306420956693 0.247777810268028 0.293286750474442 0.114629018300837 
0.135721301886021 0.000146120681220646 0.00616134230585587 0.857971235126902 

0.429326852743127 0.368302810052577 0.0957707829276637 0.106599554276633 
0.254380706819864 0.573008074617443 0.157925576663236 0.0146856418994572 
0.0146856418994572 0.157925576663236 0.573008074617443 0.254380706819864 
0.106599554276633 0.0957707829276637 0.368302810052577 0.429326852743127 

0.415846249221587 0.0233057786838053 0.444997355973437 0.11585061612117 
0.0166692520739404 0.561819111921508 0.354104724182075 0.0674069118224761 
0.0674069118224761 0.354104724182075 0.561819111921508 0.0166692520739404 
0.11585061612117 0.444997355973437 0.0233057786838053 0.415846249221587 


