4 14

0.0844304893398657 0.415569510660134 0.415569510660134 0.0844304893398657 

0.398903069443285 0.00281633580752078 0.590003088977278 0.00827750577191574 
0.0501924995611094 0.937899173546062 0.0025197010932051 0.00938862579962393 
0.00938862579962393 0.0025197010932051 0.937899173546062 0.0501924995611094 
0.00827750577191574 0.590003088977278 0.00281633580752078 0.398903069443285 

0.626489746954918 0.00119021353075908 0.0259185385950461 0.346401500919277 
0.00296959333002764 0.747451771446612 0.249485944392337 9.26908310235042e-05 
9.26908310235042e-05 0.249485944392337 0.747451771446612 0.00296959333002764 
0.346401500919277 0.0259185385950461 0.00119021353075908 0.626489746954918 

0.372304385409021 0.135009835171851 0.245826486863844 0.246859292555283 
0.167063813338965 0.59835782301484 0.0568814849774972 0.177696878668697 
0.177696878668697 0.0568814849774972 0.59835782301484 0.167063813338965 
0.246859292555283 0.245826486863844 0.135009835171851 0.372304385409021 

0.529089345085349 0.00166462209668491 0.401568829852755 0.0676772029652111 
1.06046268339636e-05 0.533209715579038 0.46307465692315 0.00370502287097799 
0.00370502287097799 0.46307465692315 0.533209715579038 1.06046268339636e-05 
0.0676772029652111 0.401568829852755 0.00166462209668491 0.529089345085349 

0.870535003864528 0.00205449729114993 0.121265802154895 0.00614469668942708 
0.790360672361886 0.177672393912059 0.0276361257217527 0.00433080800430213 
0.00433080800430213 0.0276361257217527 0.177672393912059 0.790360672361886 
0.00614469668942708 0.121265802154895 0.00205449729114993 0.870535003864528 

0.760038276750915 0.144505723060929 0.0541952336392086 0.0412607665489478 
0.0175886102846227 0.254935448842372 0.225314096246194 0.502161844626811 
0.502161844626811 0.225314096246194 0.254935448842372 0.0175886102846227 
0.0412607665489478 0.0541952336392086 0.144505723060929 0.760038276750915 

0.546485770347017 0.275821299251116 0.109102019229493 0.0685909111723746 
0.202142955444909 0.383064378578553 0.169483458563507 0.245309207413031 
0.245309207413031 0.169483458563507 0.383064378578553 0.202142955444909 
0.0685909111723746 0.109102019229493 0.275821299251116 0.546485770347017 

0.319304877772582 0.0465307273750584 0.384827364693429 0.24933703015893 
0.0962552463907327 0.687175646888882 0.143457579426662 0.0731115272937233 
0.0731115272937233 0.143457579426662 0.687175646888882 0.0962552463907327 
0.24933703015893 0.384827364693429 0.0465307273750584 0.319304877772582 

0.872291879001289 0.119665583474269 0.00256003529064992 0.00548250223379254 
0.00221411924362712 0.437117172471494 0.426448739117184 0.134219969167695 
0.134219969167695 0.426448739117184 0.437117172471494 0.00221411924362712 
0.00548250223379254 0.00256003529064992 0.119665583474269 0.872291879001289 

0.327079869402728 0.0246407952851599 0.517966733277211 0.130312602034901 
0.00164208080477633 0.78708267467818 0.0420469190027128 0.169228325514331 
0.169228325514331 0.0420469190027128 0.78708267467818 0.00164208080477633 
0.130312602034901 0.517966733277211 0.0246407952851599 0.327079869402728 

0.207199137413595 0.604174600600872 0.000231395167300974 0.188394866818232 
0.000545340401625072 0.673415928494654 0.241184282444942 0.0848544486587786 
0.0848544486587786 0.241184282444942 0.673415928494654 0.000545340401625072 
0.188394866818232 0.000231395167300974 0.604174600600872 0.207199137413595 

0.454264118831419 0.140047598027673 0.0748025502412438 0.330885732899664 
0.172777764487461 0.551095640890776 0.222404919885279 0.0537216747364832 
0.0537216747364832 0.222404919885279 0.551095640890776 0.172777764487461 
0.330885732899664 0.0748025502412438 0.140047598027673 0.454264118831419 

0.733311965759081 0.219012164322603 0.0162956029146223 0.0313802670036932 
0.0662070672200372 0.395594408334012 0.374882404633503 0.163316119812448 
0.163316119812448 0.374882404633503 0.395594408334012 0.0662070672200372 
0.0313802670036932 0.0162956029146223 0.219012164322603 0.733311965759081 

0.499788270764698 0.00565641279987558 0.118071490861205 0.376483825574222 
0.0225693372704681 0.592676647660788 0.120978913486803 0.263775101581941 
0.263775101581941 0.120978913486803 0.592676647660788 0.0225693372704681 
0.376483825574222 0.118071490861205 0.00565641279987558 0.499788270764698 


