4 14

0.174492812133394 0.325507187866606 0.325507187866606 0.174492812133394 

0.580125783459179 0.183758600247524 0.134896993358957 0.10121862293434 
0.166373344880167 0.714064711456202 0.00805833182849924 0.111503611835131 
0.111503611835131 0.00805833182849924 0.714064711456202 0.166373344880167 
0.10121862293434 0.134896993358957 0.183758600247524 0.580125783459179 

0.894764773781407 0.00195007988563193 0.0926002588463347 0.0106848874866267 
0.190140931020578 0.447977747669979 0.00931585451743999 0.352565466792004 
0.352565466792004 0.00931585451743999 0.447977747669979 0.190140931020578 
0.0106848874866267 0.0926002588463347 0.00195007988563193 0.894764773781407 

0.359114785787283 0.485726803269307 0.105174250838626 0.0499841601047841 
0.0198801745391877 0.499817250741009 0.388912713738635 0.0913898609811678 
0.0913898609811678 0.388912713738635 0.499817250741009 0.0198801745391877 
0.0499841601047841 0.105174250838626 0.485726803269307 0.359114785787283 

0.158726789697278 0.0148395012570938 0.825053045279089 0.00138066376653945 
0.0350261065705519 0.85983576727844 0.104756347916311 0.000381778234697341 
0.000381778234697341 0.104756347916311 0.85983576727844 0.0350261065705519 
0.00138066376653945 0.825053045279089 0.0148395012570938 0.158726789697278 

0.417851151759355 0.2292750688759 0.00601015888119721 0.346863620483548 
0.011819035777689 0.613397613251455 0.33624710364685 0.0385362473240062 
0.0385362473240062 0.33624710364685 0.613397613251455 0.011819035777689 
0.346863620483548 0.00601015888119721 0.2292750688759 0.417851151759355 

0.68138181099871 0.183889631897486 0.0135691702740843 0.12115938682972 
0.111309679982025 0.481377009016969 0.401585106882815 0.00572820411819011 
0.00572820411819011 0.401585106882815 0.481377009016969 0.111309679982025 
0.12115938682972 0.0135691702740843 0.183889631897486 0.68138181099871 

0.389481420214898 0.00830090836530203 0.293432045195072 0.308785626224727 
0.00537310994205922 0.797735460788478 0.102037414544113 0.0948540147253501 
0.0948540147253501 0.102037414544113 0.797735460788478 0.00537310994205922 
0.308785626224727 0.293432045195072 0.00830090836530203 0.389481420214898 

0.598120028238975 0.0188753770550317 0.0108741610232342 0.372130433682759 
0.0163464553443327 0.476725380825981 0.382874966361734 0.124053197467952 
0.124053197467952 0.382874966361734 0.476725380825981 0.0163464553443327 
0.372130433682759 0.0108741610232342 0.0188753770550317 0.598120028238975 

0.602149988050276 0.0211607338716549 0.0742592856567612 0.302429992421308 
0.00688978551282478 0.50185050556703 0.415228458569138 0.0760312503510073 
0.0760312503510073 0.415228458569138 0.50185050556703 0.00688978551282478 
0.302429992421308 0.0742592856567612 0.0211607338716549 0.602149988050276 

0.575095415101317 0.150372443968866 0.0763913587191524 0.198140782210665 
0.190967808657627 0.453491268982139 0.33360354839827 0.0219373739619632 
0.0219373739619632 0.33360354839827 0.453491268982139 0.190967808657627 
0.198140782210665 0.0763913587191524 0.150372443968866 0.575095415101317 

0.830007840135625 0.0633231441125208 0.000782500056405303 0.105886515695449 
0.000760422025748482 0.504072063642413 0.477938609889476 0.017228904442363 
0.017228904442363 0.477938609889476 0.504072063642413 0.000760422025748482 
0.105886515695449 0.000782500056405303 0.0633231441125208 0.830007840135625 

0.514496774831902 0.0647781747389442 0.0258496656731516 0.394875384756002 
0.136953136064293 0.540279080306208 0.29892971882931 0.0238380648001897 
0.0238380648001897 0.29892971882931 0.540279080306208 0.136953136064293 
0.394875384756002 0.0258496656731516 0.0647781747389442 0.514496774831902 

0.567577660160856 0.00202439705466865 0.0594836312048242 0.370914311579651 
0.378234636972929 0.314791687905749 0.137135794786129 0.169837880335193 
0.169837880335193 0.137135794786129 0.314791687905749 0.378234636972929 
0.370914311579651 0.0594836312048242 0.00202439705466865 0.567577660160856 

0.371865215189194 0.16250682836293 0.403760046454512 0.0618679099933647 
0.329565041672559 0.610277208631911 0.0286094096308752 0.0315483400646542 
0.0315483400646542 0.0286094096308752 0.610277208631911 0.329565041672559 
0.0618679099933647 0.403760046454512 0.16250682836293 0.371865215189194 


