4 14

0.156618697801605 0.343381302198395 0.343381302198395 0.156618697801605 

0.895027992681442 0.0239619482462397 0.00146067071338324 0.079549388358935 
0.0966667703523729 0.455215592578402 0.193189601262468 0.254928035806757 
0.254928035806757 0.193189601262468 0.455215592578402 0.0966667703523729 
0.079549388358935 0.00146067071338324 0.0239619482462397 0.895027992681442 

0.453785540382226 0.535023226467883 0.0110445067220167 0.000146726427874944 
0.00583519591808936 0.833788102463575 0.0203038828190709 0.140072818799265 
0.140072818799265 0.0203038828190709 0.833788102463575 0.00583519591808936 
0.000146726427874944 0.0110445067220167 0.535023226467883 0.453785540382226 

0.566371053392833 0.0008020934473111 0.0112949046254073 0.421531948534448 
0.0192433281910411 0.463991816416037 0.273408057178681 0.243356798214241 
0.243356798214241 0.273408057178681 0.463991816416037 0.0192433281910411 
0.421531948534448 0.0112949046254073 0.0008020934473111 0.566371053392833 

0.576307866095003 0.286589427678179 0.0137875985866905 0.123315107640127 
0.324774295789526 0.486921051717615 0.184619769485514 0.00368488300734429 
0.00368488300734429 0.184619769485514 0.486921051717615 0.324774295789526 
0.123315107640127 0.0137875985866905 0.286589427678179 0.576307866095003 

0.34539084208301 0.440584459781017 0.0190808246581669 0.194943873477806 
0.00442411733201983 0.519373609711834 0.417142317200081 0.0590599557560646 
0.0590599557560646 0.417142317200081 0.519373609711834 0.00442411733201983 
0.194943873477806 0.0190808246581669 0.440584459781017 0.34539084208301 

0.449452057292042 0.231765623404358 0.00695065760874788 0.311831661694852 
0.0440571793328019 0.604781497158512 0.349514306880464 0.00164701662822241 
0.00164701662822241 0.349514306880464 0.604781497158512 0.0440571793328019 
0.311831661694852 0.00695065760874788 0.231765623404358 0.449452057292042 

0.569285507080501 0.000688666941491391 0.0226761878747174 0.40734963810329 
0.316579220622779 0.404732273942299 0.274830097819293 0.00385840761562928 
0.00385840761562928 0.274830097819293 0.404732273942299 0.316579220622779 
0.40734963810329 0.0226761878747174 0.000688666941491391 0.569285507080501 

0.703522346563431 0.1777657924494 0.00430728644089128 0.114404574546278 
0.00975370401757705 0.474731416550593 0.449423726476973 0.0660911529548568 
0.0660911529548568 0.449423726476973 0.474731416550593 0.00975370401757705 
0.114404574546278 0.00430728644089128 0.1777657924494 0.703522346563431 

0.506005908516593 0.00367393241895154 0.0199441125480739 0.470376046516382 
0.02360756300913 0.752968520446895 0.201556912538736 0.0218670040052391 
0.0218670040052391 0.201556912538736 0.752968520446895 0.02360756300913 
0.470376046516382 0.0199441125480739 0.00367393241895154 0.506005908516593 

0.638297575551716 0.0305774263143549 0.0590617284721062 0.272063269661823 
0.00286963633414239 0.499337779503748 0.435553651010105 0.062238933152005 
0.062238933152005 0.435553651010105 0.499337779503748 0.00286963633414239 
0.272063269661823 0.0590617284721062 0.0305774263143549 0.638297575551716 

0.536540472322415 0.341225144460899 0.0561743452680684 0.066060037948618 
0.178430777647043 0.398572866622587 0.0993788320429848 0.323617523687386 
0.323617523687386 0.0993788320429848 0.398572866622587 0.178430777647043 
0.066060037948618 0.0561743452680684 0.341225144460899 0.536540472322415 

0.184982059529574 0.797011409708733 0.0096209440675824 0.00838558669411038 
0.0125565370497233 0.818336908188791 0.0888678550456031 0.0802386997158831 
0.0802386997158831 0.0888678550456031 0.818336908188791 0.0125565370497233 
0.00838558669411038 0.0096209440675824 0.797011409708733 0.184982059529574 

0.383998999746681 0.0787043571324758 0.383874844876963 0.15342179824388 
0.017120206437433 0.55669605428041 0.42537090155987 0.000812837722286186 
0.000812837722286186 0.42537090155987 0.55669605428041 0.017120206437433 
0.15342179824388 0.383874844876963 0.0787043571324758 0.383998999746681 

0.469409852729654 0.0938342864173397 0.00855751591662653 0.42819834493638 
0.00321991329898649 0.727347289722425 0.251184847296837 0.0182479496817509 
0.0182479496817509 0.251184847296837 0.727347289722425 0.00321991329898649 
0.42819834493638 0.00855751591662653 0.0938342864173397 0.469409852729654 


