4 14

0.0416247667744756 0.458375233225524 0.458375233225524 0.0416247667744756 

0.94589089146216 0.00101285048515205 0.031068989302015 0.0220272687506728 
0.54202499226383 0.392128522787429 0.0655961291504424 0.000250355798298518 
0.000250355798298518 0.0655961291504424 0.392128522787429 0.54202499226383 
0.0220272687506728 0.031068989302015 0.00101285048515205 0.94589089146216 

0.751825104109848 0.0153616737414337 0.128091844652154 0.104721377496564 
0.0620088882849663 0.558087072567658 0.00447379201845916 0.375430247128917 
0.375430247128917 0.00447379201845916 0.558087072567658 0.0620088882849663 
0.104721377496564 0.128091844652154 0.0153616737414337 0.751825104109848 

0.505912263294132 0.036021861798207 0.00314366823329884 0.454922206674362 
0.097291664963537 0.68304155584667 0.206409875991414 0.0132569031983789 
0.0132569031983789 0.206409875991414 0.68304155584667 0.097291664963537 
0.454922206674362 0.00314366823329884 0.036021861798207 0.505912263294132 

0.90025213243004 0.0127333315570565 0.068419695846092 0.0185948401668119 
0.0932475324712545 0.443005747087202 0.419514767702255 0.044231952739288 
0.044231952739288 0.419514767702255 0.443005747087202 0.0932475324712545 
0.0185948401668119 0.068419695846092 0.0127333315570565 0.90025213243004 

0.40235798495119 0.0951628809856271 0.167870870228789 0.334608263834394 
0.00246644279492684 0.685606802456883 0.297780349281695 0.0141464054664954 
0.0141464054664954 0.297780349281695 0.685606802456883 0.00246644279492684 
0.334608263834394 0.167870870228789 0.0951628809856271 0.40235798495119 

0.511053783980622 0.00543757959253439 0.000133997401780599 0.483374639025063 
0.0888219051306691 0.828410453244742 0.0773432435986709 0.00542439802591814 
0.00542439802591814 0.0773432435986709 0.828410453244742 0.0888219051306691 
0.483374639025063 0.000133997401780599 0.00543757959253439 0.511053783980622 

0.388113561527482 0.272095459563416 0.0742517391437985 0.265539239765303 
0.198571608874838 0.705178847138478 0.0747461424052824 0.0215034015814019 
0.0215034015814019 0.0747461424052824 0.705178847138478 0.198571608874838 
0.265539239765303 0.0742517391437985 0.272095459563416 0.388113561527482 

0.470220449884267 0.0976843885171004 0.00125775353903879 0.430837408059594 
0.117746550429478 0.869194335952294 0.00340810085947574 0.00965101275875173 
0.00965101275875173 0.00340810085947574 0.869194335952294 0.117746550429478 
0.430837408059594 0.00125775353903879 0.0976843885171004 0.470220449884267 

0.741583087539567 0.0455413637326928 0.000384286222287953 0.212491262505453 
0.0744813511322782 0.184328462661407 0.0169352061811605 0.724254980025154 
0.724254980025154 0.0169352061811605 0.184328462661407 0.0744813511322782 
0.212491262505453 0.000384286222287953 0.0455413637326928 0.741583087539567 

0.640790018904417 0.0449480720369218 0.00511167591071967 0.309150233147942 
0.30019844117522 0.409954455552093 0.288885137479401 0.00096196579328528 
0.00096196579328528 0.288885137479401 0.409954455552093 0.30019844117522 
0.309150233147942 0.00511167591071967 0.0449480720369218 0.640790018904417 

0.339655627570844 0.127474761016837 0.470663423468065 0.0622061879442539 
0.0778833668578879 0.5209812928393 0.38724179049107 0.0138935498117426 
0.0138935498117426 0.38724179049107 0.5209812928393 0.0778833668578879 
0.0622061879442539 0.470663423468065 0.127474761016837 0.339655627570844 

0.509913393687001 4.98552171356875e-06 8.73738182045668e-05 0.489994246973081 
8.52212994481493e-05 0.959788189828517 0.0401195954478842 6.99342415040005e-06 
6.99342415040005e-06 0.0401195954478842 0.959788189828517 8.52212994481493e-05 
0.489994246973081 8.73738182045668e-05 4.98552171356875e-06 0.509913393687001 

0.593670036167237 0.0806275443572409 0.00512773194007063 0.320574687535451 
0.123433988163017 0.279392891712364 0.181382358243782 0.415790761880837 
0.415790761880837 0.181382358243782 0.279392891712364 0.123433988163017 
0.320574687535451 0.00512773194007063 0.0806275443572409 0.593670036167237 

0.604036110638472 0.0439040330706101 0.00443958706551075 0.347620269225407 
0.108379806590243 0.49603019543233 0.394692904315975 0.000897093661452096 
0.000897093661452096 0.394692904315975 0.49603019543233 0.108379806590243 
0.347620269225407 0.00443958706551075 0.0439040330706101 0.604036110638472 


