4 14

0.37396451306995 0.12603548693005 0.12603548693005 0.37396451306995 

0.613185880130663 8.7485086490339e-05 0.000406424958088765 0.386320209824758 
0.0198897136393287 0.793547146262929 0.181359143751649 0.00520399634609353 
0.00520399634609353 0.181359143751649 0.793547146262929 0.0198897136393287 
0.386320209824758 0.000406424958088765 8.7485086490339e-05 0.613185880130663 

0.585483601114844 0.00268386402009503 0.0100533792049369 0.401779155660124 
0.00730907444161454 0.872030710117911 0.120099979528637 0.000560235911836967 
0.000560235911836967 0.120099979528637 0.872030710117911 0.00730907444161454 
0.401779155660124 0.0100533792049369 0.00268386402009503 0.585483601114844 

0.725177354428453 0.0428535974008886 0.00674009961125078 0.225228948559408 
0.0472623442896608 0.375956013540523 0.334609159789594 0.242172482380222 
0.242172482380222 0.334609159789594 0.375956013540523 0.0472623442896608 
0.225228948559408 0.00674009961125078 0.0428535974008886 0.725177354428453 

0.442755419366615 0.00847260925431303 0.10944075014899 0.439331221230082 
0.305868156017592 0.561405770908153 0.12903545059985 0.00369062247440577 
0.00369062247440577 0.12903545059985 0.561405770908153 0.305868156017592 
0.439331221230082 0.10944075014899 0.00847260925431303 0.442755419366615 

0.489163347835894 0.087909288497319 0.41274711440682 0.0101802492599671 
0.17758069971623 0.413588854514488 0.355972654501324 0.052857791267958 
0.052857791267958 0.355972654501324 0.413588854514488 0.17758069971623 
0.0101802492599671 0.41274711440682 0.087909288497319 0.489163347835894 

0.373937770090842 0.334509608254263 0.0140687959134661 0.27748382574143 
0.0368161056219292 0.649175956108293 0.28870324447993 0.0253046937898477 
0.0253046937898477 0.28870324447993 0.649175956108293 0.0368161056219292 
0.27748382574143 0.0140687959134661 0.334509608254263 0.373937770090842 

0.606662036696923 0.22652669753052 0.127715891493444 0.0390953742791126 
0.00239105748881507 0.31857455281512 0.176487529259384 0.502546860436681 
0.502546860436681 0.176487529259384 0.31857455281512 0.00239105748881507 
0.0390953742791126 0.127715891493444 0.22652669753052 0.606662036696923 

0.746021594017448 0.000336618794719204 0.210612258759562 0.0430295284282711 
0.0821937745051969 0.399262368133872 0.308631984857645 0.209911872503286 
0.209911872503286 0.308631984857645 0.399262368133872 0.0821937745051969 
0.0430295284282711 0.210612258759562 0.000336618794719204 0.746021594017448 

0.453366005472334 0.108510525806729 0.00711363317796736 0.43100983554297 
0.0234357074307924 0.870227415315371 0.0385289831337916 0.0678078941200449 
0.0678078941200449 0.0385289831337916 0.870227415315371 0.0234357074307924 
0.43100983554297 0.00711363317796736 0.108510525806729 0.453366005472334 

0.738599844344349 0.0750659025218574 0.00429582722065677 0.182038425913137 
0.477237151341668 0.314947356361321 0.17851990188147 0.0292955904155398 
0.0292955904155398 0.17851990188147 0.314947356361321 0.477237151341668 
0.182038425913137 0.00429582722065677 0.0750659025218574 0.738599844344349 

0.512883518876459 0.0343002315651706 0.0211970184952719 0.431619231063099 
0.0926803174685166 0.59213758399481 0.312146986842419 0.00303511169425386 
0.00303511169425386 0.312146986842419 0.59213758399481 0.0926803174685166 
0.431619231063099 0.0211970184952719 0.0343002315651706 0.512883518876459 

0.453641445978997 0.109932914593381 0.0341051579931653 0.402320481434456 
0.00363709862844282 0.710097778908232 0.286134366958286 0.000130755505039535 
0.000130755505039535 0.286134366958286 0.710097778908232 0.00363709862844282 
0.402320481434456 0.0341051579931653 0.109932914593381 0.453641445978997 

0.62597601341928 0.181181818806735 0.0287648997846856 0.164077267989299 
0.0152159278594098 0.518616042656907 0.463201501478193 0.00296652800549116 
0.00296652800549116 0.463201501478193 0.518616042656907 0.0152159278594098 
0.164077267989299 0.0287648997846856 0.181181818806735 0.62597601341928 

0.655161235030567 0.0211327534715651 0.00220795089240578 0.321498060605462 
0.00503320890654309 0.525870010312242 0.469088923696498 7.85708471677613e-06 
7.85708471677613e-06 0.469088923696498 0.525870010312242 0.00503320890654309 
0.321498060605462 0.00220795089240578 0.0211327534715651 0.655161235030567 


