4 14

0.00275536091066897 0.497244639089331 0.497244639089331 0.00275536091066897 

0.590131843180964 0.000598933452926637 0.406052477175775 0.00321674619033507 
0.33419216145741 0.663255564691563 0.00197478317830185 0.00057749067272489 
0.00057749067272489 0.00197478317830185 0.663255564691563 0.33419216145741 
0.00321674619033507 0.406052477175775 0.000598933452926637 0.590131843180964 

0.694188212071636 0.298182660572708 0.000242160259878138 0.0073869670957783 
0.181567332903252 0.63798500483917 0.180209496785006 0.000238165472572244 
0.000238165472572244 0.180209496785006 0.63798500483917 0.181567332903252 
0.0073869670957783 0.000242160259878138 0.298182660572708 0.694188212071636 

0.490191256471676 0.0815570654040592 0.00562574468357716 0.422625933440688 
0.00465597121512855 0.568932485396904 0.334725552144672 0.0916859912432955 
0.0916859912432955 0.334725552144672 0.568932485396904 0.00465597121512855 
0.422625933440688 0.00562574468357716 0.0815570654040592 0.490191256471676 

0.715216586204808 0.123198743440781 0.133843061152392 0.0277416092020191 
0.168821301259763 0.424754043185611 0.378120008663144 0.0283046468914823 
0.0283046468914823 0.378120008663144 0.424754043185611 0.168821301259763 
0.0277416092020191 0.133843061152392 0.123198743440781 0.715216586204808 

0.381710513871259 0.0804524609996553 0.432575304409324 0.105261720719762 
0.00175028508974719 0.60587091499782 0.270480238966149 0.121898560946284 
0.121898560946284 0.270480238966149 0.60587091499782 0.00175028508974719 
0.105261720719762 0.432575304409324 0.0804524609996553 0.381710513871259 

0.307157280295072 0.471439523211491 0.129828945364823 0.0915742511286143 
0.0302796200239268 0.623656607953755 0.345568038858451 0.000495733163867333 
0.000495733163867333 0.345568038858451 0.623656607953755 0.0302796200239268 
0.0915742511286143 0.129828945364823 0.471439523211491 0.307157280295072 

0.153660946606822 0.772848346350846 0.061213378152277 0.0122773288900556 
0.00615592706643095 0.924783551605524 0.0350824264367912 0.0339780948912535 
0.0339780948912535 0.0350824264367912 0.924783551605524 0.00615592706643095 
0.0122773288900556 0.061213378152277 0.772848346350846 0.153660946606822 

0.487760970215666 0.0534366517218895 0.00247729477860136 0.456325083283843 
0.000105480325214796 0.801072547952316 0.19110933494251 0.00771263677995942 
0.00771263677995942 0.19110933494251 0.801072547952316 0.000105480325214796 
0.456325083283843 0.00247729477860136 0.0534366517218895 0.487760970215666 

0.571364735328033 0.000471692349835212 0.0248181816081386 0.403345390713993 
4.55028773965749e-05 0.463663761834888 0.27187593431876 0.264414800968955 
0.264414800968955 0.27187593431876 0.463663761834888 4.55028773965749e-05 
0.403345390713993 0.0248181816081386 0.000471692349835212 0.571364735328033 

0.831956053665656 0.16068877257959 0.00159495321924068 0.00576022053551367 
0.531383860479056 0.267359631976842 0.0541023813464554 0.147154126197647 
0.147154126197647 0.0541023813464554 0.267359631976842 0.531383860479056 
0.00576022053551367 0.00159495321924068 0.16068877257959 0.831956053665656 

0.45712619003392 0.116608950295787 0.408958605809286 0.0173062538610072 
0.0504819408416781 0.505729026739333 0.411448007049646 0.032341025369342 
0.032341025369342 0.411448007049646 0.505729026739333 0.0504819408416781 
0.0173062538610072 0.408958605809286 0.116608950295787 0.45712619003392 

0.517404867032898 0.00497316040057299 0.0163502486559292 0.4612717239106 
0.116530757243726 0.618864973286915 0.262974865039359 0.00162940442999935 
0.00162940442999935 0.262974865039359 0.618864973286915 0.116530757243726 
0.4612717239106 0.0163502486559292 0.00497316040057299 0.517404867032898 

0.218007481226052 0.0801043508187921 0.541346174322132 0.160541993633024 
0.0563841805482225 0.803524234063038 0.12769675828072 0.01239482710802 
0.01239482710802 0.12769675828072 0.803524234063038 0.0563841805482225 
0.160541993633024 0.541346174322132 0.0801043508187921 0.218007481226052 

0.425798770008884 0.00768758953018056 0.4310001345414 0.135513505919535 
0.00523862991108034 0.587197662436082 0.30350484273728 0.104058864915558 
0.104058864915558 0.30350484273728 0.587197662436082 0.00523862991108034 
0.135513505919535 0.4310001345414 0.00768758953018056 0.425798770008884 


