4 14

0.0567439127480611 0.443256087251939 0.443256087251939 0.0567439127480611 

0.683793868770891 0.00339530731905374 0.309111251540287 0.00369957236976792 
0.420902616390931 0.571368152315985 0.00492135533439553 0.00280787595868834 
0.00280787595868834 0.00492135533439553 0.571368152315985 0.420902616390931 
0.00369957236976792 0.309111251540287 0.00339530731905374 0.683793868770891 

0.915102664202226 0.00218288569542813 0.0144618695446063 0.0682525805577395 
0.0123822908265341 0.513357012974172 0.314120726846009 0.160139969353285 
0.160139969353285 0.314120726846009 0.513357012974172 0.0123822908265341 
0.0682525805577395 0.0144618695446063 0.00218288569542813 0.915102664202226 

0.749919056943643 0.181235508482654 3.28162688928296e-05 0.06881261830481 
0.00723336254706591 0.22209926277395 0.0282109564880471 0.742456418190937 
0.742456418190937 0.0282109564880471 0.22209926277395 0.00723336254706591 
0.06881261830481 3.28162688928296e-05 0.181235508482654 0.749919056943643 

0.220760688112379 0.0690519681974713 0.529530046656447 0.180657297033703 
0.109114261499338 0.605080927634225 0.285192135482222 0.000612675384214466 
0.000612675384214466 0.285192135482222 0.605080927634225 0.109114261499338 
0.180657297033703 0.529530046656447 0.0690519681974713 0.220760688112379 

0.603759382100223 0.0260146184782777 0.0354267667140972 0.334799232707402 
0.0193390858449207 0.379255096581704 0.246950036601947 0.354455780971428 
0.354455780971428 0.246950036601947 0.379255096581704 0.0193390858449207 
0.334799232707402 0.0354267667140972 0.0260146184782777 0.603759382100223 

0.802754945423573 0.0833224731453958 0.000620311277735958 0.113302270153296 
0.00824064694289905 0.163006945831448 0.0508596575674619 0.777892749658191 
0.777892749658191 0.0508596575674619 0.163006945831448 0.00824064694289905 
0.113302270153296 0.000620311277735958 0.0833224731453958 0.802754945423573 

0.239334301317541 0.127660435785715 0.456828416032739 0.176176846864005 
0.0057491186618082 0.847682318189504 0.142647890056627 0.00392067309206031 
0.00392067309206031 0.142647890056627 0.847682318189504 0.0057491186618082 
0.176176846864005 0.456828416032739 0.127660435785715 0.239334301317541 

0.397232751381942 0.394053468556938 0.0363145886345777 0.172399191426542 
0.114703389247266 0.604200417648523 0.26346200331976 0.0176341897844508 
0.0176341897844508 0.26346200331976 0.604200417648523 0.114703389247266 
0.172399191426542 0.0363145886345777 0.394053468556938 0.397232751381942 

0.562670268927718 2.79340917712672e-05 5.56748373796685e-05 0.437246122143131 
0.0235933415365779 0.508225986545442 0.335006161678059 0.133174510239921 
0.133174510239921 0.335006161678059 0.508225986545442 0.0235933415365779 
0.437246122143131 5.56748373796685e-05 2.79340917712672e-05 0.562670268927718 

0.429931201169683 0.214415522190525 0.00116842793098762 0.354484848708804 
0.0526716969160006 0.706665666039136 0.236321163690776 0.00434147335408762 
0.00434147335408762 0.236321163690776 0.706665666039136 0.0526716969160006 
0.354484848708804 0.00116842793098762 0.214415522190525 0.429931201169683 

0.511611018101003 0.000391202331609183 0.00152265762418367 0.486475121943204 
0.00444163189682337 0.864277137261573 0.13068338467827 0.000597846163333886 
0.000597846163333886 0.13068338467827 0.864277137261573 0.00444163189682337 
0.486475121943204 0.00152265762418367 0.000391202331609183 0.511611018101003 

0.73157833268563 1.43181044881513e-05 0.000516320994803368 0.267891028215078 
0.00157736743474339 0.518812779159669 0.479214967886792 0.00039488551879581 
0.00039488551879581 0.479214967886792 0.518812779159669 0.00157736743474339 
0.267891028215078 0.000516320994803368 1.43181044881513e-05 0.73157833268563 

0.492613945562232 0.030543724509698 0.131359185032451 0.345483144895619 
0.283217436009433 0.380096603795847 0.254532631156816 0.0821533290379042 
0.0821533290379042 0.254532631156816 0.380096603795847 0.283217436009433 
0.345483144895619 0.131359185032451 0.030543724509698 0.492613945562232 

0.552077459246611 0.0377567670551219 0.015642559275944 0.394523214422323 
0.0898673146917993 0.451451050762843 0.293970533889929 0.164711100655429 
0.164711100655429 0.293970533889929 0.451451050762843 0.0898673146917993 
0.394523214422323 0.015642559275944 0.0377567670551219 0.552077459246611 


