4 14

0.409882723353803 0.0901172766461968 0.0901172766461968 0.409882723353803 

0.678084018350229 0.0351069953143875 0.0852773823680068 0.201531603967376 
0.0303826172281077 0.633932190426542 0.264818389854332 0.0708668024910186 
0.0708668024910186 0.264818389854332 0.633932190426542 0.0303826172281077 
0.201531603967376 0.0852773823680068 0.0351069953143875 0.678084018350229 

0.768224380631667 0.0302954102435591 0.021352025113367 0.180128184011407 
0.368229876030603 0.515944641603156 0.109138260680212 0.00668722168602831 
0.00668722168602831 0.109138260680212 0.515944641603156 0.368229876030603 
0.180128184011407 0.021352025113367 0.0302954102435591 0.768224380631667 

0.227780506691131 0.534843276778106 0.098800548875632 0.138575667655131 
0.00257015558052702 0.758090473618402 0.225726544982985 0.0136128258180857 
0.0136128258180857 0.225726544982985 0.758090473618402 0.00257015558052702 
0.138575667655131 0.098800548875632 0.534843276778106 0.227780506691131 

0.507537570059862 0.0136078681285666 0.0038934808605403 0.474961080951031 
0.0266130089743435 0.783821091398431 0.186830592673446 0.00273530695377943 
0.00273530695377943 0.186830592673446 0.783821091398431 0.0266130089743435 
0.474961080951031 0.0038934808605403 0.0136078681285666 0.507537570059862 

0.355145805809742 0.0442600864013422 0.305055240028481 0.295538867760435 
0.0153570586404041 0.755536056761781 0.202730857473017 0.026376027124798 
0.026376027124798 0.202730857473017 0.755536056761781 0.0153570586404041 
0.295538867760435 0.305055240028481 0.0442600864013422 0.355145805809742 

0.538002812626897 0.000163994796940209 0.460251344367897 0.00158184820826662 
0.502358371342869 0.493652213840602 0.00385399914085682 0.000135415675672712 
0.000135415675672712 0.00385399914085682 0.493652213840602 0.502358371342869 
0.00158184820826662 0.460251344367897 0.000163994796940209 0.538002812626897 

0.550134571912444 0.000479604769454072 5.52679194667569e-05 0.449330555398635 
0.000206514939598473 0.590794241783964 0.408955211615527 4.40316609101327e-05 
4.40316609101327e-05 0.408955211615527 0.590794241783964 0.000206514939598473 
0.449330555398635 5.52679194667569e-05 0.000479604769454072 0.550134571912444 

0.367333584250626 0.252190388520636 0.162491179223979 0.217984848004759 
0.0391260789104524 0.516597967142172 0.105652371120079 0.338623582827296 
0.338623582827296 0.105652371120079 0.516597967142172 0.0391260789104524 
0.217984848004759 0.162491179223979 0.252190388520636 0.367333584250626 

0.471860646299882 0.000729822235316341 0.0782555921892862 0.449153939275516 
0.226986800495858 0.605562147572638 0.155102095290059 0.0123489566414454 
0.0123489566414454 0.155102095290059 0.605562147572638 0.226986800495858 
0.449153939275516 0.0782555921892862 0.000729822235316341 0.471860646299882 

0.484707370654303 0.0652311380613384 0.0866262717048563 0.363435219579502 
0.00933984836986052 0.540829515989531 0.293699737724397 0.156130897916212 
0.156130897916212 0.293699737724397 0.540829515989531 0.00933984836986052 
0.363435219579502 0.0866262717048563 0.0652311380613384 0.484707370654303 

0.897985562908429 0.0263837594689338 0.025468724116489 0.0501619535061484 
0.736113321596461 0.175651839453796 0.0520375912035673 0.0361972477461758 
0.0361972477461758 0.0520375912035673 0.175651839453796 0.736113321596461 
0.0501619535061484 0.025468724116489 0.0263837594689338 0.897985562908429 

0.762491028907776 0.0419965922222723 0.0232514627212393 0.172260916148712 
0.00027185072222452 0.48112060825696 0.44742754572433 0.0711799952964853 
0.0711799952964853 0.44742754572433 0.48112060825696 0.00027185072222452 
0.172260916148712 0.0232514627212393 0.0419965922222723 0.762491028907776 

0.294698651558775 0.403586733214028 0.0868481513450456 0.214866463882152 
0.00176108320283145 0.723363550389672 0.272346573538492 0.00252879286900439 
0.00252879286900439 0.272346573538492 0.723363550389672 0.00176108320283145 
0.214866463882152 0.0868481513450456 0.403586733214028 0.294698651558775 

0.514629387980288 0.0781433488148319 0.32578710638668 0.0814401568182002 
0.339552778879688 0.418235189015727 0.082066066772365 0.16014596533222 
0.16014596533222 0.082066066772365 0.418235189015727 0.339552778879688 
0.0814401568182002 0.32578710638668 0.0781433488148319 0.514629387980288 


