4 14

0.448605021694675 0.0513949783053249 0.0513949783053249 0.448605021694675 

0.884759819279063 0.00190974245096077 0.0971304127347344 0.0162000255352414 
0.403938295271489 0.431307622083547 0.153915490904802 0.0108385917401621 
0.0108385917401621 0.153915490904802 0.431307622083547 0.403938295271489 
0.0162000255352414 0.0971304127347344 0.00190974245096077 0.884759819279063 

0.713715677172458 0.00607910484488847 0.261872357394497 0.0183328605881566 
0.456284767035886 0.541267284945888 0.00197517288509758 0.00047277513312835 
0.00047277513312835 0.00197517288509758 0.541267284945888 0.456284767035886 
0.0183328605881566 0.261872357394497 0.00607910484488847 0.713715677172458 

0.495036702186189 0.0276123643451946 0.00619466781532683 0.471156265653289 
0.0321567265867818 0.866883006884873 0.00986674109667945 0.0910935254316656 
0.0910935254316656 0.00986674109667945 0.866883006884873 0.0321567265867818 
0.471156265653289 0.00619466781532683 0.0276123643451946 0.495036702186189 

0.549606008976389 0.045929009262877 0.00304669006141253 0.401418291699322 
0.0972298949692815 0.507390940638269 0.340435058856787 0.0549441055356622 
0.0549441055356622 0.340435058856787 0.507390940638269 0.0972298949692815 
0.401418291699322 0.00304669006141253 0.045929009262877 0.549606008976389 

0.412637213756985 0.00278844644160059 0.467618036456068 0.116956303345346 
0.00598132592503995 0.552634032992632 0.438442902714155 0.0029417383681736 
0.0029417383681736 0.438442902714155 0.552634032992632 0.00598132592503995 
0.116956303345346 0.467618036456068 0.00278844644160059 0.412637213756985 

0.634543751697343 0.000861807288697898 0.0812468436784367 0.283347597335523 
0.11919460278852 0.319905204535286 0.00372964302676115 0.557170549649433 
0.557170549649433 0.00372964302676115 0.319905204535286 0.11919460278852 
0.283347597335523 0.0812468436784367 0.000861807288697898 0.634543751697343 

0.417228032237518 0.230468329167451 0.130026564478807 0.222277074116225 
0.0159170119387626 0.57135817417855 0.412546059945742 0.000178753936945289 
0.000178753936945289 0.412546059945742 0.57135817417855 0.0159170119387626 
0.222277074116225 0.130026564478807 0.230468329167451 0.417228032237518 

0.335333059507102 0.2969340628926 0.119874687334908 0.247858190265391 
0.00514388988921909 0.626978989511697 0.319360510153024 0.0485166104460601 
0.0485166104460601 0.319360510153024 0.626978989511697 0.00514388988921909 
0.247858190265391 0.119874687334908 0.2969340628926 0.335333059507102 

0.898591333291921 0.000799071924045074 0.000607264466858965 0.100002330317175 
0.286341815399513 0.163438736543974 0.0603583100305368 0.489861138025976 
0.489861138025976 0.0603583100305368 0.163438736543974 0.286341815399513 
0.100002330317175 0.000607264466858965 0.000799071924045074 0.898591333291921 

0.231645271270017 0.0715389483103698 0.496565368497676 0.200250411921938 
0.132141636944913 0.571290717258928 0.290441341376061 0.00612630442009754 
0.00612630442009754 0.290441341376061 0.571290717258928 0.132141636944913 
0.200250411921938 0.496565368497676 0.0715389483103698 0.231645271270017 

0.428734875560767 0.205915295934193 0.0403599286647588 0.324989899840281 
0.016437992203181 0.620416498167282 0.359438469478092 0.00370704015144492 
0.00370704015144492 0.359438469478092 0.620416498167282 0.016437992203181 
0.324989899840281 0.0403599286647588 0.205915295934193 0.428734875560767 

0.591259151412106 0.0286635991177541 0.111621409053142 0.268455840416998 
0.24479070114309 0.364847414351943 0.293202239915544 0.0971596445894236 
0.0971596445894236 0.293202239915544 0.364847414351943 0.24479070114309 
0.268455840416998 0.111621409053142 0.0286635991177541 0.591259151412106 

0.196408742674791 0.0548483305909788 0.668602799431828 0.0801401273024027 
0.0654635228974113 0.719035908780505 0.202715143482477 0.012785424839607 
0.012785424839607 0.202715143482477 0.719035908780505 0.0654635228974113 
0.0801401273024027 0.668602799431828 0.0548483305909788 0.196408742674791 

0.992343237007062 0.00397921090331959 0.000597031939096277 0.0030805201505224 
0.142619927076396 0.137374328589464 0.00289862773521146 0.717107116598928 
0.717107116598928 0.00289862773521146 0.137374328589464 0.142619927076396 
0.0030805201505224 0.000597031939096277 0.00397921090331959 0.992343237007062 


