4 14

0.165124926716089 0.334875073283911 0.334875073283911 0.165124926716089 

0.919105480439387 0.000247655855588272 0.0011539488098753 0.0794929148951491 
0.0962138728006393 0.53470538100552 0.352907672194265 0.0161730739995764 
0.0161730739995764 0.352907672194265 0.53470538100552 0.0962138728006393 
0.0794929148951491 0.0011539488098753 0.000247655855588272 0.919105480439387 

0.640713704223592 0.341397830583934 0.00212035535663954 0.0157681098358343 
0.00571964555400915 0.596121030505051 0.238866122130269 0.15929320181067 
0.15929320181067 0.238866122130269 0.596121030505051 0.00571964555400915 
0.0157681098358343 0.00212035535663954 0.341397830583934 0.640713704223592 

0.484617739895481 0.0472268439757549 0.139027913442724 0.329127502686041 
0.111006697016743 0.487466035758424 0.238795252922319 0.162732014302515 
0.162732014302515 0.238795252922319 0.487466035758424 0.111006697016743 
0.329127502686041 0.139027913442724 0.0472268439757549 0.484617739895481 

0.532653487065781 0.022106888902323 0.000135609742363796 0.445104014289533 
0.000631366030229577 0.499347986266833 0.277836801605438 0.222183846097499 
0.222183846097499 0.277836801605438 0.499347986266833 0.000631366030229577 
0.445104014289533 0.000135609742363796 0.022106888902323 0.532653487065781 

0.531617830896879 0.0503721772445094 0.243754762084294 0.174255229774317 
0.0237466559184052 0.480576996189494 0.206605428007897 0.289070919884204 
0.289070919884204 0.206605428007897 0.480576996189494 0.0237466559184052 
0.174255229774317 0.243754762084294 0.0503721772445094 0.531617830896879 

0.663694723049333 0.148636073252896 0.00559023192115163 0.18207897177662 
0.118049683378668 0.479631851891239 0.394145341630562 0.0081731230995308 
0.0081731230995308 0.394145341630562 0.479631851891239 0.118049683378668 
0.18207897177662 0.00559023192115163 0.148636073252896 0.663694723049333 

0.632287015357651 0.11794069944813 0.213578890066487 0.0361933951277317 
0.304988238644113 0.349059940717463 0.288257806768333 0.0576940138700905 
0.0576940138700905 0.288257806768333 0.349059940717463 0.304988238644113 
0.0361933951277317 0.213578890066487 0.11794069944813 0.632287015357651 

0.454926835745633 0.0367392411409479 0.122193090882939 0.38614083223048 
0.0443320529631455 0.635621798220104 0.267335677028151 0.0527104717885996 
0.0527104717885996 0.267335677028151 0.635621798220104 0.0443320529631455 
0.38614083223048 0.122193090882939 0.0367392411409479 0.454926835745633 

0.393134029296632 0.603752010245187 0.000210836757303712 0.00290312370087692 
0.000109922268712009 0.634114283440621 0.00980392493431481 0.355971869356352 
0.355971869356352 0.00980392493431481 0.634114283440621 0.000109922268712009 
0.00290312370087692 0.000210836757303712 0.603752010245187 0.393134029296632 

0.787562523622543 0.110355023989602 0.0034518785467889 0.098630573841066 
0.00591892725146224 0.495064125106037 0.467690746131937 0.0313262015105639 
0.0313262015105639 0.467690746131937 0.495064125106037 0.00591892725146224 
0.098630573841066 0.0034518785467889 0.110355023989602 0.787562523622543 

0.691677185621367 0.000351956883379351 0.00010081563366166 0.307870041861592 
0.00131203910951162 0.503699108031006 0.453865858947666 0.041122993911817 
0.041122993911817 0.453865858947666 0.503699108031006 0.00131203910951162 
0.307870041861592 0.00010081563366166 0.000351956883379351 0.691677185621367 

0.540615551054733 0.131595777960499 0.0834515387927264 0.244337132192042 
0.454391993015017 0.387107271062079 0.0357942686101784 0.122706467312726 
0.122706467312726 0.0357942686101784 0.387107271062079 0.454391993015017 
0.244337132192042 0.0834515387927264 0.131595777960499 0.540615551054733 

0.231024129909199 0.766094248335218 0.00201447786648373 0.000867143889099753 
0.00118286659083967 0.795221124517639 0.0329544414032394 0.170641567488282 
0.170641567488282 0.0329544414032394 0.795221124517639 0.00118286659083967 
0.000867143889099753 0.00201447786648373 0.766094248335218 0.231024129909199 

0.488622014234416 0.0503766290367178 0.0645014880692197 0.396499868659647 
0.131283640099319 0.536388883971059 0.244574304294555 0.0877531716350677 
0.0877531716350677 0.244574304294555 0.536388883971059 0.131283640099319 
0.396499868659647 0.0645014880692197 0.0503766290367178 0.488622014234416 


