4 14

0.312582536716945 0.187417463283055 0.187417463283055 0.312582536716945 

0.651731179335994 0.0641372074648436 0.182756710717321 0.101374902481842 
0.0181381728478609 0.644291320205663 0.0887570952162893 0.248813411730187 
0.248813411730187 0.0887570952162893 0.644291320205663 0.0181381728478609 
0.101374902481842 0.182756710717321 0.0641372074648436 0.651731179335994 

0.96991008730516 0.00512073852786322 0.0194068471457792 0.0055623270211973 
0.236885481635258 0.457718991107194 0.25725823104518 0.0481372962123688 
0.0481372962123688 0.25725823104518 0.457718991107194 0.236885481635258 
0.0055623270211973 0.0194068471457792 0.00512073852786322 0.96991008730516 

0.319068094970939 0.659548232377242 0.0146316793745253 0.00675199327729345 
0.0527483782008538 0.719094042994558 0.0110792737137521 0.217078305090836 
0.217078305090836 0.0110792737137521 0.719094042994558 0.0527483782008538 
0.00675199327729345 0.0146316793745253 0.659548232377242 0.319068094970939 

0.428722253463568 0.140959213032165 0.0161937096726547 0.414124823831613 
0.0198183527231913 0.80694234672726 0.0279613470109356 0.145277953538613 
0.145277953538613 0.0279613470109356 0.80694234672726 0.0198183527231913 
0.414124823831613 0.0161937096726547 0.140959213032165 0.428722253463568 

0.530141027362998 0.00404462423488235 0.0300743464754222 0.435740001926698 
0.323970905863554 0.437559349458199 0.167471633426655 0.0709981112515916 
0.0709981112515916 0.167471633426655 0.437559349458199 0.323970905863554 
0.435740001926698 0.0300743464754222 0.00404462423488235 0.530141027362998 

0.508021136667755 0.000754701065457 0.00611416784378033 0.485109994423008 
0.0208790857389121 0.898256011120527 0.080374353331636 0.000490549808924635 
0.000490549808924635 0.080374353331636 0.898256011120527 0.0208790857389121 
0.485109994423008 0.00611416784378033 0.000754701065457 0.508021136667755 

0.206796054702575 0.166502762567782 0.503911747276581 0.122789435453061 
0.0438732020948363 0.787911690329164 0.162500100720091 0.00571500685590825 
0.00571500685590825 0.162500100720091 0.787911690329164 0.0438732020948363 
0.122789435453061 0.503911747276581 0.166502762567782 0.206796054702575 

0.542671408975273 0.0199583358987986 0.0012495234362766 0.436120731689652 
0.185407252418636 0.456420801795859 0.174060438720368 0.184111507065137 
0.184111507065137 0.174060438720368 0.456420801795859 0.185407252418636 
0.436120731689652 0.0012495234362766 0.0199583358987986 0.542671408975273 

0.808727631437282 0.0493180182350631 0.0128006089818162 0.129153741345839 
0.197522216132001 0.399124346080281 0.352153590690748 0.0511998470969701 
0.0511998470969701 0.352153590690748 0.399124346080281 0.197522216132001 
0.129153741345839 0.0128006089818162 0.0493180182350631 0.808727631437282 

0.505828631561955 0.00433056426757434 0.00757161060472327 0.482269193565748 
7.58832506713369e-05 0.893380017170732 0.106527132688771 1.69668898257547e-05 
1.69668898257547e-05 0.106527132688771 0.893380017170732 7.58832506713369e-05 
0.482269193565748 0.00757161060472327 0.00433056426757434 0.505828631561955 

0.381987977957943 0.0366902385592303 0.290150037490835 0.291171745991992 
0.158234888770675 0.514394097116727 0.239838802258739 0.0875322118538584 
0.0875322118538584 0.239838802258739 0.514394097116727 0.158234888770675 
0.291171745991992 0.290150037490835 0.0366902385592303 0.381987977957943 

0.818358036099646 0.000998022723872019 0.0525244675189986 0.128119473657484 
0.792509280218745 0.16833825802143 0.00669078359954985 0.0324616781602746 
0.0324616781602746 0.00669078359954985 0.16833825802143 0.792509280218745 
0.128119473657484 0.0525244675189986 0.000998022723872019 0.818358036099646 

0.454639719774175 0.10336096182065 0.0131213993206147 0.428877919084561 
0.0012578671897549 0.684786696985726 0.186015261401467 0.127940174423052 
0.127940174423052 0.186015261401467 0.684786696985726 0.0012578671897549 
0.428877919084561 0.0131213993206147 0.10336096182065 0.454639719774175 

0.802497575543754 0.0552055445377136 0.0062655025229648 0.136031377395568 
0.0589199611466481 0.472528558464822 0.438075410001568 0.0304760703869624 
0.0304760703869624 0.438075410001568 0.472528558464822 0.0589199611466481 
0.136031377395568 0.0062655025229648 0.0552055445377136 0.802497575543754 


