4 14

0.360402849502861 0.139597150497139 0.139597150497139 0.360402849502861 

0.644531784899971 0.327490385594878 0.0136399613414747 0.0143378681636769 
0.20601684996375 0.682722698240336 0.0985177033053207 0.0127427484905927 
0.0127427484905927 0.0985177033053207 0.682722698240336 0.20601684996375 
0.0143378681636769 0.0136399613414747 0.327490385594878 0.644531784899971 

0.674523052251608 0.0163492213844454 0.303099761009431 0.00602796535451483 
0.367520981331691 0.565905445521975 0.0599209553548133 0.00665261779152052 
0.00665261779152052 0.0599209553548133 0.565905445521975 0.367520981331691 
0.00602796535451483 0.303099761009431 0.0163492213844454 0.674523052251608 

0.383181421044365 0.0774790137166025 0.196830918544059 0.342508646694973 
0.0234908242210627 0.780144864062349 0.192362156559261 0.00400215515732728 
0.00400215515732728 0.192362156559261 0.780144864062349 0.0234908242210627 
0.342508646694973 0.196830918544059 0.0774790137166025 0.383181421044365 

0.904920373297734 0.023193238428682 0.000684839369028989 0.0712015489045546 
0.0030915775532569 0.378844941810442 0.354919073788483 0.263144406847817 
0.263144406847817 0.354919073788483 0.378844941810442 0.0030915775532569 
0.0712015489045546 0.000684839369028989 0.023193238428682 0.904920373297734 

0.383603821191261 0.0369497714062632 0.228003564624238 0.351442842778238 
0.115388795276931 0.764416675756143 0.0578774650448831 0.0623170639220431 
0.0623170639220431 0.0578774650448831 0.764416675756143 0.115388795276931 
0.351442842778238 0.228003564624238 0.0369497714062632 0.383603821191261 

0.453644114344947 0.0045333420669488 0.0956072358487548 0.446215307739349 
0.263913310542182 0.72239124071391 0.0098276210521363 0.00386782769177199 
0.00386782769177199 0.0098276210521363 0.72239124071391 0.263913310542182 
0.446215307739349 0.0956072358487548 0.0045333420669488 0.453644114344947 

0.503993973342551 9.23764532869756e-05 0.0807101856458243 0.415203464558338 
0.0887364063856769 0.539661107160072 0.370464609290069 0.00113787716418162 
0.00113787716418162 0.370464609290069 0.539661107160072 0.0887364063856769 
0.415203464558338 0.0807101856458243 9.23764532869756e-05 0.503993973342551 

0.360333508835826 0.209976675789258 0.105070800911658 0.324619014463259 
0.000696902479420752 0.66098217853356 0.164655003914181 0.173665915072838 
0.173665915072838 0.164655003914181 0.66098217853356 0.000696902479420752 
0.324619014463259 0.105070800911658 0.209976675789258 0.360333508835826 

0.529981150711065 0.0153421090578534 0.000141211588079605 0.454535528643002 
0.0160690976955593 0.517654062923003 0.230602838120606 0.235674001260832 
0.235674001260832 0.230602838120606 0.517654062923003 0.0160690976955593 
0.454535528643002 0.000141211588079605 0.0153421090578534 0.529981150711065 

0.35450098165975 0.0514506802181723 0.402872329196346 0.191176008925731 
0.00343554393663755 0.65917951863968 0.260704230815856 0.0766807066078271 
0.0766807066078271 0.260704230815856 0.65917951863968 0.00343554393663755 
0.191176008925731 0.402872329196346 0.0514506802181723 0.35450098165975 

0.455046736647321 0.223575152021843 0.00677762847217137 0.314600482858665 
0.166351511857587 0.652131723819561 0.180448448411171 0.0010683159116817 
0.0010683159116817 0.180448448411171 0.652131723819561 0.166351511857587 
0.314600482858665 0.00677762847217137 0.223575152021843 0.455046736647321 

0.638122619254655 0.0536579641410555 0.0187132612395639 0.289506155364725 
0.402485186989829 0.338952633656026 0.190486052962483 0.068076126391662 
0.068076126391662 0.190486052962483 0.338952633656026 0.402485186989829 
0.289506155364725 0.0187132612395639 0.0536579641410555 0.638122619254655 

0.547336904786028 0.149566019748692 0.0828017494838065 0.220295325981474 
0.128923209693309 0.471977569837587 0.360228528361188 0.038870692107917 
0.038870692107917 0.360228528361188 0.471977569837587 0.128923209693309 
0.220295325981474 0.0828017494838065 0.149566019748692 0.547336904786028 

0.477636801077754 0.264867698635802 0.159100510685537 0.0983949896009075 
0.109297728602578 0.410940976912918 0.216714857702334 0.26304643678217 
0.26304643678217 0.216714857702334 0.410940976912918 0.109297728602578 
0.0983949896009075 0.159100510685537 0.264867698635802 0.477636801077754 


