4 14

0.0974716326454654 0.402528367354535 0.402528367354535 0.0974716326454654 

0.808986060290778 0.00477472213623509 0.123148388005933 0.0630908295670535 
0.0072507856248114 0.568991313205836 0.310985614200374 0.112772286968979 
0.112772286968979 0.310985614200374 0.568991313205836 0.0072507856248114 
0.0630908295670535 0.123148388005933 0.00477472213623509 0.808986060290778 

0.688067794810131 0.013926030388985 0.0896484366986309 0.208357738102253 
0.034567673524215 0.642494280147018 0.317884073768142 0.0050539725606245 
0.0050539725606245 0.317884073768142 0.642494280147018 0.034567673524215 
0.208357738102253 0.0896484366986309 0.013926030388985 0.688067794810131 

0.666385479029888 0.15777899504806 0.107901230315097 0.0679342956069552 
0.0564919006075959 0.437173024668631 0.38762037707945 0.118714697644323 
0.118714697644323 0.38762037707945 0.437173024668631 0.0564919006075959 
0.0679342956069552 0.107901230315097 0.15777899504806 0.666385479029888 

0.426811058657426 0.171003790359117 0.0205928408368307 0.381592310146626 
0.108500253644221 0.59017944761247 0.0949756848816394 0.206344613861669 
0.206344613861669 0.0949756848816394 0.59017944761247 0.108500253644221 
0.381592310146626 0.0205928408368307 0.171003790359117 0.426811058657426 

0.414540391311405 0.0224276292176739 0.211162641148474 0.351869338322447 
0.00138856768000885 0.715102751339491 0.262219110350108 0.0212895706303921 
0.0212895706303921 0.262219110350108 0.715102751339491 0.00138856768000885 
0.351869338322447 0.211162641148474 0.0224276292176739 0.414540391311405 

0.810815393567955 0.0159873460689932 0.0297464078569988 0.143450852506053 
0.242426947437947 0.344445221513124 0.301407892119562 0.111719938929367 
0.111719938929367 0.301407892119562 0.344445221513124 0.242426947437947 
0.143450852506053 0.0297464078569988 0.0159873460689932 0.810815393567955 

0.660660744459648 0.186846769691885 0.0178070969132001 0.134685388935266 
0.254100351636266 0.433708059787061 0.291751347964799 0.0204402406118749 
0.0204402406118749 0.291751347964799 0.433708059787061 0.254100351636266 
0.134685388935266 0.0178070969132001 0.186846769691885 0.660660744459648 

0.539334316275886 0.0259679296244249 0.434214754991197 0.000482999108492199 
0.491437775874807 0.481219827492061 0.0200148263084258 0.00732757032470632 
0.00732757032470632 0.0200148263084258 0.481219827492061 0.491437775874807 
0.000482999108492199 0.434214754991197 0.0259679296244249 0.539334316275886 

0.17339599925528 0.146714582256675 0.623966692443947 0.0559227260440986 
0.0148828863822324 0.871905294905102 0.0994410626689246 0.0137707560437411 
0.0137707560437411 0.0994410626689246 0.871905294905102 0.0148828863822324 
0.0559227260440986 0.623966692443947 0.146714582256675 0.17339599925528 

0.451388271827014 0.0176311908397106 0.10223316495294 0.428747372380336 
0.00849068930635947 0.945588088279219 0.0450516016554321 0.000869620758989627 
0.000869620758989627 0.0450516016554321 0.945588088279219 0.00849068930635947 
0.428747372380336 0.10223316495294 0.0176311908397106 0.451388271827014 

0.500265854494631 0.127921438317801 0.0331758547446355 0.338636852442933 
0.358310613088025 0.528819877719555 0.0848184124584849 0.0280510967339354 
0.0280510967339354 0.0848184124584849 0.528819877719555 0.358310613088025 
0.338636852442933 0.0331758547446355 0.127921438317801 0.500265854494631 

0.255274521844383 0.519793407097136 0.0211019767642345 0.203830094294246 
0.011819774250117 0.800642921186271 0.153613700825093 0.0339236037385184 
0.0339236037385184 0.153613700825093 0.800642921186271 0.011819774250117 
0.203830094294246 0.0211019767642345 0.519793407097136 0.255274521844383 

0.523615293099084 0.0417475438800286 0.000513156296314026 0.434124006724573 
0.00162906579020254 0.606479060735236 0.391712092068708 0.000179781405853466 
0.000179781405853466 0.391712092068708 0.606479060735236 0.00162906579020254 
0.434124006724573 0.000513156296314026 0.0417475438800286 0.523615293099084 

0.868237651687636 0.0201662757427195 0.0140941995559783 0.0975018730136658 
0.0104805891295783 0.504701313139617 0.47964723591471 0.0051708618160951 
0.0051708618160951 0.47964723591471 0.504701313139617 0.0104805891295783 
0.0975018730136658 0.0140941995559783 0.0201662757427195 0.868237651687636 


