4 14

0.043674441287294 0.456325558712706 0.456325558712706 0.043674441287294 

0.918762696082655 0.00315890413600214 0.0072449700259967 0.0708334297553457 
0.385867327883195 0.42687028234855 0.143478586118772 0.0437838036494826 
0.0437838036494826 0.143478586118772 0.42687028234855 0.385867327883195 
0.0708334297553457 0.0072449700259967 0.00315890413600214 0.918762696082655 

0.480294115568509 0.00822043407172057 0.491648805495364 0.019836644864406 
0.136901862809693 0.814683391645747 0.00887083046122067 0.0395439150833388 
0.0395439150833388 0.00887083046122067 0.814683391645747 0.136901862809693 
0.019836644864406 0.491648805495364 0.00822043407172057 0.480294115568509 

0.436836383293751 0.123659102297284 0.0819906087604273 0.357513905648538 
0.0785865583951039 0.557474814833328 0.178087250346939 0.185851376424629 
0.185851376424629 0.178087250346939 0.557474814833328 0.0785865583951039 
0.357513905648538 0.0819906087604273 0.123659102297284 0.436836383293751 

0.44009128984364 0.114804381627083 0.0386052901509523 0.406499038378325 
0.0326290822554275 0.715368869095617 0.13006639586785 0.121935652781106 
0.121935652781106 0.13006639586785 0.715368869095617 0.0326290822554275 
0.406499038378325 0.0386052901509523 0.114804381627083 0.44009128984364 

0.665956603374107 0.00283625500840783 0.133936141283277 0.197271000334208 
0.00636046567598707 0.488800044629267 0.414237026783114 0.0906024629116316 
0.0906024629116316 0.414237026783114 0.488800044629267 0.00636046567598707 
0.197271000334208 0.133936141283277 0.00283625500840783 0.665956603374107 

0.701584910962214 0.0601575374914205 0.17976644224005 0.0584911093063155 
0.644219759300047 0.306282802768065 0.0022597028188166 0.0472377351130714 
0.0472377351130714 0.0022597028188166 0.306282802768065 0.644219759300047 
0.0584911093063155 0.17976644224005 0.0601575374914205 0.701584910962214 

0.460275899209614 0.2150890018256 0.298728587264405 0.0259065117003803 
0.285893517158131 0.485476209539395 0.137795272238902 0.0908350010635723 
0.0908350010635723 0.137795272238902 0.485476209539395 0.285893517158131 
0.0259065117003803 0.298728587264405 0.2150890018256 0.460275899209614 

0.503963131600135 0.0343037795588902 0.00299009016628218 0.458742998674693 
0.19151675212235 0.700128637564942 0.0383432923299313 0.0700113179827766 
0.0700113179827766 0.0383432923299313 0.700128637564942 0.19151675212235 
0.458742998674693 0.00299009016628218 0.0343037795588902 0.503963131600135 

0.523227683155896 0.0903735575261933 0.00694644568202226 0.379452313635889 
0.0373596577341679 0.560424017877099 0.394628392436911 0.0075879319518229 
0.0075879319518229 0.394628392436911 0.560424017877099 0.0373596577341679 
0.379452313635889 0.00694644568202226 0.0903735575261933 0.523227683155896 

0.490546418479538 0.062859683945458 0.0158163271656888 0.430777570409315 
0.133220051026404 0.66747917927254 0.179384560264873 0.019916209436183 
0.019916209436183 0.179384560264873 0.66747917927254 0.133220051026404 
0.430777570409315 0.0158163271656888 0.062859683945458 0.490546418479538 

0.38385939118233 0.330407071843212 0.112126244047648 0.17360729292681 
0.0383626788520653 0.54463166484216 0.369442710665467 0.0475629456403071 
0.0475629456403071 0.369442710665467 0.54463166484216 0.0383626788520653 
0.17360729292681 0.112126244047648 0.330407071843212 0.38385939118233 

0.181399755504895 0.000672843961561143 0.709853809159644 0.108073591373899 
0.0512984478771079 0.795702511392224 0.146175480676023 0.00682356005464547 
0.00682356005464547 0.146175480676023 0.795702511392224 0.0512984478771079 
0.108073591373899 0.709853809159644 0.000672843961561143 0.181399755504895 

0.720362767280091 0.0272370588143494 0.0036435591904756 0.248756614715084 
0.00430325120990761 0.509494065017612 0.46915462640484 0.0170480573676404 
0.0170480573676404 0.46915462640484 0.509494065017612 0.00430325120990761 
0.248756614715084 0.0036435591904756 0.0272370588143494 0.720362767280091 

0.366439337710277 0.214285698971969 0.130516317769403 0.288758645548351 
0.0895123482449684 0.632268606020637 0.131078852335469 0.147140193398925 
0.147140193398925 0.131078852335469 0.632268606020637 0.0895123482449684 
0.288758645548351 0.130516317769403 0.214285698971969 0.366439337710277 


