4 14

0.10306457686238 0.39693542313762 0.39693542313762 0.10306457686238 

0.44541008540626 0.235694648153421 0.131002709219235 0.187892557221084 
0.00597107274991425 0.917047846199071 0.0465977100772019 0.0303833709738128 
0.0303833709738128 0.0465977100772019 0.917047846199071 0.00597107274991425 
0.187892557221084 0.131002709219235 0.235694648153421 0.44541008540626 

0.614520281606834 0.00587398183705737 0.000835477542621118 0.378770259013488 
0.182851224749667 0.763917989464101 0.0416820993912316 0.0115486863950003 
0.0115486863950003 0.0416820993912316 0.763917989464101 0.182851224749667 
0.378770259013488 0.000835477542621118 0.00587398183705737 0.614520281606834 

0.606878620969862 0.00662527597395715 0.338476922623594 0.0480191804325876 
0.115362258000307 0.431976483966841 0.407020443183848 0.0456408148490035 
0.0456408148490035 0.407020443183848 0.431976483966841 0.115362258000307 
0.0480191804325876 0.338476922623594 0.00662527597395715 0.606878620969862 

0.500011292689796 0.0710507374556979 0.116495391021188 0.312442578833318 
0.270656513401176 0.410149109602117 0.257164781742795 0.0620295952539123 
0.0620295952539123 0.257164781742795 0.410149109602117 0.270656513401176 
0.312442578833318 0.116495391021188 0.0710507374556979 0.500011292689796 

0.921151229601282 0.0451610266476644 0.000406702414578422 0.0332810413364746 
0.211411125158365 0.396756955748392 0.358711348221586 0.0331205708716571 
0.0331205708716571 0.358711348221586 0.396756955748392 0.211411125158365 
0.0332810413364746 0.000406702414578422 0.0451610266476644 0.921151229601282 

0.52157628220384 0.00881828240231881 0.00340405585539309 0.466201379538448 
0.0107985416679437 0.664210202303625 0.324475124484989 0.000516131543442219 
0.000516131543442219 0.324475124484989 0.664210202303625 0.0107985416679437 
0.466201379538448 0.00340405585539309 0.00881828240231881 0.52157628220384 

0.28982967845497 0.176298415816233 0.44294851170935 0.0909233940194467 
0.0510705908094535 0.583082380593379 0.360525039342678 0.00532198925448982 
0.00532198925448982 0.360525039342678 0.583082380593379 0.0510705908094535 
0.0909233940194467 0.44294851170935 0.176298415816233 0.28982967845497 

0.520612155311153 0.0165920260652439 0.152863379108078 0.309932439515525 
0.0266741881532429 0.513176331581765 0.230391226559534 0.229758253705458 
0.229758253705458 0.230391226559534 0.513176331581765 0.0266741881532429 
0.309932439515525 0.152863379108078 0.0165920260652439 0.520612155311153 

0.18636379307823 0.151445786920742 0.555369107232486 0.106821312768542 
0.035841767866277 0.893414952149262 0.0565749796111026 0.0141683003733583 
0.0141683003733583 0.0565749796111026 0.893414952149262 0.035841767866277 
0.106821312768542 0.555369107232486 0.151445786920742 0.18636379307823 

0.286538705742752 0.286578614599207 0.175827754195019 0.251054925463022 
0.00524184637170404 0.987452872463392 0.0047671692628965 0.00253811190200799 
0.00253811190200799 0.0047671692628965 0.987452872463392 0.00524184637170404 
0.251054925463022 0.175827754195019 0.286578614599207 0.286538705742752 

0.465211556491033 0.0108027368575563 0.0821507112412725 0.441834995410138 
0.000477700578960927 0.938507004669914 0.056133482500406 0.00488181225071913 
0.00488181225071913 0.056133482500406 0.938507004669914 0.000477700578960927 
0.441834995410138 0.0821507112412725 0.0108027368575563 0.465211556491033 

0.470573868631762 4.9924742022027e-05 0.0737395859239138 0.455636620702302 
0.258684059374842 0.651340764444448 0.0898797979450274 9.53782356826471e-05 
9.53782356826471e-05 0.0898797979450274 0.651340764444448 0.258684059374842 
0.455636620702302 0.0737395859239138 4.9924742022027e-05 0.470573868631762 

0.410821325715703 0.0290087299349394 0.17470522142687 0.385464722922488 
0.0514479139443728 0.852681916851557 0.0822578855192667 0.0136122836848035 
0.0136122836848035 0.0822578855192667 0.852681916851557 0.0514479139443728 
0.385464722922488 0.17470522142687 0.0290087299349394 0.410821325715703 

0.716332225541568 0.0831736583070846 0.00381598117321588 0.196678134978131 
0.0302011123945062 0.385380239362193 0.361405756102177 0.223012892141124 
0.223012892141124 0.361405756102177 0.385380239362193 0.0302011123945062 
0.196678134978131 0.00381598117321588 0.0831736583070846 0.716332225541568 


