4 14

0.270020855474286 0.229979144525714 0.229979144525714 0.270020855474286 

0.778745790767085 0.203401512928692 0.0025956516797489 0.0152570446244746 
0.00302718319399733 0.47272912700295 0.097419241766887 0.426824448036166 
0.426824448036166 0.097419241766887 0.47272912700295 0.00302718319399733 
0.0152570446244746 0.0025956516797489 0.203401512928692 0.778745790767085 

0.703105120813533 0.266892671686892 0.000829894630697547 0.0291723128688778 
0.00181189249073238 0.544243168191769 0.00288667085382038 0.451058268463679 
0.451058268463679 0.00288667085382038 0.544243168191769 0.00181189249073238 
0.0291723128688778 0.000829894630697547 0.266892671686892 0.703105120813533 

0.649672644745696 0.0040720452908553 0.075634719380918 0.270620590582531 
0.0497301882762011 0.49753613547128 0.450977236064564 0.00175644018795533 
0.00175644018795533 0.450977236064564 0.49753613547128 0.0497301882762011 
0.270620590582531 0.075634719380918 0.0040720452908553 0.649672644745696 

0.543844961429664 0.124515916554449 0.309726505822297 0.0219126161935891 
0.050618213359379 0.452006812011312 0.256744023730806 0.240630950898502 
0.240630950898502 0.256744023730806 0.452006812011312 0.050618213359379 
0.0219126161935891 0.309726505822297 0.124515916554449 0.543844961429664 

0.512082409569894 0.00256336194230979 0.0426110195451245 0.442743208942672 
0.156770105322022 0.552247439138557 0.109260046771895 0.181722408767526 
0.181722408767526 0.109260046771895 0.552247439138557 0.156770105322022 
0.442743208942672 0.0426110195451245 0.00256336194230979 0.512082409569894 

0.885590440794128 0.00144786374134148 0.00526981349215333 0.107691881972377 
0.0143743315703592 0.492840314559705 0.468115575525171 0.0246697783447649 
0.0246697783447649 0.468115575525171 0.492840314559705 0.0143743315703592 
0.107691881972377 0.00526981349215333 0.00144786374134148 0.885590440794128 

0.254233644797707 0.0048267997152055 0.712763437087439 0.028176118399648 
0.225942337773259 0.768728275861523 0.00404515865835975 0.00128422770685832 
0.00128422770685832 0.00404515865835975 0.768728275861523 0.225942337773259 
0.028176118399648 0.712763437087439 0.0048267997152055 0.254233644797707 

0.588032280483869 0.193606712056835 0.0370046623798985 0.181356345079398 
0.0764524337350025 0.246370226664063 0.165114981315554 0.51206235828538 
0.51206235828538 0.165114981315554 0.246370226664063 0.0764524337350025 
0.181356345079398 0.0370046623798985 0.193606712056835 0.588032280483869 

0.991681500600337 0.000919496321125978 0.000187641919559334 0.00721136115897747 
0.0120240528411862 0.502089736820154 0.483178833695997 0.00270737664266255 
0.00270737664266255 0.483178833695997 0.502089736820154 0.0120240528411862 
0.00721136115897747 0.000187641919559334 0.000919496321125978 0.991681500600337 

0.402510948259522 0.277930271688998 0.0157996949713024 0.303759085080178 
0.00415861052762148 0.567890206038599 0.386389968977367 0.0415612144564122 
0.0415612144564122 0.386389968977367 0.567890206038599 0.00415861052762148 
0.303759085080178 0.0157996949713024 0.277930271688998 0.402510948259522 

0.560993496251144 0.00250085413349293 0.0889108336526659 0.347594815962697 
0.301213111006747 0.358327070652184 0.336372636628203 0.00408718171286646 
0.00408718171286646 0.336372636628203 0.358327070652184 0.301213111006747 
0.347594815962697 0.0889108336526659 0.00250085413349293 0.560993496251144 

0.462423306330596 0.0266071441281928 0.130633485396519 0.380336064144691 
0.00725036229908681 0.627146610496063 0.359358220292659 0.00624480691219155 
0.00624480691219155 0.359358220292659 0.627146610496063 0.00725036229908681 
0.380336064144691 0.130633485396519 0.0266071441281928 0.462423306330596 

0.819374265163794 0.000127726841020255 0.0197707595394095 0.160727248455776 
0.785420895362599 0.166715417206425 0.0453818350129747 0.00248185241800164 
0.00248185241800164 0.0453818350129747 0.166715417206425 0.785420895362599 
0.160727248455776 0.0197707595394095 0.000127726841020255 0.819374265163794 

0.192078953140692 0.597276753733103 0.176887420427766 0.0337568726984387 
0.0248516632567948 0.826136953442399 0.0847912101516263 0.0642201731491795 
0.0642201731491795 0.0847912101516263 0.826136953442399 0.0248516632567948 
0.0337568726984387 0.176887420427766 0.597276753733103 0.192078953140692 


