4 14

0.247483048005961 0.252516951994039 0.252516951994039 0.247483048005961 

0.819487653028694 0.147280375621087 0.0122007263692079 0.0210312449810102 
0.000186495730316894 0.588200014192671 0.384312880189382 0.0273006098876294 
0.0273006098876294 0.384312880189382 0.588200014192671 0.000186495730316894 
0.0210312449810102 0.0122007263692079 0.147280375621087 0.819487653028694 

0.976930523850207 0.000571011529791935 0.00599270042318163 0.0165057641968195 
0.607399737759501 0.377001539651587 0.00184242939780493 0.0137562931911067 
0.0137562931911067 0.00184242939780493 0.377001539651587 0.607399737759501 
0.0165057641968195 0.00599270042318163 0.000571011529791935 0.976930523850207 

0.448285761121805 0.00347713882725736 0.168989441259291 0.379247658791647 
0.00135278980876466 0.768898072539779 0.110255063405971 0.119494074245485 
0.119494074245485 0.110255063405971 0.768898072539779 0.00135278980876466 
0.379247658791647 0.168989441259291 0.00347713882725736 0.448285761121805 

0.780112360820379 0.00227307622330578 0.00326857974328362 0.214345983213032 
0.00206620675524618 0.511798014677619 0.478929013110396 0.0072067654567388 
0.0072067654567388 0.478929013110396 0.511798014677619 0.00206620675524618 
0.214345983213032 0.00326857974328362 0.00227307622330578 0.780112360820379 

0.691056427778426 0.00325071689867225 0.0216721938390581 0.284020661483844 
0.129264850837193 0.292606750609998 0.179899453092971 0.398228945459838 
0.398228945459838 0.179899453092971 0.292606750609998 0.129264850837193 
0.284020661483844 0.0216721938390581 0.00325071689867225 0.691056427778426 

0.499530856986052 0.000742634243663189 0.02157946758438 0.478147041185905 
0.0240020653005927 0.927382818606131 0.0442346908029049 0.00438042529037138 
0.00438042529037138 0.0442346908029049 0.927382818606131 0.0240020653005927 
0.478147041185905 0.02157946758438 0.000742634243663189 0.499530856986052 

0.410873241322903 0.0196612236122656 0.20655483125615 0.362910703808682 
0.0336749309193386 0.831757746070068 0.049758098912378 0.0848092240982152 
0.0848092240982152 0.049758098912378 0.831757746070068 0.0336749309193386 
0.362910703808682 0.20655483125615 0.0196612236122656 0.410873241322903 

0.682948262425691 0.230175543956236 0.0686698155018237 0.0182063781162498 
0.128691456556616 0.45457930025852 0.380702440403128 0.0360268027817361 
0.0360268027817361 0.380702440403128 0.45457930025852 0.128691456556616 
0.0182063781162498 0.0686698155018237 0.230175543956236 0.682948262425691 

0.573131924143685 0.419303821609167 0.00453286414393114 0.00303139010321668 
0.00615021996887016 0.456365769471376 0.00606395744691129 0.531420053112843 
0.531420053112843 0.00606395744691129 0.456365769471376 0.00615021996887016 
0.00303139010321668 0.00453286414393114 0.419303821609167 0.573131924143685 

0.969806122097694 0.00143809647202449 0.0255499636294182 0.00320581780086299 
0.756309263255711 0.15211726632921 0.0767558748645069 0.0148175955505722 
0.0148175955505722 0.0767558748645069 0.15211726632921 0.756309263255711 
0.00320581780086299 0.0255499636294182 0.00143809647202449 0.969806122097694 

0.536245842595726 0.00148809511895283 0.0856962131958374 0.376569849089484 
0.0605030279437304 0.489062825659967 0.188804185858933 0.26162996053737 
0.26162996053737 0.188804185858933 0.489062825659967 0.0605030279437304 
0.376569849089484 0.0856962131958374 0.00148809511895283 0.536245842595726 

0.55489456990598 0.00134215371576723 0.0138377708558303 0.429925505522423 
0.0218862835743503 0.536155923373354 0.365316376396946 0.0766414166553497 
0.0766414166553497 0.365316376396946 0.536155923373354 0.0218862835743503 
0.429925505522423 0.0138377708558303 0.00134215371576723 0.55489456990598 

0.53665328592187 0.000454408491739061 0.00157848175515518 0.461313823831236 
0.0968665583040042 0.50424345361798 0.0919389286314709 0.306951059446545 
0.306951059446545 0.0919389286314709 0.50424345361798 0.0968665583040042 
0.461313823831236 0.00157848175515518 0.000454408491739061 0.53665328592187 

0.405245693743211 0.0362423604689071 0.369309034453921 0.18920291133396 
0.00295843194604224 0.568273199272224 0.427829373955891 0.000938994825842636 
0.000938994825842636 0.427829373955891 0.568273199272224 0.00295843194604224 
0.18920291133396 0.369309034453921 0.0362423604689071 0.405245693743211 


