4 14

0.339063075487502 0.160936924512498 0.160936924512498 0.339063075487502 

0.98881319842527 0.000587048678520427 0.000967446769641126 0.00963230612656801 
0.204027749230489 0.454928321634638 0.261689266940242 0.0793546621946312 
0.0793546621946312 0.261689266940242 0.454928321634638 0.204027749230489 
0.00963230612656801 0.000967446769641126 0.000587048678520427 0.98881319842527 

0.522617124665161 0.199275774460451 0.0914319711450318 0.186675129729356 
0.00329941889956573 0.762688225211736 0.0579634383739501 0.176048917514748 
0.176048917514748 0.0579634383739501 0.762688225211736 0.00329941889956573 
0.186675129729356 0.0914319711450318 0.199275774460451 0.522617124665161 

0.741434289836795 0.0623936645030756 0.00448275215646586 0.191689293503664 
1.56142354816315e-05 0.517746135467524 0.482051994867378 0.000186255429615534 
0.000186255429615534 0.482051994867378 0.517746135467524 1.56142354816315e-05 
0.191689293503664 0.00448275215646586 0.0623936645030756 0.741434289836795 

0.787455478952353 4.31491935929396e-05 0.121502225466068 0.0909991463879863 
0.554850160797581 0.199698146429619 0.0418932838122616 0.203558408960539 
0.203558408960539 0.0418932838122616 0.199698146429619 0.554850160797581 
0.0909991463879863 0.121502225466068 4.31491935929396e-05 0.787455478952353 

0.690145634607331 0.189607108258243 0.0632091352051738 0.0570381219292518 
0.0100808764725426 0.240596994467695 0.178922740072187 0.570399388987575 
0.570399388987575 0.178922740072187 0.240596994467695 0.0100808764725426 
0.0570381219292518 0.0632091352051738 0.189607108258243 0.690145634607331 

0.325308305162544 0.0177372704194116 0.636216287034251 0.0207381373837929 
0.293341956602359 0.653926675720069 0.0503733675749405 0.00235800010263126 
0.00235800010263126 0.0503733675749405 0.653926675720069 0.293341956602359 
0.0207381373837929 0.636216287034251 0.0177372704194116 0.325308305162544 

0.374821098859927 0.312959290219351 0.0535470791532934 0.258672531767429 
0.14907950202588 0.644610973858556 0.114747199997272 0.0915623241182923 
0.0915623241182923 0.114747199997272 0.644610973858556 0.14907950202588 
0.258672531767429 0.0535470791532934 0.312959290219351 0.374821098859927 

0.382028478456047 0.310429434498756 0.246458817449971 0.0610832695952261 
0.0205796269956878 0.540073608049026 0.393637853990581 0.0457089109647052 
0.0457089109647052 0.393637853990581 0.540073608049026 0.0205796269956878 
0.0610832695952261 0.246458817449971 0.310429434498756 0.382028478456047 

0.20154988295202 3.58315409261234e-05 0.798024786219727 0.000389499287326261 
0.13722421062023 0.862708064172109 6.50648446796631e-05 2.66036298096628e-06 
2.66036298096628e-06 6.50648446796631e-05 0.862708064172109 0.13722421062023 
0.000389499287326261 0.798024786219727 3.58315409261234e-05 0.20154988295202 

0.51299610039068 0.0174564048093565 0.191912231748734 0.27763526305123 
0.00214301344900366 0.54494711071854 0.41297544249017 0.0399344333422867 
0.0399344333422867 0.41297544249017 0.54494711071854 0.00214301344900366 
0.27763526305123 0.191912231748734 0.0174564048093565 0.51299610039068 

0.509198008851254 0.00237217438638537 0.0132664833434081 0.475163333418952 
0.146418217814574 0.72470658650332 0.123663266535469 0.00521192914663636 
0.00521192914663636 0.123663266535469 0.72470658650332 0.146418217814574 
0.475163333418952 0.0132664833434081 0.00237217438638537 0.509198008851254 

0.559922750114294 0.134647674790328 0.0869128436426151 0.218516731452763 
0.0813975514123678 0.320173709672224 0.16736222441633 0.431066514499078 
0.431066514499078 0.16736222441633 0.320173709672224 0.0813975514123678 
0.218516731452763 0.0869128436426151 0.134647674790328 0.559922750114294 

0.537137212421772 0.00613746273443927 0.227360155829088 0.229365169014701 
0.0729906394917552 0.479764966970512 0.441974535807187 0.00526985773054579 
0.00526985773054579 0.441974535807187 0.479764966970512 0.0729906394917552 
0.229365169014701 0.227360155829088 0.00613746273443927 0.537137212421772 

0.688097968600611 0.00321439165106015 0.0256525856478553 0.283035054100474 
0.0180917428968106 0.431155976541725 0.362623187540674 0.18812909302079 
0.18812909302079 0.362623187540674 0.431155976541725 0.0180917428968106 
0.283035054100474 0.0256525856478553 0.00321439165106015 0.688097968600611 


