4 14

0.357490785652772 0.142509214347228 0.142509214347228 0.357490785652772 

0.698652325133593 0.00145566957587964 5.71651712834863e-05 0.299834840119244 
0.000166934640045826 0.669698918857605 0.329608854390644 0.000525292111705908 
0.000525292111705908 0.329608854390644 0.669698918857605 0.000166934640045826 
0.299834840119244 5.71651712834863e-05 0.00145566957587964 0.698652325133593 

0.908577369019313 0.000354180547064206 0.0552561200629773 0.0358123303706454 
0.00238068876774751 0.509743220921415 0.288571268061704 0.199304822249133 
0.199304822249133 0.288571268061704 0.509743220921415 0.00238068876774751 
0.0358123303706454 0.0552561200629773 0.000354180547064206 0.908577369019313 

0.502141907592712 0.0166143430949706 0.00104585977303662 0.480197889539281 
0.0216277141358027 0.919738212717778 0.0289749194996694 0.0296591536467498 
0.0296591536467498 0.0289749194996694 0.919738212717778 0.0216277141358027 
0.480197889539281 0.00104585977303662 0.0166143430949706 0.502141907592712 

0.551564806475885 0.000213354720519081 0.0170597937038137 0.431162045099782 
0.0121723756455918 0.439408647662068 0.045189612961828 0.503229363730513 
0.503229363730513 0.045189612961828 0.439408647662068 0.0121723756455918 
0.431162045099782 0.0170597937038137 0.000213354720519081 0.551564806475885 

0.622523654409605 0.00251395401045448 0.0327323234111469 0.342230068168793 
0.27260965268673 0.373676014916634 0.293046469201532 0.0606678631951038 
0.0606678631951038 0.293046469201532 0.373676014916634 0.27260965268673 
0.342230068168793 0.0327323234111469 0.00251395401045448 0.622523654409605 

0.516960758778066 6.96073536926947e-06 0.00224105037127003 0.480791230115295 
0.0651761042382453 0.731069255196914 0.168790252123521 0.0349643884413201 
0.0349643884413201 0.168790252123521 0.731069255196914 0.0651761042382453 
0.480791230115295 0.00224105037127003 6.96073536926947e-06 0.516960758778066 

0.47789593843325 0.0623029206371355 0.101651855072477 0.358149285857138 
0.125722654331905 0.500515762675245 0.197588792334725 0.176172790658125 
0.176172790658125 0.197588792334725 0.500515762675245 0.125722654331905 
0.358149285857138 0.101651855072477 0.0623029206371355 0.47789593843325 

0.550915849754611 0.0793663330502732 0.0830988856253983 0.286618931569718 
0.208045907217672 0.346205592861776 0.100201656014243 0.345546843906309 
0.345546843906309 0.100201656014243 0.346205592861776 0.208045907217672 
0.286618931569718 0.0830988856253983 0.0793663330502732 0.550915849754611 

0.661736825277275 0.0386897349538578 0.151825879674469 0.147747560094398 
0.307117953391362 0.294204097942882 0.0458529143422273 0.352825034323528 
0.352825034323528 0.0458529143422273 0.294204097942882 0.307117953391362 
0.147747560094398 0.151825879674469 0.0386897349538578 0.661736825277275 

0.485466509412343 0.334749297308885 0.131196286077059 0.0485879072017125 
0.0012557387886519 0.526376088997311 0.453122984621394 0.0192451875926433 
0.0192451875926433 0.453122984621394 0.526376088997311 0.0012557387886519 
0.0485879072017125 0.131196286077059 0.334749297308885 0.485466509412343 

0.415935014705566 0.159893621169061 0.0811803396562522 0.34299102446912 
0.0634816112914236 0.507979304664776 0.0389835409533016 0.389555543090498 
0.389555543090498 0.0389835409533016 0.507979304664776 0.0634816112914236 
0.34299102446912 0.0811803396562522 0.159893621169061 0.415935014705566 

0.51569467489109 0.00290584063972046 0.0313245162891796 0.45007496818001 
0.0138017804675606 0.621637108447719 0.214934765601963 0.149626345482757 
0.149626345482757 0.214934765601963 0.621637108447719 0.0138017804675606 
0.45007496818001 0.0313245162891796 0.00290584063972046 0.51569467489109 

0.493869095202255 0.0278192792996676 0.00948182547176089 0.468829800026317 
8.87377414978525e-05 0.879921764116469 0.119967622938227 2.18752038060482e-05 
2.18752038060482e-05 0.119967622938227 0.879921764116469 8.87377414978525e-05 
0.468829800026317 0.00948182547176089 0.0278192792996676 0.493869095202255 

0.727846050986541 0.000112059226231981 0.000937307855900232 0.271104581931326 
0.000489957428986266 0.514056345491205 0.47338138016992 0.0120723169098881 
0.0120723169098881 0.47338138016992 0.514056345491205 0.000489957428986266 
0.271104581931326 0.000937307855900232 0.000112059226231981 0.727846050986541 


