4 14

0.169828721089289 0.330171278910711 0.330171278910711 0.169828721089289 

0.63619339364857 0.0656256941324724 0.00709938780320335 0.291081524415755 
0.021980342516511 0.642665962360587 0.0752295610043338 0.260124134118568 
0.260124134118568 0.0752295610043338 0.642665962360587 0.021980342516511 
0.291081524415755 0.00709938780320335 0.0656256941324724 0.63619339364857 

0.575300739617235 0.0258397142425616 0.0431346371880931 0.355724908952111 
0.0919681245391097 0.817459716562482 0.076009122152089 0.0145630367463197 
0.0145630367463197 0.076009122152089 0.817459716562482 0.0919681245391097 
0.355724908952111 0.0431346371880931 0.0258397142425616 0.575300739617235 

0.357820525659575 0.524635512112262 0.00675705596989384 0.110786906258269 
0.137919487051045 0.545205383037465 0.126109353905998 0.190765776005493 
0.190765776005493 0.126109353905998 0.545205383037465 0.137919487051045 
0.110786906258269 0.00675705596989384 0.524635512112262 0.357820525659575 

0.213745126469697 0.0757648303395922 0.590908696442163 0.119581346748548 
0.0201041990327636 0.746252441982466 0.233395141161733 0.000248217823037892 
0.000248217823037892 0.233395141161733 0.746252441982466 0.0201041990327636 
0.119581346748548 0.590908696442163 0.0757648303395922 0.213745126469697 

0.454969674504693 0.157660547446637 0.0343999484292727 0.352969829619397 
0.0199739774851271 0.568817128857815 0.361511201911475 0.0496976917455833 
0.0496976917455833 0.361511201911475 0.568817128857815 0.0199739774851271 
0.352969829619397 0.0343999484292727 0.157660547446637 0.454969674504693 

0.437750307627052 0.00332975291695095 0.166623052511709 0.392296886944288 
0.288935536931608 0.383021185893997 0.245439642082376 0.0826036350920198 
0.0826036350920198 0.245439642082376 0.383021185893997 0.288935536931608 
0.392296886944288 0.166623052511709 0.00332975291695095 0.437750307627052 

0.720990764229262 0.170265286756088 0.0953944405370058 0.0133495084776436 
0.601875302591059 0.333597306846837 0.0474941011119945 0.01703328945011 
0.01703328945011 0.0474941011119945 0.333597306846837 0.601875302591059 
0.0133495084776436 0.0953944405370058 0.170265286756088 0.720990764229262 

0.467611631800586 0.0150606441178997 0.0726157245010676 0.444711999580447 
0.00872531092952472 0.937829024942259 0.0449888662422844 0.00845679788593163 
0.00845679788593163 0.0449888662422844 0.937829024942259 0.00872531092952472 
0.444711999580447 0.0726157245010676 0.0150606441178997 0.467611631800586 

0.679074862884969 0.146742118462865 0.00912538676188726 0.165057631890278 
0.0698808071430975 0.492539437391813 0.429488892017783 0.00809086344730652 
0.00809086344730652 0.429488892017783 0.492539437391813 0.0698808071430975 
0.165057631890278 0.00912538676188726 0.146742118462865 0.679074862884969 

0.463068956780645 0.181479535555811 0.00918806245712958 0.346263445206414 
0.0503911223732428 0.5981968160465 0.335867392991763 0.0155446685884947 
0.0155446685884947 0.335867392991763 0.5981968160465 0.0503911223732428 
0.346263445206414 0.00918806245712958 0.181479535555811 0.463068956780645 

0.617928772061915 0.301738578115201 0.067697346863214 0.0126353029596706 
0.0591631324078123 0.5031178396691 0.429647986356536 0.00807104156655089 
0.00807104156655089 0.429647986356536 0.5031178396691 0.0591631324078123 
0.0126353029596706 0.067697346863214 0.301738578115201 0.617928772061915 

0.571679260702085 0.0356526648710812 0.00196294766208921 0.390705126764745 
0.00410862212101334 0.511673772693291 0.410233164683162 0.0739844405025336 
0.0739844405025336 0.410233164683162 0.511673772693291 0.00410862212101334 
0.390705126764745 0.00196294766208921 0.0356526648710812 0.571679260702085 

0.491918867091996 0.113086025936259 0.0100353497925709 0.384959757179174 
0.185108473734104 0.40219886444748 0.0570567623919145 0.355635899426502 
0.355635899426502 0.0570567623919145 0.40219886444748 0.185108473734104 
0.384959757179174 0.0100353497925709 0.113086025936259 0.491918867091996 

0.438428604264635 0.201378558836566 0.000340995437343977 0.359851841461454 
0.171762003237366 0.802391194315222 0.014012241588486 0.0118345608589264 
0.0118345608589264 0.014012241588486 0.802391194315222 0.171762003237366 
0.359851841461454 0.000340995437343977 0.201378558836566 0.438428604264635 


