4 14

0.0996618689969182 0.400338131003082 0.400338131003082 0.0996618689969182 

0.90078377792344 0.0702684476683322 0.000219784852768558 0.0287279895554589 
0.00427063505965319 0.409855669390983 0.00281837650277986 0.583055319046584 
0.583055319046584 0.00281837650277986 0.409855669390983 0.00427063505965319 
0.0287279895554589 0.000219784852768558 0.0702684476683322 0.90078377792344 

0.717767804488472 0.0355714089900493 0.0283353724018584 0.218325414119621 
0.109038538271869 0.559450292892937 0.122376500006485 0.209134668828709 
0.209134668828709 0.122376500006485 0.559450292892937 0.109038538271869 
0.218325414119621 0.0283353724018584 0.0355714089900493 0.717767804488472 

0.487942453818712 0.0384613974991757 0.0133173045437414 0.460278844138371 
0.000563991974807145 0.834913761746053 0.139538052700612 0.0249841935785276 
0.0249841935785276 0.139538052700612 0.834913761746053 0.000563991974807145 
0.460278844138371 0.0133173045437414 0.0384613974991757 0.487942453818712 

0.407244722074118 0.0303512101323288 0.268725395081108 0.293678672712445 
0.11666917167991 0.488900456131564 0.354996036061043 0.0394343361274834 
0.0394343361274834 0.354996036061043 0.488900456131564 0.11666917167991 
0.293678672712445 0.268725395081108 0.0303512101323288 0.407244722074118 

0.364254022634763 0.277426005450492 0.0228545152854411 0.335465456629304 
0.0563357554463424 0.59643305437664 0.188594876363771 0.158636313813246 
0.158636313813246 0.188594876363771 0.59643305437664 0.0563357554463424 
0.335465456629304 0.0228545152854411 0.277426005450492 0.364254022634763 

0.671552161300677 0.0195995075219196 0.239514613430113 0.0693337177472897 
0.0737397364772342 0.390259998673246 0.207278967169549 0.328721297679972 
0.328721297679972 0.207278967169549 0.390259998673246 0.0737397364772342 
0.0693337177472897 0.239514613430113 0.0195995075219196 0.671552161300677 

0.580875860846484 0.389082450983468 0.00793886250761278 0.0221028256624353 
0.000483741723491855 0.527050498693511 0.472371824918839 9.39346641588612e-05 
9.39346641588612e-05 0.472371824918839 0.527050498693511 0.000483741723491855 
0.0221028256624353 0.00793886250761278 0.389082450983468 0.580875860846484 

0.602193134922305 0.0519429927693909 0.0263618564919665 0.319502015816338 
0.00138236075996199 0.534517555086779 0.463993661469396 0.000106422683863534 
0.000106422683863534 0.463993661469396 0.534517555086779 0.00138236075996199 
0.319502015816338 0.0263618564919665 0.0519429927693909 0.602193134922305 

0.546959653991857 0.0874093177030622 0.0670808169260511 0.29855021137903 
0.0179365561252215 0.340275258647094 0.170359197946696 0.471428987280988 
0.471428987280988 0.170359197946696 0.340275258647094 0.0179365561252215 
0.29855021137903 0.0670808169260511 0.0874093177030622 0.546959653991857 

0.533481078234102 0.000708448334136621 0.0100175958140211 0.45579287761774 
0.0955872346075434 0.577855859455842 0.324757922196963 0.00179898373965213 
0.00179898373965213 0.324757922196963 0.577855859455842 0.0955872346075434 
0.45579287761774 0.0100175958140211 0.000708448334136621 0.533481078234102 

0.44730091249429 0.131352595337391 0.0427438626884916 0.378602629479827 
0.18109151573085 0.70195006039564 0.0783623927064361 0.0385960311670741 
0.0385960311670741 0.0783623927064361 0.70195006039564 0.18109151573085 
0.378602629479827 0.0427438626884916 0.131352595337391 0.44730091249429 

0.600500529895745 0.00790782743028349 0.00180079969081883 0.389790842983152 
0.00659849022961302 0.528299295904989 0.438027261054507 0.0270749528108903 
0.0270749528108903 0.438027261054507 0.528299295904989 0.00659849022961302 
0.389790842983152 0.00180079969081883 0.00790782743028349 0.600500529895745 

0.547350253549289 0.0778022246681451 0.00137452053649041 0.373473001246076 
0.000154079351927077 0.54461580799009 0.436112104422518 0.0191180082354651 
0.0191180082354651 0.436112104422518 0.54461580799009 0.000154079351927077 
0.373473001246076 0.00137452053649041 0.0778022246681451 0.547350253549289 

0.828664197803569 0.066223468771472 0.0220055326481799 0.0831068007767791 
0.000250668796895094 0.494350874254837 0.468438095569852 0.0369603613784159 
0.0369603613784159 0.468438095569852 0.494350874254837 0.000250668796895094 
0.0831068007767791 0.0220055326481799 0.066223468771472 0.828664197803569 


