4 14

0.285938173416071 0.214061826583929 0.214061826583929 0.285938173416071 

0.469183109826031 0.530707043639847 9.32776862590523e-05 1.65688478627746e-05 
5.25278667622142e-06 0.797513098431485 0.0391696159096689 0.163312032872169 
0.163312032872169 0.0391696159096689 0.797513098431485 5.25278667622142e-06 
1.65688478627746e-05 9.32776862590523e-05 0.530707043639847 0.469183109826031 

0.648175746176046 0.0013748501224204 0.0239664668868158 0.326482936814717 
0.00066519087019288 0.714908635581772 0.281537290216817 0.00288888333121797 
0.00288888333121797 0.281537290216817 0.714908635581772 0.00066519087019288 
0.326482936814717 0.0239664668868158 0.0013748501224204 0.648175746176046 

0.808730941512271 0.00169074245306805 0.0295967900911969 0.159981525943464 
0.000439163537272219 0.358834627283448 0.29910631557258 0.341619893606699 
0.341619893606699 0.29910631557258 0.358834627283448 0.000439163537272219 
0.159981525943464 0.0295967900911969 0.00169074245306805 0.808730941512271 

0.530428867565421 0.286295371877598 0.00499429884248268 0.178281461714498 
0.216968345616358 0.528971903512456 0.251421533226454 0.00263821764473153 
0.00263821764473153 0.251421533226454 0.528971903512456 0.216968345616358 
0.178281461714498 0.00499429884248268 0.286295371877598 0.530428867565421 

0.383324771169925 0.389787911125583 0.151591488134136 0.0752958295703561 
0.218548022976059 0.587129868483344 0.140447417617067 0.0538746909235302 
0.0538746909235302 0.140447417617067 0.587129868483344 0.218548022976059 
0.0752958295703561 0.151591488134136 0.389787911125583 0.383324771169925 

0.423018148530705 0.150657021998033 0.313822741495622 0.11250208797564 
0.150182940318161 0.461619130285875 0.376947473100472 0.0112504562954921 
0.0112504562954921 0.376947473100472 0.461619130285875 0.150182940318161 
0.11250208797564 0.313822741495622 0.150657021998033 0.423018148530705 

0.757154209539974 0.00161205558208244 0.0101006874408104 0.231133047437133 
0.0226902207001373 0.504987885883264 0.469122787949673 0.00319910546692492 
0.00319910546692492 0.469122787949673 0.504987885883264 0.0226902207001373 
0.231133047437133 0.0101006874408104 0.00161205558208244 0.757154209539974 

0.519140477790362 0.0106468905553443 0.0842498501595834 0.385962781494711 
0.218801842790215 0.426115100483196 0.286473731119846 0.0686093256067427 
0.0686093256067427 0.286473731119846 0.426115100483196 0.218801842790215 
0.385962781494711 0.0842498501595834 0.0106468905553443 0.519140477790362 

0.27361891634078 0.624354671123404 0.0250980465489031 0.0769283659869124 
0.0226558931608411 0.697212029150472 0.0184169857992677 0.261715091889419 
0.261715091889419 0.0184169857992677 0.697212029150472 0.0226558931608411 
0.0769283659869124 0.0250980465489031 0.624354671123404 0.27361891634078 

0.50333149614598 0.000453759270157728 0.317939249792535 0.178275494791327 
0.0028928049643599 0.569075548905997 0.122507660912541 0.305523985217103 
0.305523985217103 0.122507660912541 0.569075548905997 0.0028928049643599 
0.178275494791327 0.317939249792535 0.000453759270157728 0.50333149614598 

0.534488329473396 8.35895974843064e-05 0.00363784691029914 0.461790234018821 
0.00174030521887024 0.625278938568323 0.371628206715472 0.00135254949733467 
0.00135254949733467 0.371628206715472 0.625278938568323 0.00174030521887024 
0.461790234018821 0.00363784691029914 8.35895974843064e-05 0.534488329473396 

0.52162678318294 0.00304250992090265 0.0312222297976256 0.444108477098532 
0.220245407488521 0.506216235012471 0.252442793499457 0.021095563999551 
0.021095563999551 0.252442793499457 0.506216235012471 0.220245407488521 
0.444108477098532 0.0312222297976256 0.00304250992090265 0.52162678318294 

0.483462907332938 9.46908946917943e-05 0.0638460159521862 0.452596385820184 
0.150478413960483 0.747203677935999 0.00939101499688499 0.0929268931066328 
0.0929268931066328 0.00939101499688499 0.747203677935999 0.150478413960483 
0.452596385820184 0.0638460159521862 9.46908946917943e-05 0.483462907332938 

0.641839867565823 0.0519522755873431 0.156592206199789 0.149615650647045 
0.00243072896372684 0.454900609535526 0.353019385972384 0.189649275528364 
0.189649275528364 0.353019385972384 0.454900609535526 0.00243072896372684 
0.149615650647045 0.156592206199789 0.0519522755873431 0.641839867565823 


