4 14

0.193347694934346 0.306652305065654 0.306652305065654 0.193347694934346 

0.442921853274497 0.00596226541808789 0.378983946216384 0.172131935091032 
0.0940856781296731 0.876814372775781 0.0210954167616975 0.00800453233284826 
0.00800453233284826 0.0210954167616975 0.876814372775781 0.0940856781296731 
0.172131935091032 0.378983946216384 0.00596226541808789 0.442921853274497 

0.875168621772014 0.000347050075233224 0.0450382725595062 0.0794460555932462 
0.000298101648111296 0.520446491106502 0.286205658681668 0.193049748563718 
0.193049748563718 0.286205658681668 0.520446491106502 0.000298101648111296 
0.0794460555932462 0.0450382725595062 0.000347050075233224 0.875168621772014 

0.304990682427436 0.463558323637634 0.140304560425732 0.0911464335091982 
0.0441261623109915 0.632156627497769 0.322849685573029 0.000867524618209881 
0.000867524618209881 0.322849685573029 0.632156627497769 0.0441261623109915 
0.0911464335091982 0.140304560425732 0.463558323637634 0.304990682427436 

0.601864256860472 0.00384718989346649 0.0140299207057117 0.38025863254035 
0.0152076618086389 0.515757314256406 0.424855821858038 0.044179202076917 
0.044179202076917 0.424855821858038 0.515757314256406 0.0152076618086389 
0.38025863254035 0.0140299207057117 0.00384718989346649 0.601864256860472 

0.534536301708401 0.0141471778432976 0.448995574488631 0.00232094595967042 
0.0592647988421995 0.533751187080853 0.0752929292062703 0.331691084870678 
0.331691084870678 0.0752929292062703 0.533751187080853 0.0592647988421995 
0.00232094595967042 0.448995574488631 0.0141471778432976 0.534536301708401 

0.838542997365407 0.00717303653760244 0.126936253028389 0.027347713068602 
0.670999718792425 0.171562275441632 0.145233457473236 0.012204548292707 
0.012204548292707 0.145233457473236 0.171562275441632 0.670999718792425 
0.027347713068602 0.126936253028389 0.00717303653760244 0.838542997365407 

0.463305481646114 0.00774063698782285 0.19006434367656 0.338889537689503 
0.00639453027753755 0.63343434985326 0.228892551501129 0.131278568368073 
0.131278568368073 0.228892551501129 0.63343434985326 0.00639453027753755 
0.338889537689503 0.19006434367656 0.00774063698782285 0.463305481646114 

0.741083463712285 6.56891804016457e-05 0.0406644099616749 0.218186437145638 
0.0858703892869964 0.328705451126633 0.242772447523687 0.342651712062684 
0.342651712062684 0.242772447523687 0.328705451126633 0.0858703892869964 
0.218186437145638 0.0406644099616749 6.56891804016457e-05 0.741083463712285 

0.718902909489272 0.032416033982664 0.11905007933408 0.129630977193985 
0.226566036958487 0.389843071434794 0.370084126795354 0.0135067648113653 
0.0135067648113653 0.370084126795354 0.389843071434794 0.226566036958487 
0.129630977193985 0.11905007933408 0.032416033982664 0.718902909489272 

0.780106480783899 0.00740562305733852 0.067845505987002 0.144642390171761 
0.0268748073702232 0.500210600484547 0.470327033692127 0.00258755845310249 
0.00258755845310249 0.470327033692127 0.500210600484547 0.0268748073702232 
0.144642390171761 0.067845505987002 0.00740562305733852 0.780106480783899 

0.347141873508454 0.329093358756626 0.0761632712203529 0.247601496514567 
0.0141517292435128 0.453330291732831 0.378056556050844 0.154461422972812 
0.154461422972812 0.378056556050844 0.453330291732831 0.0141517292435128 
0.247601496514567 0.0761632712203529 0.329093358756626 0.347141873508454 

0.431673646212351 0.18475341788697 0.247158247060389 0.136414688840291 
0.0834868736172396 0.513042107701362 0.401961285808487 0.00150973287291172 
0.00150973287291172 0.401961285808487 0.513042107701362 0.0834868736172396 
0.136414688840291 0.247158247060389 0.18475341788697 0.431673646212351 

0.522664217745682 0.193434730543708 0.00154988477245134 0.282351166938159 
0.000188151825131725 0.535459974659225 0.45020983172659 0.0141420417890534 
0.0141420417890534 0.45020983172659 0.535459974659225 0.000188151825131725 
0.282351166938159 0.00154988477245134 0.193434730543708 0.522664217745682 

0.645866537431119 0.0333874565755269 0.000532089589887385 0.320213916403466 
0.000162566720908662 0.527811102089241 0.469662940932921 0.00236339025692864 
0.00236339025692864 0.469662940932921 0.527811102089241 0.000162566720908662 
0.320213916403466 0.000532089589887385 0.0333874565755269 0.645866537431119 


