4 14

0.0303772059269249 0.469622794073075 0.469622794073075 0.0303772059269249 

0.603000050053039 0.374401695721894 0.00373122409342935 0.0188670301316372 
0.0023799511849896 0.624177826213524 0.054854047250773 0.318588175350714 
0.318588175350714 0.054854047250773 0.624177826213524 0.0023799511849896 
0.0188670301316372 0.00373122409342935 0.374401695721894 0.603000050053039 

0.655863787091397 0.0642260049045995 0.140003802794686 0.139906405209317 
0.197500163222482 0.605938881503111 0.196183388647115 0.000377566627292131 
0.000377566627292131 0.196183388647115 0.605938881503111 0.197500163222482 
0.139906405209317 0.140003802794686 0.0642260049045995 0.655863787091397 

0.506150720257253 0.0665801736259866 0.358916200678733 0.0683529054380276 
0.00715352013226633 0.521777405328299 0.176543074727478 0.294525999811957 
0.294525999811957 0.176543074727478 0.521777405328299 0.00715352013226633 
0.0683529054380276 0.358916200678733 0.0665801736259866 0.506150720257253 

0.710772343984576 0.00798158931007425 0.0511884583502839 0.230057608355066 
0.0367455658877445 0.454660325249341 0.400360599669879 0.108233509193036 
0.108233509193036 0.400360599669879 0.454660325249341 0.0367455658877445 
0.230057608355066 0.0511884583502839 0.00798158931007425 0.710772343984576 

0.587961937583345 0.0546581778221565 0.00266885479294143 0.354711029801557 
0.000638675841278899 0.539637793787287 0.456564078370425 0.00315945200100905 
0.00315945200100905 0.456564078370425 0.539637793787287 0.000638675841278899 
0.354711029801557 0.00266885479294143 0.0546581778221565 0.587961937583345 

0.347557299767548 0.00377315000410922 0.315442210850912 0.333227339377431 
0.0532790816970457 0.928889450576004 0.0164567101866653 0.00137475754028455 
0.00137475754028455 0.0164567101866653 0.928889450576004 0.0532790816970457 
0.333227339377431 0.315442210850912 0.00377315000410922 0.347557299767548 

0.396184177303124 0.140249900334894 0.443502467282872 0.0200634550791103 
0.174537604016479 0.448413138042046 0.361786492489352 0.0152627654521238 
0.0152627654521238 0.361786492489352 0.448413138042046 0.174537604016479 
0.0200634550791103 0.443502467282872 0.140249900334894 0.396184177303124 

0.970037906426628 0.00383744821201564 0.0051303816018949 0.0209942637594614 
0.0148483468939389 0.50047723680973 0.480640033668182 0.00403438262814935 
0.00403438262814935 0.480640033668182 0.50047723680973 0.0148483468939389 
0.0209942637594614 0.0051303816018949 0.00383744821201564 0.970037906426628 

0.451356559733911 0.00777867896484601 0.110769703672246 0.430095057628997 
0.00209797183042062 0.986738663287446 0.00993296687700512 0.00123039800512812 
0.00123039800512812 0.00993296687700512 0.986738663287446 0.00209797183042062 
0.430095057628997 0.110769703672246 0.00777867896484601 0.451356559733911 

0.646112647157587 0.00171844939987352 0.0580643399277087 0.294104563514831 
0.0166513837475057 0.444315096561866 0.344460083004588 0.194573436686041 
0.194573436686041 0.344460083004588 0.444315096561866 0.0166513837475057 
0.294104563514831 0.0580643399277087 0.00171844939987352 0.646112647157587 

0.572540715182194 0.0503980687392949 0.00351417982891692 0.373547036249594 
0.00504501413988878 0.51421151587405 0.422486208312698 0.058257261673364 
0.058257261673364 0.422486208312698 0.51421151587405 0.00504501413988878 
0.373547036249594 0.00351417982891692 0.0503980687392949 0.572540715182194 

0.551271308007289 0.0132024825771013 0.429078536883207 0.0064476725324028 
0.512393326150779 0.477071971077903 0.00433904567543675 0.00619565709588077 
0.00619565709588077 0.00433904567543675 0.477071971077903 0.512393326150779 
0.0064476725324028 0.429078536883207 0.0132024825771013 0.551271308007289 

0.696809234547657 0.0660786076406091 0.000795551121879963 0.236316606689854 
0.56279061086032 0.280830631715513 0.0749020422846525 0.0814767151395137 
0.0814767151395137 0.0749020422846525 0.280830631715513 0.56279061086032 
0.236316606689854 0.000795551121879963 0.0660786076406091 0.696809234547657 

0.427248178552695 0.154867972419626 0.0209270850655454 0.396956763962134 
0.0294601800460748 0.881800437182141 0.0666500881153578 0.0220892946564267 
0.0220892946564267 0.0666500881153578 0.881800437182141 0.0294601800460748 
0.396956763962134 0.0209270850655454 0.154867972419626 0.427248178552695 


