4 14

0.19409981474746 0.30590018525254 0.30590018525254 0.19409981474746 

0.418817038220796 0.117506999422687 0.451110500636625 0.0125654617198928 
0.020925966651817 0.897951179435193 0.0690693224531427 0.0120535314598473 
0.0120535314598473 0.0690693224531427 0.897951179435193 0.020925966651817 
0.0125654617198928 0.451110500636625 0.117506999422687 0.418817038220796 

0.599783558832205 0.0231708259420277 0.121451140853385 0.255594474372383 
0.0279394456768476 0.719461405498011 0.249983909952009 0.00261523887313221 
0.00261523887313221 0.249983909952009 0.719461405498011 0.0279394456768476 
0.255594474372383 0.121451140853385 0.0231708259420277 0.599783558832205 

0.9107471508281 0.00557388998726755 0.0142897296652865 0.0693892295193461 
0.00727724174271132 0.507122468364593 0.48479450180276 0.000805788089934988 
0.000805788089934988 0.48479450180276 0.507122468364593 0.00727724174271132 
0.0693892295193461 0.0142897296652865 0.00557388998726755 0.9107471508281 

0.712773471384098 0.0103132619805504 0.0423964538378267 0.234516812797525 
0.110973878452467 0.43512368909332 0.388504391007931 0.065398041446282 
0.065398041446282 0.388504391007931 0.43512368909332 0.110973878452467 
0.234516812797525 0.0423964538378267 0.0103132619805504 0.712773471384098 

0.475868534044673 0.0486724627349496 0.119350294402421 0.356108708817956 
0.0031189802761905 0.582713157313125 0.326322007150761 0.0878458552599233 
0.0878458552599233 0.326322007150761 0.582713157313125 0.0031189802761905 
0.356108708817956 0.119350294402421 0.0486724627349496 0.475868534044673 

0.585366730476154 0.0376730080227719 0.00446439727889486 0.372495864222179 
0.229565232467379 0.39686370860978 0.236944413670831 0.136626645252011 
0.136626645252011 0.236944413670831 0.39686370860978 0.229565232467379 
0.372495864222179 0.00446439727889486 0.0376730080227719 0.585366730476154 

0.385763532375649 0.187654759128834 0.0656158384932584 0.360965870002258 
0.0217538315777339 0.87105904046007 0.0236472768368211 0.0835398511253754 
0.0835398511253754 0.0236472768368211 0.87105904046007 0.0217538315777339 
0.360965870002258 0.0656158384932584 0.187654759128834 0.385763532375649 

0.310035190236037 0.132202620465087 0.34184175132622 0.215920437972656 
0.00217789888866889 0.705375531967635 0.268980935448309 0.0234656336953868 
0.0234656336953868 0.268980935448309 0.705375531967635 0.00217789888866889 
0.215920437972656 0.34184175132622 0.132202620465087 0.310035190236037 

0.416212486277062 0.117758720152175 0.173181868221206 0.292846925349557 
0.233032678520871 0.50717477170176 0.137950761403747 0.121841788373622 
0.121841788373622 0.137950761403747 0.50717477170176 0.233032678520871 
0.292846925349557 0.173181868221206 0.117758720152175 0.416212486277062 

0.410985581057362 0.0554274038518681 0.17687125925721 0.356715755833559 
0.00133711974680382 0.731621729828781 0.252131807890213 0.0149093425342018 
0.0149093425342018 0.252131807890213 0.731621729828781 0.00133711974680382 
0.356715755833559 0.17687125925721 0.0554274038518681 0.410985581057362 

0.839458582278192 0.132444936587309 0.00263524350554881 0.0254612376289504 
0.0136093141702643 0.194736356259653 0.0149904591827481 0.776663870387334 
0.776663870387334 0.0149904591827481 0.194736356259653 0.0136093141702643 
0.0254612376289504 0.00263524350554881 0.132444936587309 0.839458582278192 

0.47299553077704 0.257529041997226 0.00764448002148765 0.261830947204247 
8.89764294667583e-05 0.524720949620095 0.441130942707036 0.0340591312434019 
0.0340591312434019 0.441130942707036 0.524720949620095 8.89764294667583e-05 
0.261830947204247 0.00764448002148765 0.257529041997226 0.47299553077704 

0.930850777428263 0.0683162026399811 3.31410971959462e-05 0.00079987883455962 
0.0020102065552865 0.148804934496993 0.0290789954468017 0.820105863500919 
0.820105863500919 0.0290789954468017 0.148804934496993 0.0020102065552865 
0.00079987883455962 3.31410971959462e-05 0.0683162026399811 0.930850777428263 

0.57573003611726 0.0361515127265926 0.194241457894797 0.19387699326135 
0.0210756841185689 0.480488165627589 0.345197878675889 0.153238271577952 
0.153238271577952 0.345197878675889 0.480488165627589 0.0210756841185689 
0.19387699326135 0.194241457894797 0.0361515127265926 0.57573003611726 


