4 14

0.379132829722948 0.120867170277052 0.120867170277052 0.379132829722948 

0.739095686334524 0.0453409370178981 0.117136152598975 0.0984272240486025 
0.0229840984292795 0.565479259989032 0.00565155893676017 0.405885082644928 
0.405885082644928 0.00565155893676017 0.565479259989032 0.0229840984292795 
0.0984272240486025 0.117136152598975 0.0453409370178981 0.739095686334524 

0.635238450513452 0.00592406162624727 0.0231335280231966 0.335703959837104 
0.0221585626018396 0.695840786422845 0.0835834181624275 0.198417232812888 
0.198417232812888 0.0835834181624275 0.695840786422845 0.0221585626018396 
0.335703959837104 0.0231335280231966 0.00592406162624727 0.635238450513452 

0.883319154852928 0.043223410971707 0.00464285053937866 0.0688145836359859 
0.0590831375685284 0.48287464445151 0.45495512989534 0.00308708808462163 
0.00308708808462163 0.45495512989534 0.48287464445151 0.0590831375685284 
0.0688145836359859 0.00464285053937866 0.043223410971707 0.883319154852928 

0.478504963882694 0.333980680546856 0.0418714100528638 0.145642945517586 
0.0119097642254856 0.502028852349219 0.436957617630514 0.0491037657947814 
0.0491037657947814 0.436957617630514 0.502028852349219 0.0119097642254856 
0.145642945517586 0.0418714100528638 0.333980680546856 0.478504963882694 

0.884989912801711 0.0345238420945155 0.0560936349205903 0.0243926101831831 
0.0892296138669278 0.398716583551908 0.365698979974516 0.146354822606648 
0.146354822606648 0.365698979974516 0.398716583551908 0.0892296138669278 
0.0243926101831831 0.0560936349205903 0.0345238420945155 0.884989912801711 

0.394629355061897 0.174735289494582 0.295765845399446 0.134869510044075 
0.227298818280832 0.465506582236362 0.23990688452732 0.0672877149554863 
0.0672877149554863 0.23990688452732 0.465506582236362 0.227298818280832 
0.134869510044075 0.295765845399446 0.174735289494582 0.394629355061897 

0.583564162775456 0.416316973610039 2.54157072680228e-05 9.34479072370875e-05 
3.00925702657051e-05 0.453522349531133 4.37518551607841e-05 0.546403806043441 
0.546403806043441 4.37518551607841e-05 0.453522349531133 3.00925702657051e-05 
9.34479072370875e-05 2.54157072680228e-05 0.416316973610039 0.583564162775456 

0.72128131790501 0.084986719852622 0.00117978473401312 0.192552177508355 
0.3307796113963 0.389605278195566 0.277860568104509 0.00175454230362451 
0.00175454230362451 0.277860568104509 0.389605278195566 0.3307796113963 
0.192552177508355 0.00117978473401312 0.084986719852622 0.72128131790501 

0.449512115891879 0.101881282073314 0.0642837419919036 0.384322860042904 
0.0669864649657628 0.564051990600023 0.131749809227271 0.237211735206943 
0.237211735206943 0.131749809227271 0.564051990600023 0.0669864649657628 
0.384322860042904 0.0642837419919036 0.101881282073314 0.449512115891879 

0.529669303330026 0.0986663683486307 0.0329597396896889 0.338704588631654 
0.0446316661162632 0.540960162226393 0.410050221303532 0.00435795035381245 
0.00435795035381245 0.410050221303532 0.540960162226393 0.0446316661162632 
0.338704588631654 0.0329597396896889 0.0986663683486307 0.529669303330026 

0.488617447980575 0.0794155811885132 0.301006316319174 0.130960654511738 
0.0840309670637988 0.487072170595266 0.117122878193586 0.311773984147349 
0.311773984147349 0.117122878193586 0.487072170595266 0.0840309670637988 
0.130960654511738 0.301006316319174 0.0794155811885132 0.488617447980575 

0.482777115175994 0.128752072447462 0.00815036213528578 0.380320450241258 
0.175080715961991 0.615215711669697 0.175767540592285 0.033936031776027 
0.033936031776027 0.175767540592285 0.615215711669697 0.175080715961991 
0.380320450241258 0.00815036213528578 0.128752072447462 0.482777115175994 

0.840185724282468 0.0239748046946383 0.00874492843926896 0.127094542583625 
0.0108970959095572 0.507265960059818 0.480165673854066 0.00167127017655879 
0.00167127017655879 0.480165673854066 0.507265960059818 0.0108970959095572 
0.127094542583625 0.00874492843926896 0.0239748046946383 0.840185724282468 

0.777324079384913 0.00162915861115459 2.33397006780795e-05 0.221023422303254 
0.000196410816397095 0.510496183468308 0.477138671765136 0.0121687339501585 
0.0121687339501585 0.477138671765136 0.510496183468308 0.000196410816397095 
0.221023422303254 2.33397006780795e-05 0.00162915861115459 0.777324079384913 


