4 14

0.441848809481598 0.0581511905184016 0.0581511905184016 0.441848809481598 

0.797119242001255 0.00101206003162926 0.10900405094468 0.0928646470224367 
0.34928895534698 0.47601027349656 0.1717982957227 0.00290247543376007 
0.00290247543376007 0.1717982957227 0.47601027349656 0.34928895534698 
0.0928646470224367 0.10900405094468 0.00101206003162926 0.797119242001255 

0.816749658508323 0.0313972753722635 0.102641588850222 0.0492114772691921 
0.109966842845336 0.504216589296609 0.163132268920645 0.222684298937409 
0.222684298937409 0.163132268920645 0.504216589296609 0.109966842845336 
0.0492114772691921 0.102641588850222 0.0313972753722635 0.816749658508323 

0.336496342194855 0.00619089564061515 0.364979744847899 0.292333017316631 
0.0934415675804151 0.461851465916371 0.444514365122602 0.000192601380611682 
0.000192601380611682 0.444514365122602 0.461851465916371 0.0934415675804151 
0.292333017316631 0.364979744847899 0.00619089564061515 0.336496342194855 

0.793857262086644 0.0784332050483367 0.102126306222201 0.0255832266428183 
0.0219296308800024 0.297808349591515 0.211514696401492 0.468747323126991 
0.468747323126991 0.211514696401492 0.297808349591515 0.0219296308800024 
0.0255832266428183 0.102126306222201 0.0784332050483367 0.793857262086644 

0.417291653519083 0.494230642173476 0.0150043936026103 0.073473310704831 
0.00384830299602522 0.532397230846678 0.442388091304307 0.0213663748529897 
0.0213663748529897 0.442388091304307 0.532397230846678 0.00384830299602522 
0.073473310704831 0.0150043936026103 0.494230642173476 0.417291653519083 

0.777128259349477 0.0204792463638676 0.104292334061979 0.0981001602246769 
0.0295859823733736 0.291731639884398 0.141724932818223 0.536957444924006 
0.536957444924006 0.141724932818223 0.291731639884398 0.0295859823733736 
0.0981001602246769 0.104292334061979 0.0204792463638676 0.777128259349477 

0.436027363318171 0.450361931536759 0.0556810605442085 0.0579296446008618 
0.246809463985217 0.575422977011128 0.123212958346675 0.0545546006569794 
0.0545546006569794 0.123212958346675 0.575422977011128 0.246809463985217 
0.0579296446008618 0.0556810605442085 0.450361931536759 0.436027363318171 

0.386890505725703 0.441866875216301 0.0218101244247549 0.149432494633242 
0.0199410376815091 0.568708121400035 0.400318169888759 0.0110326710296967 
0.0110326710296967 0.400318169888759 0.568708121400035 0.0199410376815091 
0.149432494633242 0.0218101244247549 0.441866875216301 0.386890505725703 

0.438893070012314 0.339692342339339 0.00165490352588502 0.219759684122462 
0.289580802694019 0.691224575670353 0.0186001609589432 0.00059446067668481 
0.00059446067668481 0.0186001609589432 0.691224575670353 0.289580802694019 
0.219759684122462 0.00165490352588502 0.339692342339339 0.438893070012314 

0.718089055685153 0.194895381452844 0.00587091219862186 0.0811446506633813 
0.10916859046232 0.468949593330057 0.400008436322409 0.0218733798852142 
0.0218733798852142 0.400008436322409 0.468949593330057 0.10916859046232 
0.0811446506633813 0.00587091219862186 0.194895381452844 0.718089055685153 

0.699708469124343 0.00320417238636576 0.0925468353192403 0.20454052317005 
0.157469766092514 0.430669418601222 0.408792559543502 0.00306825576276164 
0.00306825576276164 0.408792559543502 0.430669418601222 0.157469766092514 
0.20454052317005 0.0925468353192403 0.00320417238636576 0.699708469124343 

0.551259553149613 0.0258126881240112 0.0520616686939764 0.3708660900324 
0.000625397465354664 0.535088940787697 0.410282151814099 0.0540035099328487 
0.0540035099328487 0.410282151814099 0.535088940787697 0.000625397465354664 
0.3708660900324 0.0520616686939764 0.0258126881240112 0.551259553149613 

0.595441315697318 0.249913529112664 0.0273701329104853 0.127275022279533 
0.393186942928643 0.40013647753634 0.081115538371317 0.1255610411637 
0.1255610411637 0.081115538371317 0.40013647753634 0.393186942928643 
0.127275022279533 0.0273701329104853 0.249913529112664 0.595441315697318 

0.655686745524711 0.00731690316107924 0.0056829616907419 0.331313389623468 
0.292908732051571 0.305917181939176 0.188138196891763 0.21303588911749 
0.21303588911749 0.188138196891763 0.305917181939176 0.292908732051571 
0.331313389623468 0.0056829616907419 0.00731690316107924 0.655686745524711 


