4 14

0.249641243950464 0.250358756049536 0.250358756049536 0.249641243950464 

0.809776517842011 0.0281608183031179 0.0246546316301725 0.137408032224699 
0.307814933578003 0.503534770352957 0.185647463711273 0.00300283235776702 
0.00300283235776702 0.185647463711273 0.503534770352957 0.307814933578003 
0.137408032224699 0.0246546316301725 0.0281608183031179 0.809776517842011 

0.67780393925356 0.000288693488307939 0.00945043544725245 0.312456931810879 
0.237496863654856 0.619244273551315 0.108162446228186 0.0350964165656429 
0.0350964165656429 0.108162446228186 0.619244273551315 0.237496863654856 
0.312456931810879 0.00945043544725245 0.000288693488307939 0.67780393925356 

0.535251990339535 0.0930927735939221 0.24560811413869 0.126047121927853 
0.25245486639807 0.375413066241762 0.335832146154246 0.0362999212059211 
0.0362999212059211 0.335832146154246 0.375413066241762 0.25245486639807 
0.126047121927853 0.24560811413869 0.0930927735939221 0.535251990339535 

0.624655918562276 0.00850136123813873 0.000581916355553917 0.366260803844031 
0.0551872738276936 0.318967609603695 0.188441015241877 0.437404101326734 
0.437404101326734 0.188441015241877 0.318967609603695 0.0551872738276936 
0.366260803844031 0.000581916355553917 0.00850136123813873 0.624655918562276 

0.605004588002951 0.20993586088116 0.0974000979367168 0.0876594531791726 
0.0386537729324171 0.358471693117383 0.316037073074718 0.286837460875482 
0.286837460875482 0.316037073074718 0.358471693117383 0.0386537729324171 
0.0876594531791726 0.0974000979367168 0.20993586088116 0.605004588002951 

0.281609347796784 0.042442254397492 0.467600619521327 0.208347778284397 
0.00209178590069623 0.926673451151966 0.0120332065535298 0.0592015563938083 
0.0592015563938083 0.0120332065535298 0.926673451151966 0.00209178590069623 
0.208347778284397 0.467600619521327 0.042442254397492 0.281609347796784 

0.470706752191587 0.359238017771923 0.055222863151191 0.114832366885299 
0.0545289988939678 0.391937469982701 0.358701751699501 0.194831779423831 
0.194831779423831 0.358701751699501 0.391937469982701 0.0545289988939678 
0.114832366885299 0.055222863151191 0.359238017771923 0.470706752191587 

0.661722703382551 0.219032361184824 0.000922926043959507 0.118322009388665 
0.00924950363187714 0.474074833801643 0.449441510490856 0.0672341520756236 
0.0672341520756236 0.449441510490856 0.474074833801643 0.00924950363187714 
0.118322009388665 0.000922926043959507 0.219032361184824 0.661722703382551 

0.509793796628164 0.00038893367624212 0.0129918782938965 0.476825391401698 
0.127905419715001 0.736277192172175 0.119832444722936 0.0159849433898879 
0.0159849433898879 0.119832444722936 0.736277192172175 0.127905419715001 
0.476825391401698 0.0129918782938965 0.00038893367624212 0.509793796628164 

0.326734814164128 0.31100918525583 0.115177947318743 0.247078053261299 
0.110481971770376 0.786258881058869 0.0662688409693177 0.0369903062014374 
0.0369903062014374 0.0662688409693177 0.786258881058869 0.110481971770376 
0.247078053261299 0.115177947318743 0.31100918525583 0.326734814164128 

0.463244286497204 0.0395265070773401 0.0668931057104541 0.430336100715001 
0.093366572273716 0.779537948737826 0.0812333847346759 0.0458620942537826 
0.0458620942537826 0.0812333847346759 0.779537948737826 0.093366572273716 
0.430336100715001 0.0668931057104541 0.0395265070773401 0.463244286497204 

0.828801113752992 0.117846161896033 0.0443331357190756 0.00901958863189867 
0.352052939409649 0.288421333262047 0.20303220002113 0.156493527307174 
0.156493527307174 0.20303220002113 0.288421333262047 0.352052939409649 
0.00901958863189867 0.0443331357190756 0.117846161896033 0.828801113752992 

0.55952127503872 0.216807282697312 0.0845664328142635 0.139105009449705 
0.0518166171662042 0.297931419991205 0.166142155845944 0.484109806996647 
0.484109806996647 0.166142155845944 0.297931419991205 0.0518166171662042 
0.139105009449705 0.0845664328142635 0.216807282697312 0.55952127503872 

0.787445702856599 0.0774037892103491 0.0170160485838729 0.118134459349179 
0.162052784890715 0.215605584262891 0.139609886710241 0.482731744136153 
0.482731744136153 0.139609886710241 0.215605584262891 0.162052784890715 
0.118134459349179 0.0170160485838729 0.0774037892103491 0.787445702856599 


