4 14

0.409631260554306 0.0903687394456938 0.0903687394456938 0.409631260554306 

0.628011263853821 0.00681905441064953 0.107449160801509 0.25772052093402 
0.0631775886396131 0.679650438720578 0.229521459793283 0.0276505128465259 
0.0276505128465259 0.229521459793283 0.679650438720578 0.0631775886396131 
0.25772052093402 0.107449160801509 0.00681905441064953 0.628011263853821 

0.6415434465023 0.0065212659613065 0.0232865672890752 0.328648720247318 
0.010164969891192 0.708238195014829 0.229746632963153 0.0518502021308254 
0.0518502021308254 0.229746632963153 0.708238195014829 0.010164969891192 
0.328648720247318 0.0232865672890752 0.0065212659613065 0.6415434465023 

0.429784114426709 0.00958480389279176 0.144349164539888 0.416281917140611 
0.261985841050123 0.425216637942044 0.282076747178737 0.0307207738290964 
0.0307207738290964 0.282076747178737 0.425216637942044 0.261985841050123 
0.416281917140611 0.144349164539888 0.00958480389279176 0.429784114426709 

0.32563725389156 0.340954116803787 0.185937311288734 0.147471318015919 
0.262342608884045 0.727980372006454 0.00504612591182807 0.00463089319767318 
0.00463089319767318 0.00504612591182807 0.727980372006454 0.262342608884045 
0.147471318015919 0.185937311288734 0.340954116803787 0.32563725389156 

0.581003926768339 0.135084567998385 0.0540453693735254 0.229866135859751 
0.145287031811508 0.472783528363193 0.362962670011632 0.0189667698136671 
0.0189667698136671 0.362962670011632 0.472783528363193 0.145287031811508 
0.229866135859751 0.0540453693735254 0.135084567998385 0.581003926768339 

0.391787272707119 0.0170556735581439 0.348047790387445 0.243109263347291 
0.000742719050661866 0.658994045111189 0.260273880418779 0.0799893554193701 
0.0799893554193701 0.260273880418779 0.658994045111189 0.000742719050661866 
0.243109263347291 0.348047790387445 0.0170556735581439 0.391787272707119 

0.743449718426354 0.00881667419834388 0.0159685585498183 0.231765048825484 
0.167498353619949 0.295178344997655 0.220110145134372 0.317213156248023 
0.317213156248023 0.220110145134372 0.295178344997655 0.167498353619949 
0.231765048825484 0.0159685585498183 0.00881667419834388 0.743449718426354 

0.375476997642063 0.014937962628183 0.280391056477006 0.329193983252748 
0.106940077137475 0.597308981266999 0.253098628929311 0.0426523126662156 
0.0426523126662156 0.253098628929311 0.597308981266999 0.106940077137475 
0.329193983252748 0.280391056477006 0.014937962628183 0.375476997642063 

0.771281275663565 0.0823205737475586 0.0685136890467992 0.0778844615420768 
0.00222604501783812 0.395712637698063 0.356642439581101 0.245418877702998 
0.245418877702998 0.356642439581101 0.395712637698063 0.00222604501783812 
0.0778844615420768 0.0685136890467992 0.0823205737475586 0.771281275663565 

0.599794347459012 0.0107721293915048 0.000629427758341889 0.388804095391141 
0.0508875782849074 0.52062164942641 0.425445811429549 0.00304496085913348 
0.00304496085913348 0.425445811429549 0.52062164942641 0.0508875782849074 
0.388804095391141 0.000629427758341889 0.0107721293915048 0.599794347459012 

0.511205477605544 0.0347912603715344 0.0619229104781677 0.392080351544754 
0.0112066080080134 0.528404480786659 0.266682142189226 0.193706769016101 
0.193706769016101 0.266682142189226 0.528404480786659 0.0112066080080134 
0.392080351544754 0.0619229104781677 0.0347912603715344 0.511205477605544 

0.590480920829788 0.000514478329780878 0.0376451541562025 0.371359446684228 
0.059214411651395 0.473290909472024 0.359980762975417 0.107513915901164 
0.107513915901164 0.359980762975417 0.473290909472024 0.059214411651395 
0.371359446684228 0.0376451541562025 0.000514478329780878 0.590480920829788 

0.298872492006776 0.43536896041321 0.00482821462000543 0.260930332960009 
0.00173200410279928 0.938997323901418 0.0588153053820127 0.00045536661377032 
0.00045536661377032 0.0588153053820127 0.938997323901418 0.00173200410279928 
0.260930332960009 0.00482821462000543 0.43536896041321 0.298872492006776 

0.696452677961536 0.0053249247960478 0.0340945021004587 0.264127895141958 
0.0508418519996527 0.411626942951921 0.34279985969708 0.194731345351346 
0.194731345351346 0.34279985969708 0.411626942951921 0.0508418519996527 
0.264127895141958 0.0340945021004587 0.0053249247960478 0.696452677961536 


