4 5

0.414409566787072 0.0855904332129285 0.0855904332129285 0.414409566787072 

0.347259111949126 0.445528391517676 0.160156213107012 0.0470562834261854 
0.298992352940096 0.52957800564813 0.128433484074161 0.042996157337614 
0.042996157337614 0.128433484074161 0.52957800564813 0.298992352940096 
0.0470562834261854 0.160156213107012 0.445528391517676 0.347259111949126 

0.176336544863786 0.207801291540086 0.450627209823176 0.165234953772951 
0.00223752850231007 0.876601934414823 0.114753770950538 0.00640676613232827 
0.00640676613232827 0.114753770950538 0.876601934414823 0.00223752850231007 
0.165234953772951 0.450627209823176 0.207801291540086 0.176336544863786 

0.378503654716532 0.086963315910646 0.16012900481499 0.374404024557831 
0.0388373252360183 0.655311450538164 0.295001329585631 0.010849894640186 
0.010849894640186 0.295001329585631 0.655311450538164 0.0388373252360183 
0.374404024557831 0.16012900481499 0.086963315910646 0.378503654716532 

0.416678762855806 0.0198235776823422 0.334735669618926 0.228761989842926 
0.0890473978775598 0.505790990577337 0.110127385763173 0.295034225781931 
0.295034225781931 0.110127385763173 0.505790990577337 0.0890473978775598 
0.228761989842926 0.334735669618926 0.0198235776823422 0.416678762855806 

0.755491510214171 0.0413924507472737 0.0647509498262326 0.138365089212323 
0.102148644743378 0.442144042989964 0.440251028577435 0.0154562836892228 
0.0154562836892228 0.440251028577435 0.442144042989964 0.102148644743378 
0.138365089212323 0.0647509498262326 0.0413924507472737 0.755491510214171 


