4 5

0.3664105363423 0.1335894636577 0.1335894636577 0.3664105363423 

0.483632711177202 0.0601935793145931 0.0167618339529901 0.439411875555214 
0.0427459409928727 0.613330505152025 0.157524469279686 0.186399084575416 
0.186399084575416 0.157524469279686 0.613330505152025 0.0427459409928727 
0.439411875555214 0.0167618339529901 0.0601935793145931 0.483632711177202 

0.731205951116312 0.0184075139309005 0.00623567780166496 0.244150857151123 
0.0546171103895852 0.364160852540013 0.311791865376797 0.269430171693605 
0.269430171693605 0.311791865376797 0.364160852540013 0.0546171103895852 
0.244150857151123 0.00623567780166496 0.0184075139309005 0.731205951116312 

0.733370414780631 0.0572190353344909 0.0259087163008349 0.183501833584044 
0.24219430479432 0.408640082818164 0.34541638380226 0.00374922858525509 
0.00374922858525509 0.34541638380226 0.408640082818164 0.24219430479432 
0.183501833584044 0.0259087163008349 0.0572190353344909 0.733370414780631 

0.473259217764619 0.209921195324013 0.0437284388284303 0.273091148082938 
0.00368025977741691 0.496116724422394 0.420942587531874 0.0792604282683159 
0.0792604282683159 0.420942587531874 0.496116724422394 0.00368025977741691 
0.273091148082938 0.0437284388284303 0.209921195324013 0.473259217764619 

0.677659368459832 0.320209814279017 0.000330902396636884 0.00179991486451453 
0.00101977032952272 0.361100410538459 0.000378801800339307 0.637501017331679 
0.637501017331679 0.000378801800339307 0.361100410538459 0.00101977032952272 
0.00179991486451453 0.000330902396636884 0.320209814279017 0.677659368459832 


