4 5

0.229111439781263 0.270888560218737 0.270888560218737 0.229111439781263 

0.980174586722538 0.00426832314867472 0.00752151519732684 0.00803557493146073 
0.00210989954285338 0.980416992704235 0.0171561557128128 0.000316952040098369 
0.000316952040098369 0.0171561557128128 0.980416992704235 0.00210989954285338 
0.00803557493146073 0.00752151519732684 0.00426832314867472 0.980174586722538 

0.975512660982845 0.0184080507062614 0.00431987585921715 0.00175941245167616 
8.67114701696989e-05 0.984965788166266 0.0047528309892283 0.010194669374336 
0.010194669374336 0.0047528309892283 0.984965788166266 8.67114701696989e-05 
0.00175941245167616 0.00431987585921715 0.0184080507062614 0.975512660982845 

0.99538385647292 0.00103989030829345 0.000601930494101268 0.00297432272468573 
0.00110199026931828 0.965662483850718 0.0281010360176722 0.0051344898622921 
0.0051344898622921 0.0281010360176722 0.965662483850718 0.00110199026931828 
0.00297432272468573 0.000601930494101268 0.00103989030829345 0.99538385647292 

0.978547929527118 0.00162916647529499 0.0112291018872107 0.00859380211037619 
0.00200343858887438 0.982036557566757 0.0042330657410225 0.0117269381033461 
0.0117269381033461 0.0042330657410225 0.982036557566757 0.00200343858887438 
0.00859380211037619 0.0112291018872107 0.00162916647529499 0.978547929527118 

0.984063764464661 0.00114661181963065 2.23465785319095e-05 0.0147672771371766 
0.000421443695345426 0.976554417678739 0.0136437610511792 0.0093803775747368 
0.0093803775747368 0.0136437610511792 0.976554417678739 0.000421443695345426 
0.0147672771371766 2.23465785319095e-05 0.00114661181963065 0.984063764464661 


