4 5

0.13067382981535 0.36932617018465 0.36932617018465 0.13067382981535 

0.971005184092901 0.0104931671140758 0.00404414261334919 0.0144575061796737 
0.00036415719935924 0.989628076432841 0.00654622738682886 0.00346153898097044 
0.00346153898097044 0.00654622738682886 0.989628076432841 0.00036415719935924 
0.0144575061796737 0.00404414261334919 0.0104931671140758 0.971005184092901 

0.990679843354589 0.00815567089082565 0.000250041662383784 0.000914444092201427 
0.0199715110604425 0.969999329391335 0.00298107657335256 0.00704808297487023 
0.00704808297487023 0.00298107657335256 0.969999329391335 0.0199715110604425 
0.000914444092201427 0.000250041662383784 0.00815567089082565 0.990679843354589 

0.990392380934543 0.000297237155839822 0.00587672634705019 0.00343365556256664 
0.0155169191532069 0.970195186885082 0.00190966794573327 0.0123782260159775 
0.0123782260159775 0.00190966794573327 0.970195186885082 0.0155169191532069 
0.00343365556256664 0.00587672634705019 0.000297237155839822 0.990392380934543 

0.972979474475433 0.0117022710295176 0.00134044899007254 0.0139778055049763 
0.00295986496492232 0.987638421131719 0.00733561856556203 0.00206609533779708 
0.00206609533779708 0.00733561856556203 0.987638421131719 0.00295986496492232 
0.0139778055049763 0.00134044899007254 0.0117022710295176 0.972979474475433 

0.981572394424376 0.011693497064939 0.00338189341998763 0.00335221509069689 
0.0117985289175932 0.979006768656883 0.00743518761758249 0.00175951480794113 
0.00175951480794113 0.00743518761758249 0.979006768656883 0.0117985289175932 
0.00335221509069689 0.00338189341998763 0.011693497064939 0.981572394424376 


