4 5

0.374791819835082 0.125208180164918 0.125208180164918 0.374791819835082 

0.987975983270083 0.00355100378694925 0.00105334132564675 0.00741967161732143 
0.00548852134388783 0.98231582347367 0.00159276760789817 0.0106028875745439 
0.0106028875745439 0.00159276760789817 0.98231582347367 0.00548852134388783 
0.00741967161732143 0.00105334132564675 0.00355100378694925 0.987975983270083 

0.990497556063814 0.00271939452554338 0.00037283796408626 0.00641021144655646 
0.00405779113520755 0.979918105548099 0.0160145264406206 9.57687607261275e-06 
9.57687607261275e-06 0.0160145264406206 0.979918105548099 0.00405779113520755 
0.00641021144655646 0.00037283796408626 0.00271939452554338 0.990497556063814 

0.973302030301912 1.43425021425535e-05 0.00188064165710838 0.024802985538837 
0.0011220935609163 0.997390143768623 0.00143996602523017 4.77966452301364e-05 
4.77966452301364e-05 0.00143996602523017 0.997390143768623 0.0011220935609163 
0.024802985538837 0.00188064165710838 1.43425021425535e-05 0.973302030301912 

0.987025297273094 0.000168956194556807 0.000299090867285418 0.0125066556650639 
0.00431282174097558 0.983342914416034 0.0109122325345212 0.00143203130846892 
0.00143203130846892 0.0109122325345212 0.983342914416034 0.00431282174097558 
0.0125066556650639 0.000299090867285418 0.000168956194556807 0.987025297273094 

0.985675256686649 0.000280314797028477 6.34509115389462e-05 0.0139809776047835 
6.14906085200078e-05 0.984764664801162 0.0151566608741651 1.71837161530037e-05 
1.71837161530037e-05 0.0151566608741651 0.984764664801162 6.14906085200078e-05 
0.0139809776047835 6.34509115389462e-05 0.000280314797028477 0.985675256686649 


