4 5

0.183696497464553 0.316303502535447 0.316303502535447 0.183696497464553 

0.331086403463412 0.357105454670295 0.072444867503537 0.239363274362756 
0.0033659462617561 0.538248980059953 0.374618150761392 0.0837669229168994 
0.0837669229168994 0.374618150761392 0.538248980059953 0.0033659462617561 
0.239363274362756 0.072444867503537 0.357105454670295 0.331086403463412 

0.744494298480341 0.00025322499942244 0.0378051048049248 0.217447371715312 
0.000130010940579517 0.365830522048252 0.284113736701842 0.349925730309326 
0.349925730309326 0.284113736701842 0.365830522048252 0.000130010940579517 
0.217447371715312 0.0378051048049248 0.00025322499942244 0.744494298480341 

0.466423650194366 0.2006836118671 0.0985888151929404 0.234303922745593 
0.345759298285037 0.507592663286446 0.129477838893795 0.0171701995347221 
0.0171701995347221 0.129477838893795 0.507592663286446 0.345759298285037 
0.234303922745593 0.0985888151929404 0.2006836118671 0.466423650194366 

0.718431786102726 0.000215548413707644 0.0163182930506107 0.265034372432956 
0.00461924014845201 0.416641288143697 0.355404479757339 0.223334991950512 
0.223334991950512 0.355404479757339 0.416641288143697 0.00461924014845201 
0.265034372432956 0.0163182930506107 0.000215548413707644 0.718431786102726 

0.461839014807553 0.0870951829135098 0.0113138040943745 0.439751998184563 
0.00258063761267585 0.94631562311657 0.0404797439209971 0.0106239953497573 
0.0106239953497573 0.0404797439209971 0.94631562311657 0.00258063761267585 
0.439751998184563 0.0113138040943745 0.0870951829135098 0.461839014807553 


