4 5

0.175013053929433 0.324986946070567 0.324986946070567 0.175013053929433 

0.97579459767387 0.0241291074169561 7.17783728912645e-05 4.51653628280591e-06 
2.32845001013997e-05 0.984636219324948 0.00516721317322666 0.0101732830017241 
0.0101732830017241 0.00516721317322666 0.984636219324948 2.32845001013997e-05 
4.51653628280591e-06 7.17783728912645e-05 0.0241291074169561 0.97579459767387 

0.967435571550153 0.0221358816816189 0.00238524442482108 0.00804330234340694 
0.000182126113582534 0.993182628759267 0.00409551869116714 0.00253972643598327 
0.00253972643598327 0.00409551869116714 0.993182628759267 0.000182126113582534 
0.00804330234340694 0.00238524442482108 0.0221358816816189 0.967435571550153 

0.984794095050951 0.000254832976993732 0.00473158840845196 0.0102194835636031 
0.000457963777882895 0.975845908845697 0.0160431909557451 0.00765293642067497 
0.00765293642067497 0.0160431909557451 0.975845908845697 0.000457963777882895 
0.0102194835636031 0.00473158840845196 0.000254832976993732 0.984794095050951 

0.988437191329247 0.00096602962802088 0.00598224471424376 0.00461453432848807 
0.00164697523030325 0.972367006388014 0.0249444663810652 0.00104155200061725 
0.00104155200061725 0.0249444663810652 0.972367006388014 0.00164697523030325 
0.00461453432848807 0.00598224471424376 0.00096602962802088 0.988437191329247 

0.985406703643954 0.000150075254347639 0.00162700887668919 0.0128162122250089 
4.03081875147515e-05 0.975388645624106 0.0236376721277973 0.000933374060581934 
0.000933374060581934 0.0236376721277973 0.975388645624106 4.03081875147515e-05 
0.0128162122250089 0.00162700887668919 0.000150075254347639 0.985406703643954 


