4 5

0.27241932915058 0.22758067084942 0.22758067084942 0.27241932915058 

0.845100066645248 0.095679125976845 0.0275422343311887 0.0316785730467188 
0.0572878037385764 0.472883293041858 0.46775382719152 0.00207507602804526 
0.00207507602804526 0.46775382719152 0.472883293041858 0.0572878037385764 
0.0316785730467188 0.0275422343311887 0.095679125976845 0.845100066645248 

0.409329614181514 0.0266993439155279 0.203501864679203 0.360469177223755 
0.0435436590878004 0.656336117136646 0.108811807055781 0.191308416719773 
0.191308416719773 0.108811807055781 0.656336117136646 0.0435436590878004 
0.360469177223755 0.203501864679203 0.0266993439155279 0.409329614181514 

0.228483251618233 0.119710813092429 0.439596274971011 0.212209660318327 
0.0379559120485872 0.721076241193261 0.178490936330786 0.0624769104273654 
0.0624769104273654 0.178490936330786 0.721076241193261 0.0379559120485872 
0.212209660318327 0.439596274971011 0.119710813092429 0.228483251618233 

0.41879312435101 0.0350536537686676 0.219397548882789 0.326755672997533 
0.0390440248651475 0.538767217712229 0.234974202524278 0.187214554898345 
0.187214554898345 0.234974202524278 0.538767217712229 0.0390440248651475 
0.326755672997533 0.219397548882789 0.0350536537686676 0.41879312435101 

0.181858420112824 0.475876770415476 0.198954285190758 0.143310524280942 
0.043999587206799 0.618395521287566 0.329396309459478 0.00820858204615716 
0.00820858204615716 0.329396309459478 0.618395521287566 0.043999587206799 
0.143310524280942 0.198954285190758 0.475876770415476 0.181858420112824 


