4 5

0.177638762048446 0.322361237951554 0.322361237951554 0.177638762048446 

0.982209691001255 0.0116871244044073 0.000987483109351261 0.0051157014849868 
8.35553750093525e-05 0.978293987407183 0.0125726344200373 0.00904982279776991 
0.00904982279776991 0.0125726344200373 0.978293987407183 8.35553750093525e-05 
0.0051157014849868 0.000987483109351261 0.0116871244044073 0.982209691001255 

0.96651980021492 4.28820572890998e-05 0.00337800154295152 0.0300593161848398 
0.00396098958133113 0.994554389172959 0.000914984239444694 0.00056963700626471 
0.00056963700626471 0.000914984239444694 0.994554389172959 0.00396098958133113 
0.0300593161848398 0.00337800154295152 4.28820572890998e-05 0.96651980021492 

0.992284781979029 0.000143575417757897 0.00752995899268649 4.16836105270879e-05 
0.0315802111023131 0.96826533519613 2.57113025128319e-05 0.00012874239904441 
0.00012874239904441 2.57113025128319e-05 0.96826533519613 0.0315802111023131 
4.16836105270879e-05 0.00752995899268649 0.000143575417757897 0.992284781979029 

0.970364804492398 0.00149783534303805 0.0272392248204256 0.00089813534413824 
0.00127380947553667 0.99035361159367 0.000573634970713999 0.00779894396007909 
0.00779894396007909 0.000573634970713999 0.99035361159367 0.00127380947553667 
0.00089813534413824 0.0272392248204256 0.00149783534303805 0.970364804492398 

0.979068253350866 0.000934704163580076 0.00117207341260353 0.0188249690729507 
0.00148826076256574 0.981652283049531 0.0164989199366635 0.000360536251239504 
0.000360536251239504 0.0164989199366635 0.981652283049531 0.00148826076256574 
0.0188249690729507 0.00117207341260353 0.000934704163580076 0.979068253350866 


