4 5

0.0744343345286325 0.425565665471368 0.425565665471368 0.0744343345286325 

0.978093025211872 0.00712421258516983 0.00113644934764334 0.0136463128553148 
0.00877084058480606 0.982506541826552 0.00868078074464812 4.18368439943683e-05 
4.18368439943683e-05 0.00868078074464812 0.982506541826552 0.00877084058480606 
0.0136463128553148 0.00113644934764334 0.00712421258516983 0.978093025211872 

0.981811071717541 5.10574768302308e-05 0.000356888109550789 0.0177809826960781 
0.00197350678889477 0.978757988430852 0.002087740255309 0.0171807645249443 
0.0171807645249443 0.002087740255309 0.978757988430852 0.00197350678889477 
0.0177809826960781 0.000356888109550789 5.10574768302308e-05 0.981811071717541 

0.988801262436044 0.0013028565472668 0.000611636370992715 0.00928424464569649 
0.00027916207235106 0.972082280826704 0.0267323644474496 0.000906192653494962 
0.000906192653494962 0.0267323644474496 0.972082280826704 0.00027916207235106 
0.00928424464569649 0.000611636370992715 0.0013028565472668 0.988801262436044 

0.992306037783587 0.00118291523090013 0.000644649617349512 0.00586639736816325 
0.0272865218547598 0.96829752502783 0.00419336831526917 0.000222584802140748 
0.000222584802140748 0.00419336831526917 0.96829752502783 0.0272865218547598 
0.00586639736816325 0.000644649617349512 0.00118291523090013 0.992306037783587 

0.976239809141087 0.0111984232588764 0.00513139519053379 0.00743037240950245 
0.00110766208211532 0.984281368229869 0.00210022947565125 0.0125107402123642 
0.0125107402123642 0.00210022947565125 0.984281368229869 0.00110766208211532 
0.00743037240950245 0.00513139519053379 0.0111984232588764 0.976239809141087 


