4 5

0.223680061288178 0.276319938711822 0.276319938711822 0.223680061288178 

0.97695591133973 0.000889500021627721 0.00026613548047557 0.021888453158167 
0.00227518440135894 0.983707872096382 0.00276329912711243 0.0112536443751464 
0.0112536443751464 0.00276329912711243 0.983707872096382 0.00227518440135894 
0.021888453158167 0.00026613548047557 0.000889500021627721 0.97695591133973 

0.966459919321812 0.0264286674665816 0.00688825390992247 0.000223159301683873 
0.0001399917768989 0.994173434747063 0.000522044561640012 0.00516452891439827 
0.00516452891439827 0.000522044561640012 0.994173434747063 0.0001399917768989 
0.000223159301683873 0.00688825390992247 0.0264286674665816 0.966459919321812 

0.962808296192847 4.85467992459806e-06 0.0001562334267249 0.0370306157005033 
0.000882326116513458 0.998642138595969 0.000375394718211408 0.000100140569305792 
0.000100140569305792 0.000375394718211408 0.998642138595969 0.000882326116513458 
0.0370306157005033 0.0001562334267249 4.85467992459806e-06 0.962808296192847 

0.983127114625996 0.00960145711625434 0.00340526979276482 0.00386615846498517 
0.00210834764891823 0.977463000323661 0.0167884225996237 0.00364022942779705 
0.00364022942779705 0.0167884225996237 0.977463000323661 0.00210834764891823 
0.00386615846498517 0.00340526979276482 0.00960145711625434 0.983127114625996 

0.992222763414202 0.00596549960202536 0.00036649078729206 0.00144524619648045 
0.000331795400172519 0.968337886428568 0.00308353789888638 0.028246780272373 
0.028246780272373 0.00308353789888638 0.968337886428568 0.000331795400172519 
0.00144524619648045 0.00036649078729206 0.00596549960202536 0.992222763414202 


