4 5

0.152737475698814 0.347262524301186 0.347262524301186 0.152737475698814 

0.986552398868048 0.00604324793561671 0.00193647760449846 0.00546787559183654 
0.00485924171555614 0.974118622398543 0.0189595418956576 0.0020625939902436 
0.0020625939902436 0.0189595418956576 0.974118622398543 0.00485924171555614 
0.00546787559183654 0.00193647760449846 0.00604324793561671 0.986552398868048 

0.961739883602384 0.0151056387143054 7.36670287398936e-05 0.0230808106545711 
4.0171855979915e-06 0.999299445781642 9.20432653946923e-05 0.000604493767365334 
0.000604493767365334 9.20432653946923e-05 0.999299445781642 4.0171855979915e-06 
0.0230808106545711 7.36670287398936e-05 0.0151056387143054 0.961739883602384 

0.976658323927042 3.81092334100182e-05 0.00240690679962369 0.0208966600399244 
0.000470778683910744 0.984097562687636 0.0153920369837974 3.96216446558966e-05 
3.96216446558966e-05 0.0153920369837974 0.984097562687636 0.000470778683910744 
0.0208966600399244 0.00240690679962369 3.81092334100182e-05 0.976658323927042 

0.969773174881061 0.00219346861056544 0.0147931815940373 0.0132401749143362 
0.003797560152068 0.990850758831389 0.00532978407209111 2.18969444519849e-05 
2.18969444519849e-05 0.00532978407209111 0.990850758831389 0.003797560152068 
0.0132401749143362 0.0147931815940373 0.00219346861056544 0.969773174881061 

0.979668214881483 0.0027458316542469 0.0108559379855351 0.00673001547873509 
0.00523760172196475 0.980904910514591 0.0014635799130075 0.0123939078504369 
0.0123939078504369 0.0014635799130075 0.980904910514591 0.00523760172196475 
0.00673001547873509 0.0108559379855351 0.0027458316542469 0.979668214881483 


