4 5

0.228987978305668 0.271012021694332 0.271012021694332 0.228987978305668 

0.981513363554782 5.61513886554381e-05 0.000142747036787301 0.0182877380197757 
1.19619178774911e-05 0.988956527230142 0.0109971541308281 3.43567211522166e-05 
3.43567211522166e-05 0.0109971541308281 0.988956527230142 1.19619178774911e-05 
0.0182877380197757 0.000142747036787301 5.61513886554381e-05 0.981513363554782 

0.987181242351596 0.0114787474560351 0.000424584910520078 0.000915425281849014 
0.0024305459560067 0.983112247942602 0.00824763132906403 0.00620957477232683 
0.00620957477232683 0.00824763132906403 0.983112247942602 0.0024305459560067 
0.000915425281849014 0.000424584910520078 0.0114787474560351 0.987181242351596 

0.985339264535756 0.00276440581340249 0.00174908904914744 0.010147240601694 
0.0118654745009923 0.984974392710286 0.00267562856393705 0.000484504224784849 
0.000484504224784849 0.00267562856393705 0.984974392710286 0.0118654745009923 
0.010147240601694 0.00174908904914744 0.00276440581340249 0.985339264535756 

0.98100890324602 0.00226806863850058 0.00886008448252197 0.00786294363295714 
0.00335162985562655 0.989313051027111 0.00332042779049335 0.00401489132676956 
0.00401489132676956 0.00332042779049335 0.989313051027111 0.00335162985562655 
0.00786294363295714 0.00886008448252197 0.00226806863850058 0.98100890324602 

0.99192094233058 0.0052781877798344 0.0023146362716024 0.000486233617983112 
0.00316023697177321 0.978514789440987 0.0168442647852489 0.00148070880199063 
0.00148070880199063 0.0168442647852489 0.978514789440987 0.00316023697177321 
0.000486233617983112 0.0023146362716024 0.0052781877798344 0.99192094233058 


