4 5

0.420058413990773 0.0799415860092267 0.0799415860092267 0.420058413990773 

0.922269133153544 0.00225181401979939 0.0342229993095233 0.0412560535171339 
0.263325095863247 0.167797410426653 0.0208390402465596 0.54803845346354 
0.54803845346354 0.0208390402465596 0.167797410426653 0.263325095863247 
0.0412560535171339 0.0342229993095233 0.00225181401979939 0.922269133153544 

0.448477717511072 0.121052606660479 0.0161901182295912 0.414279557598858 
0.0366394433024025 0.858552775474453 0.102702249055076 0.0021055321680688 
0.0021055321680688 0.102702249055076 0.858552775474453 0.0366394433024025 
0.414279557598858 0.0161901182295912 0.121052606660479 0.448477717511072 

0.81366759621421 0.142917727662712 0.0113407217366281 0.0320739543864493 
0.393223649229441 0.239621942286142 0.0357979098533985 0.331356498631019 
0.331356498631019 0.0357979098533985 0.239621942286142 0.393223649229441 
0.0320739543864493 0.0113407217366281 0.142917727662712 0.81366759621421 

0.403412426867048 0.0503832785616723 0.197174556306178 0.349029738265102 
0.0363783056552211 0.786946240677575 0.0798286341199437 0.0968468195472601 
0.0968468195472601 0.0798286341199437 0.786946240677575 0.0363783056552211 
0.349029738265102 0.197174556306178 0.0503832785616723 0.403412426867048 

0.195990240625003 0.674705864786385 0.107738092283891 0.021565802304721 
0.0186272821165879 0.868766676970149 0.00462386393705583 0.107982176976208 
0.107982176976208 0.00462386393705583 0.868766676970149 0.0186272821165879 
0.021565802304721 0.107738092283891 0.674705864786385 0.195990240625003 


