4 5

0.292379865422845 0.207620134577155 0.207620134577155 0.292379865422845 

0.395907094978539 0.220449079575408 0.242754032709392 0.14088979273666 
0.214434344456669 0.493330824273026 0.276370408912765 0.0158644223575389 
0.0158644223575389 0.276370408912765 0.493330824273026 0.214434344456669 
0.14088979273666 0.242754032709392 0.220449079575408 0.395907094978539 

0.747067286591136 0.024802581783871 0.16978001328185 0.0583501183431427 
0.0113045790290692 0.509597164178972 0.478281711461157 0.000816545330801598 
0.000816545330801598 0.478281711461157 0.509597164178972 0.0113045790290692 
0.0583501183431427 0.16978001328185 0.024802581783871 0.747067286591136 

0.469691787475467 0.0103797452605387 0.0706328147012564 0.449295652562738 
0.137553817123666 0.812823946597062 0.0436877087307236 0.00593452754854813 
0.00593452754854813 0.0436877087307236 0.812823946597062 0.137553817123666 
0.449295652562738 0.0706328147012564 0.0103797452605387 0.469691787475467 

0.163290384057443 0.813553680268858 0.0160588829554112 0.00709705271828771 
0.00260837289297493 0.886397181377343 0.0426343732691647 0.0683600724605175 
0.0683600724605175 0.0426343732691647 0.886397181377343 0.00260837289297493 
0.00709705271828771 0.0160588829554112 0.813553680268858 0.163290384057443 

0.515378967199597 0.00911137129609448 0.0012947925224344 0.474214868981875 
0.000598926648277584 0.678267169078468 0.180299850363556 0.140834053909698 
0.140834053909698 0.180299850363556 0.678267169078468 0.000598926648277584 
0.474214868981875 0.0012947925224344 0.00911137129609448 0.515378967199597 


