4 5

0.169909229618497 0.330090770381503 0.330090770381503 0.169909229618497 

0.106019750053378 0.498925571992255 0.37003603896225 0.025018638992116 
0.011116074727044 0.865264732635413 0.035863177463513 0.0877560151740304 
0.0877560151740304 0.035863177463513 0.865264732635413 0.011116074727044 
0.025018638992116 0.37003603896225 0.498925571992255 0.106019750053378 

0.591445889039415 0.0701440170516991 0.00357773735942572 0.33483235654946 
0.426147119066013 0.232718464694526 0.141773656065386 0.199360760174075 
0.199360760174075 0.141773656065386 0.232718464694526 0.426147119066013 
0.33483235654946 0.00357773735942572 0.0701440170516991 0.591445889039415 

0.677361450067274 0.0119473572473243 0.293193188575622 0.0174980041097791 
0.665755660349441 0.29771186957674 0.0141634449950984 0.0223690250787211 
0.0223690250787211 0.0141634449950984 0.29771186957674 0.665755660349441 
0.0174980041097791 0.293193188575622 0.0119473572473243 0.677361450067274 

0.405458631862024 0.304866241323276 0.0160451999325768 0.273629926882123 
0.252448171130159 0.656875761035207 0.080641974808749 0.0100340930258857 
0.0100340930258857 0.080641974808749 0.656875761035207 0.252448171130159 
0.273629926882123 0.0160451999325768 0.304866241323276 0.405458631862024 

0.491462591619682 0.00305012196724784 0.0184742944829308 0.487012991930139 
0.0039705949230558 0.827187715574425 0.136153724423926 0.0326879650785929 
0.0326879650785929 0.136153724423926 0.827187715574425 0.0039705949230558 
0.487012991930139 0.0184742944829308 0.00305012196724784 0.491462591619682 


