4 5

0.0702731449855492 0.429726855014451 0.429726855014451 0.0702731449855492 

0.784013654149327 0.109606910099031 0.0791419276778707 0.0272375080737712 
0.0115546738100125 0.24332678833961 0.146720579435355 0.598397958415023 
0.598397958415023 0.146720579435355 0.24332678833961 0.0115546738100125 
0.0272375080737712 0.0791419276778707 0.109606910099031 0.784013654149327 

0.469040918180832 0.00172708579570122 0.0802150072272569 0.44901698879621 
0.129278776029604 0.812573531240943 0.0352472751585826 0.0229004175708701 
0.0229004175708701 0.0352472751585826 0.812573531240943 0.129278776029604 
0.44901698879621 0.0802150072272569 0.00172708579570122 0.469040918180832 

0.467189254490753 0.0244666743267864 0.0777056230405978 0.430638448141863 
0.00707058774942143 0.774849506053912 0.213944169761887 0.00413573643477966 
0.00413573643477966 0.213944169761887 0.774849506053912 0.00707058774942143 
0.430638448141863 0.0777056230405978 0.0244666743267864 0.467189254490753 

0.634540996020137 0.142959953367077 0.00486673103879209 0.217632319573993 
0.0167987474625771 0.50605892922449 0.45405702925208 0.0230852940608526 
0.0230852940608526 0.45405702925208 0.50605892922449 0.0167987474625771 
0.217632319573993 0.00486673103879209 0.142959953367077 0.634540996020137 

0.929699228123415 0.0450947185600135 0.00331955912296968 0.0218864941936016 
0.760018064340956 0.18277727193221 0.0123506049605366 0.0448540587662976 
0.0448540587662976 0.0123506049605366 0.18277727193221 0.760018064340956 
0.0218864941936016 0.00331955912296968 0.0450947185600135 0.929699228123415 


