4 5

0.348796415957622 0.151203584042378 0.151203584042378 0.348796415957622 

0.969129967508062 0.00589253163327787 0.0246143181901718 0.000363182668488615 
0.000561225246074199 0.99142960842045 0.0080035182117415 5.64812173405244e-06 
5.64812173405244e-06 0.0080035182117415 0.99142960842045 0.000561225246074199 
0.000363182668488615 0.0246143181901718 0.00589253163327787 0.969129967508062 

0.982067714377296 2.72146038918621e-06 0.000145831769032458 0.017783732393282 
0.000109667721065952 0.978662231046645 0.0181403663228482 0.00308773490944132 
0.00308773490944132 0.0181403663228482 0.978662231046645 0.000109667721065952 
0.017783732393282 0.000145831769032458 2.72146038918621e-06 0.982067714377296 

0.974095829283638 0.000494176673837258 0.00162428958042612 0.0237857044620986 
0.000259251082408575 0.986683266698198 0.00919334565837465 0.00386413656101855 
0.00386413656101855 0.00919334565837465 0.986683266698198 0.000259251082408575 
0.0237857044620986 0.00162428958042612 0.000494176673837258 0.974095829283638 

0.970879785807025 0.0210113129553346 0.000495006774869628 0.00761389446277111 
0.000133544250739197 0.98964624826159 0.00274708932003564 0.00747311816763485 
0.00747311816763485 0.00274708932003564 0.98964624826159 0.000133544250739197 
0.00761389446277111 0.000495006774869628 0.0210113129553346 0.970879785807025 

0.968461542726573 0.00037330793915102 0.00410769679707668 0.0270574525371991 
0.000865512053794546 0.992489077637959 0.00133389321086713 0.00531151709737936 
0.00531151709737936 0.00133389321086713 0.992489077637959 0.000865512053794546 
0.0270574525371991 0.00410769679707668 0.00037330793915102 0.968461542726573 


