4 5

0.0867944894125685 0.413205510587431 0.413205510587431 0.0867944894125685 

0.48750761407399 0.000268287067875853 0.039094522884398 0.473129575973736 
0.00377061893523047 0.763811881635753 0.0455824328167946 0.186835066612222 
0.186835066612222 0.0455824328167946 0.763811881635753 0.00377061893523047 
0.473129575973736 0.039094522884398 0.000268287067875853 0.48750761407399 

0.494969359650459 0.0130149255927641 0.00532010088415165 0.486695613872625 
0.0271281111652485 0.638790863362729 0.312506348273735 0.0215746771982871 
0.0215746771982871 0.312506348273735 0.638790863362729 0.0271281111652485 
0.486695613872625 0.00532010088415165 0.0130149255927641 0.494969359650459 

0.385470585639618 0.23235717788666 0.0111135536223364 0.371058682851385 
0.045109590261135 0.937382889779774 0.0166092031049302 0.000898316854161162 
0.000898316854161162 0.0166092031049302 0.937382889779774 0.045109590261135 
0.371058682851385 0.0111135536223364 0.23235717788666 0.385470585639618 

0.322383822853651 0.271408018828137 0.08446053239582 0.321747625922392 
0.00342011442460269 0.934772595909775 0.0400089488861412 0.021798340779481 
0.021798340779481 0.0400089488861412 0.934772595909775 0.00342011442460269 
0.321747625922392 0.08446053239582 0.271408018828137 0.322383822853651 

0.485672997753225 0.0244505358754338 0.00687947371129124 0.48299699266005 
0.00343265608072472 0.911981611173535 0.060942513573802 0.0236432191719383 
0.0236432191719383 0.060942513573802 0.911981611173535 0.00343265608072472 
0.48299699266005 0.00687947371129124 0.0244505358754338 0.485672997753225 


