4 5

0.298925755661912 0.201074244338088 0.201074244338088 0.298925755661912 

0.545808424840326 0.0739774534329822 0.0257758060493321 0.35443831567736 
0.00136343226176935 0.536741825381907 0.433591504535331 0.0283032378209932 
0.0283032378209932 0.433591504535331 0.536741825381907 0.00136343226176935 
0.35443831567736 0.0257758060493321 0.0739774534329822 0.545808424840326 

0.529737105646843 0.0163430604621058 0.00395015451717289 0.449969679373879 
0.000935440232802892 0.615553190153173 0.380564109366147 0.00294726024787718 
0.00294726024787718 0.380564109366147 0.615553190153173 0.000935440232802892 
0.449969679373879 0.00395015451717289 0.0163430604621058 0.529737105646843 

0.536462342723936 9.57823130908777e-05 2.10447155593571e-05 0.463420830247414 
0.0574315490911427 0.60219369831295 0.334365252577069 0.006009500018839 
0.006009500018839 0.334365252577069 0.60219369831295 0.0574315490911427 
0.463420830247414 2.10447155593571e-05 9.57823130908777e-05 0.536462342723936 

0.696188379942303 0.0697114570173744 0.0106939568723738 0.223406206167949 
0.0523189179700822 0.497937047199909 0.446942285718147 0.00280174911186168 
0.00280174911186168 0.446942285718147 0.497937047199909 0.0523189179700822 
0.223406206167949 0.0106939568723738 0.0697114570173744 0.696188379942303 

0.527141962567434 0.000615815449998127 0.00189820589891042 0.470344016083658 
0.0288919443557072 0.649271442788791 0.314167646068288 0.00766896678721431 
0.00766896678721431 0.314167646068288 0.649271442788791 0.0288919443557072 
0.470344016083658 0.00189820589891042 0.000615815449998127 0.527141962567434 


