4 5

0.25289957493078 0.24710042506922 0.24710042506922 0.25289957493078 

0.479720635028763 0.0675324155035976 0.00525213664785206 0.447494812819787 
0.0508606086597811 0.639359748165303 0.0962603652693775 0.213519277905538 
0.213519277905538 0.0962603652693775 0.639359748165303 0.0508606086597811 
0.447494812819787 0.00525213664785206 0.0675324155035976 0.479720635028763 

0.479109397814156 0.0603982456454541 0.00141406487085245 0.459078291669538 
0.0054227495344037 0.871577502378563 0.0340054723500847 0.0889942757369485 
0.0889942757369485 0.0340054723500847 0.871577502378563 0.0054227495344037 
0.459078291669538 0.00141406487085245 0.0603982456454541 0.479109397814156 

0.377555189797942 0.257785600949644 0.00568893909514792 0.358970270157265 
0.0636977407825128 0.792436445300159 0.00151814868357325 0.142347665233755 
0.142347665233755 0.00151814868357325 0.792436445300159 0.0636977407825128 
0.358970270157265 0.00568893909514792 0.257785600949644 0.377555189797942 

0.505247658030258 0.165047144966014 0.0482849296001254 0.281420267403603 
0.044011275690472 0.334172915713313 0.285281735565541 0.336534073030674 
0.336534073030674 0.285281735565541 0.334172915713313 0.044011275690472 
0.281420267403603 0.0482849296001254 0.165047144966014 0.505247658030258 

0.289183360901501 0.261959680164139 0.330209549895231 0.118647409039128 
0.0384102291687783 0.689253520048926 0.104414735820002 0.167921514962293 
0.167921514962293 0.104414735820002 0.689253520048926 0.0384102291687783 
0.118647409039128 0.330209549895231 0.261959680164139 0.289183360901501 


