4 5

0.110288870986551 0.389711129013449 0.389711129013449 0.110288870986551 

0.762876088761046 0.0622771872776048 0.0047030516061834 0.170143672355166 
0.0369294776248301 0.49956899954908 0.461609221573787 0.00189230125230234 
0.00189230125230234 0.461609221573787 0.49956899954908 0.0369294776248301 
0.170143672355166 0.0047030516061834 0.0622771872776048 0.762876088761046 

0.467076854705394 0.30613936535061 0.138337532976527 0.0884462469674688 
0.383811168737585 0.544472100468427 0.0373035016340041 0.0344132291599832 
0.0344132291599832 0.0373035016340041 0.544472100468427 0.383811168737585 
0.0884462469674688 0.138337532976527 0.30613936535061 0.467076854705394 

0.836186298155994 0.161046025407293 0.000384966272355791 0.00238271016435726 
0.0309427256478066 0.207719834618841 0.0218446846695532 0.739492755063799 
0.739492755063799 0.0218446846695532 0.207719834618841 0.0309427256478066 
0.00238271016435726 0.000384966272355791 0.161046025407293 0.836186298155994 

0.668634629516236 0.00158467012159004 0.00248765605435407 0.327293044307819 
0.00559861690322664 0.509896235330509 0.453921787733973 0.0305833600322914 
0.0305833600322914 0.453921787733973 0.509896235330509 0.00559861690322664 
0.327293044307819 0.00248765605435407 0.00158467012159004 0.668634629516236 

0.584347576964284 0.0691123056169733 0.000491133852293289 0.34604898356645 
0.526884595739053 0.394814362754154 0.0450949989894886 0.0332060425173045 
0.0332060425173045 0.0450949989894886 0.394814362754154 0.526884595739053 
0.34604898356645 0.000491133852293289 0.0691123056169733 0.584347576964284 


