4 5

0.0586418971652165 0.441358102834783 0.441358102834783 0.0586418971652165 

0.979220505706855 0.000110860962023774 0.00856152184712939 0.0121071114839919 
0.00496348446124211 0.991122950627235 0.00375264401797015 0.000160920893552527 
0.000160920893552527 0.00375264401797015 0.991122950627235 0.00496348446124211 
0.0121071114839919 0.00856152184712939 0.000110860962023774 0.979220505706855 

0.992705047071129 0.000432206274139685 0.00645947281027489 0.000403273844456042 
2.67399805438508e-05 0.977827800539612 0.0221453449823811 1.1449746291507e-07 
1.1449746291507e-07 0.0221453449823811 0.977827800539612 2.67399805438508e-05 
0.000403273844456042 0.00645947281027489 0.000432206274139685 0.992705047071129 

0.98706915084711 0.00390254362729173 5.76483107135027e-05 0.00897065721488438 
0.00724625777603817 0.983245070590913 0.00581795219802866 0.0036907194350204 
0.0036907194350204 0.00581795219802866 0.983245070590913 0.00724625777603817 
0.00897065721488438 5.76483107135027e-05 0.00390254362729173 0.98706915084711 

0.973267020497947 5.12529380401266e-05 0.000782698069418962 0.025899028494594 
0.000635832285614439 0.997455804336635 0.0016267477560864 0.000281615621663996 
0.000281615621663996 0.0016267477560864 0.997455804336635 0.000635832285614439 
0.025899028494594 0.000782698069418962 5.12529380401266e-05 0.973267020497947 

0.985577837819696 8.60474291145934e-05 0.0120760249581095 0.00226008979307951 
0.0078399163735199 0.984677140153414 0.00745829391043229 2.4649562634026e-05 
2.4649562634026e-05 0.00745829391043229 0.984677140153414 0.0078399163735199 
0.00226008979307951 0.0120760249581095 8.60474291145934e-05 0.985577837819696 


