4 5

0.354673707624897 0.145326292375103 0.145326292375103 0.354673707624897 

0.995131938755386 0.000855143677511567 3.99388433039267e-05 0.00397297872379876 
0.00137856343936954 0.985003981459149 0.00127459022064252 0.0123428648808386 
0.0123428648808386 0.00127459022064252 0.985003981459149 0.00137856343936954 
0.00397297872379876 3.99388433039267e-05 0.000855143677511567 0.995131938755386 

0.987841337371641 0.00339126598191326 0.0013239121575878 0.00744348448885829 
0.00133115287456389 0.992305620126433 0.0033744068294243 0.00298882016957877 
0.00298882016957877 0.0033744068294243 0.992305620126433 0.00133115287456389 
0.00744348448885829 0.0013239121575878 0.00339126598191326 0.987841337371641 

0.985516430426955 0.000233410521027402 0.000128047256815508 0.0141221117952018 
0.00282842098883694 0.994709429997105 0.00223707492813707 0.000225074085921439 
0.000225074085921439 0.00223707492813707 0.994709429997105 0.00282842098883694 
0.0141221117952018 0.000128047256815508 0.000233410521027402 0.985516430426955 

0.992151556393498 9.76845146941985e-07 0.00035981142454394 0.00748765533681073 
0.000187910174986709 0.987989819500452 0.00346938590306567 0.00835288442149534 
0.00835288442149534 0.00346938590306567 0.987989819500452 0.000187910174986709 
0.00748765533681073 0.00035981142454394 9.76845146941985e-07 0.992151556393498 

0.99589154434945 0.000158571209514919 0.00336476012970608 0.000585124311328733 
0.0142029735857522 0.984245991355922 0.00152368078603549 2.73542722899409e-05 
2.73542722899409e-05 0.00152368078603549 0.984245991355922 0.0142029735857522 
0.000585124311328733 0.00336476012970608 0.000158571209514919 0.99589154434945 


