4 5

0.396522053284571 0.103477946715429 0.103477946715429 0.396522053284571 

0.530276794057362 0.227716286874698 0.0374190057551801 0.20458791331276 
0.18563069065801 0.37306810988149 0.328281101269298 0.113020098191202 
0.113020098191202 0.328281101269298 0.37306810988149 0.18563069065801 
0.20458791331276 0.0374190057551801 0.227716286874698 0.530276794057362 

0.851016025040476 0.00699808253862265 0.0580228683982992 0.0839630240226018 
0.00181164831486078 0.440951592955838 0.432214383168691 0.12502237556061 
0.12502237556061 0.432214383168691 0.440951592955838 0.00181164831486078 
0.0839630240226018 0.0580228683982992 0.00699808253862265 0.851016025040476 

0.958362931931073 0.0118540836595 0.00623835234701023 0.0235446320624168 
0.000126852623209362 0.500118639836382 0.499752377123105 2.13041730420224e-06 
2.13041730420224e-06 0.499752377123105 0.500118639836382 0.000126852623209362 
0.0235446320624168 0.00623835234701023 0.0118540836595 0.958362931931073 

0.603615716010403 0.00206464425473106 0.0124492998321694 0.381870339902696 
0.00118169765596018 0.460015274285226 0.454438678686796 0.0843643493720177 
0.0843643493720177 0.454438678686796 0.460015274285226 0.00118169765596018 
0.381870339902696 0.0124492998321694 0.00206464425473106 0.603615716010403 

0.844677605826773 0.103361995976908 0.00443309598842439 0.0475273022078944 
0.327910001580006 0.350636173321518 0.310535964447909 0.0109178606505673 
0.0109178606505673 0.310535964447909 0.350636173321518 0.327910001580006 
0.0475273022078944 0.00443309598842439 0.103361995976908 0.844677605826773 


