4 5

0.206472522229888 0.293527477770112 0.293527477770112 0.206472522229888 

0.373817854844568 0.191425767974446 0.0873518603704021 0.347404516810584 
0.00101669034249917 0.909328245238245 0.047863867614779 0.0417911968044773 
0.0417911968044773 0.047863867614779 0.909328245238245 0.00101669034249917 
0.347404516810584 0.0873518603704021 0.191425767974446 0.373817854844568 

0.857086279711025 0.0248247943411981 0.0210901955111173 0.0969987304366594 
0.748124713923928 0.18112006192467 0.0402749837921508 0.030480240359252 
0.030480240359252 0.0402749837921508 0.18112006192467 0.748124713923928 
0.0969987304366594 0.0210901955111173 0.0248247943411981 0.857086279711025 

0.711203998113006 0.080317528494259 0.00301232820909964 0.205466145183635 
0.0239420542036526 0.232440547491413 0.20942562684161 0.534191771463325 
0.534191771463325 0.20942562684161 0.232440547491413 0.0239420542036526 
0.205466145183635 0.00301232820909964 0.080317528494259 0.711203998113006 

0.846272107730177 0.00983842569124954 5.81660963814828e-05 0.143831300482192 
0.243471976267834 0.37106932715408 0.330757633967199 0.0547010626108879 
0.0547010626108879 0.330757633967199 0.37106932715408 0.243471976267834 
0.143831300482192 5.81660963814828e-05 0.00983842569124954 0.846272107730177 

0.476285657264581 0.116166876936686 0.109234352932181 0.298313112866552 
0.334712310561649 0.454214842512029 0.203337688720922 0.00773515820539936 
0.00773515820539936 0.203337688720922 0.454214842512029 0.334712310561649 
0.298313112866552 0.109234352932181 0.116166876936686 0.476285657264581 


