4 5

0.438878972781822 0.0611210272181779 0.0611210272181779 0.438878972781822 

0.817987679849659 0.0403182843733543 0.0474208374707729 0.0942731983062141 
0.0243956662118454 0.494369093336517 0.465432781552915 0.0158024588987229 
0.0158024588987229 0.465432781552915 0.494369093336517 0.0243956662118454 
0.0942731983062141 0.0474208374707729 0.0403182843733543 0.817987679849659 

0.323472930647196 0.0930800405081469 0.419736534763722 0.163710494080935 
0.0866281545303459 0.518883943586986 0.385862477683471 0.0086254241991964 
0.0086254241991964 0.385862477683471 0.518883943586986 0.0866281545303459 
0.163710494080935 0.419736534763722 0.0930800405081469 0.323472930647196 

0.694288747887848 0.206007325684992 0.0737583067070466 0.0259456197201131 
0.0523645794177711 0.480850669137226 0.433845393848259 0.0329393575967436 
0.0329393575967436 0.433845393848259 0.480850669137226 0.0523645794177711 
0.0259456197201131 0.0737583067070466 0.206007325684992 0.694288747887848 

0.674861487026231 0.127431882216683 0.000420856331725519 0.197285774425361 
0.0805744064166831 0.360748286386802 0.331749816864753 0.226927490331762 
0.226927490331762 0.331749816864753 0.360748286386802 0.0805744064166831 
0.197285774425361 0.000420856331725519 0.127431882216683 0.674861487026231 

0.486266464790672 0.0908039307500257 0.00226168056058472 0.420667923898718 
0.053962774210373 0.591850696478376 0.269714807095104 0.0844717222161474 
0.0844717222161474 0.269714807095104 0.591850696478376 0.053962774210373 
0.420667923898718 0.00226168056058472 0.0908039307500257 0.486266464790672 


