4 5

0.393584028701298 0.106415971298702 0.106415971298702 0.393584028701298 

0.983447856672943 0.000577212925458242 0.0129857648116802 0.00298916558991869 
0.000226801366719684 0.986903781692107 0.00455376246353317 0.00831565447764018 
0.00831565447764018 0.00455376246353317 0.986903781692107 0.000226801366719684 
0.00298916558991869 0.0129857648116802 0.000577212925458242 0.983447856672943 

0.992186367930157 0.0058787776322858 0.00157965183365742 0.000355202603899318 
0.000630128268236037 0.978284107468799 0.0192642725132631 0.00182149174970227 
0.00182149174970227 0.0192642725132631 0.978284107468799 0.000630128268236037 
0.000355202603899318 0.00157965183365742 0.0058787776322858 0.992186367930157 

0.991809777503849 0.000227173061105918 0.00227754995070679 0.00568549948433866 
0.00327202634114939 0.978613472108386 0.0161293353805504 0.00198516616991376 
0.00198516616991376 0.0161293353805504 0.978613472108386 0.00327202634114939 
0.00568549948433866 0.00227754995070679 0.000227173061105918 0.991809777503849 

0.984342391757702 0.00023106051355384 0.0108669757580473 0.00455957197069651 
9.84911995417599e-05 0.98601080641494 0.00388126185112042 0.0100094405343981 
0.0100094405343981 0.00388126185112042 0.98601080641494 9.84911995417599e-05 
0.00455957197069651 0.0108669757580473 0.00023106051355384 0.984342391757702 

0.989958954932963 0.000806744433916967 0.00169004662365498 0.00754425400946546 
0.000377315752944945 0.980502891165518 0.0190659626918686 5.38303896684691e-05 
5.38303896684691e-05 0.0190659626918686 0.980502891165518 0.000377315752944945 
0.00754425400946546 0.00169004662365498 0.000806744433916967 0.989958954932963 


