4 5

0.108234468963929 0.391765531036071 0.391765531036071 0.108234468963929 

0.962769342412847 0.00957263010305318 0.000545327859727849 0.0271126996243722 
0.00014112140344242 0.998341997708006 0.00148831680894373 2.85640796079878e-05 
2.85640796079878e-05 0.00148831680894373 0.998341997708006 0.00014112140344242 
0.0271126996243722 0.000545327859727849 0.00957263010305318 0.962769342412847 

0.988676023459944 0.00972196335970816 0.00142321214404222 0.000178801036305853 
0.00620032086496567 0.971958431419111 0.0134145953141621 0.0084266524017609 
0.0084266524017609 0.0134145953141621 0.971958431419111 0.00620032086496567 
0.000178801036305853 0.00142321214404222 0.00972196335970816 0.988676023459944 

0.970978342922996 0.0120018007350457 0.00332774960145648 0.013692106740502 
0.00215741647122874 0.989653557477639 0.00196763134640748 0.00622139470472445 
0.00622139470472445 0.00196763134640748 0.989653557477639 0.00215741647122874 
0.013692106740502 0.00332774960145648 0.0120018007350457 0.970978342922996 

0.988238795843807 0.00181117818078629 2.34533265377041e-05 0.00992657264886904 
0.0165079005610572 0.972363692507933 0.0108403124751571 0.000288094455852777 
0.000288094455852777 0.0108403124751571 0.972363692507933 0.0165079005610572 
0.00992657264886904 2.34533265377041e-05 0.00181117818078629 0.988238795843807 

0.978847670864099 0.000465869788710357 0.000240082232226682 0.0204463771149642 
0.0145370808782289 0.981773724251447 0.000993385508850753 0.00269580936147375 
0.00269580936147375 0.000993385508850753 0.981773724251447 0.0145370808782289 
0.0204463771149642 0.000240082232226682 0.000465869788710357 0.978847670864099 


