4 5

0.0672551732277498 0.43274482677225 0.43274482677225 0.0672551732277498 

0.985200522372971 0.000194533090777962 0.0084476538211731 0.00615729071507776 
0.000353191490341737 0.994982204387162 3.32506635636332e-05 0.00463135345893251 
0.00463135345893251 3.32506635636332e-05 0.994982204387162 0.000353191490341737 
0.00615729071507776 0.0084476538211731 0.000194533090777962 0.985200522372971 

0.990974532420169 4.25099528594704e-05 0.00172190328443435 0.00726105434253699 
0.00240617982495223 0.989188209237581 0.00839187926202106 1.37316754459909e-05 
1.37316754459909e-05 0.00839187926202106 0.989188209237581 0.00240617982495223 
0.00726105434253699 0.00172190328443435 4.25099528594704e-05 0.990974532420169 

0.998602800422756 9.03006142037293e-05 0.000439197553804118 0.000867701409236532 
0.0060472484506171 0.981634182592156 0.0110890108053008 0.00122955815192649 
0.00122955815192649 0.0110890108053008 0.981634182592156 0.0060472484506171 
0.000867701409236532 0.000439197553804118 9.03006142037293e-05 0.998602800422756 

0.98791615206197 0.000427864596547554 0.0110197771007146 0.000636206240767323 
0.00199459615981487 0.992241517935721 0.00112651025435972 0.00463737565010484 
0.00463737565010484 0.00112651025435972 0.992241517935721 0.00199459615981487 
0.000636206240767323 0.0110197771007146 0.000427864596547554 0.98791615206197 

0.998246142236992 0.000625392128374671 0.000404683228493605 0.000723782406139351 
0.000616255049421749 0.981938715569523 0.00489634724432864 0.0125486821367263 
0.0125486821367263 0.00489634724432864 0.981938715569523 0.000616255049421749 
0.000723782406139351 0.000404683228493605 0.000625392128374671 0.998246142236992 


