4 5

0.236506112269126 0.263493887730874 0.263493887730874 0.236506112269126 

0.612330385982032 0.1987780583088 0.0576509087715789 0.131240646937589 
0.0024001754040525 0.418260756468452 0.402048325591903 0.177290742535593 
0.177290742535593 0.402048325591903 0.418260756468452 0.0024001754040525 
0.131240646937589 0.0576509087715789 0.1987780583088 0.612330385982032 

0.577055038145896 0.156085084922089 0.0153407798448063 0.251519097087209 
0.229458411800011 0.465100404771885 0.27906388284262 0.0263773005854847 
0.0263773005854847 0.27906388284262 0.465100404771885 0.229458411800011 
0.251519097087209 0.0153407798448063 0.156085084922089 0.577055038145896 

0.59928578050161 0.010391960362471 0.00276415723695869 0.387558101898961 
0.353006858918011 0.355366381139741 0.181413720624588 0.110213039317661 
0.110213039317661 0.181413720624588 0.355366381139741 0.353006858918011 
0.387558101898961 0.00276415723695869 0.010391960362471 0.59928578050161 

0.526942939680004 0.0098798205351134 0.0199091115214131 0.44326812826347 
0.0369169299924283 0.588332295117343 0.348153785771281 0.0265969891189473 
0.0265969891189473 0.348153785771281 0.588332295117343 0.0369169299924283 
0.44326812826347 0.0199091115214131 0.0098798205351134 0.526942939680004 

0.795988466400744 0.0579229954245423 0.00316490441658073 0.142923633758132 
0.327885970951799 0.350498002732045 0.277232472823627 0.0443835534925299 
0.0443835534925299 0.277232472823627 0.350498002732045 0.327885970951799 
0.142923633758132 0.00316490441658073 0.0579229954245423 0.795988466400744 


