4 5

0.336024079355411 0.163975920644589 0.163975920644589 0.336024079355411 

0.493796717840574 0.0131442522841241 0.000688649108652205 0.492370380766649 
0.189957742336263 0.581499293833302 0.0555959434270735 0.172947020403361 
0.172947020403361 0.0555959434270735 0.581499293833302 0.189957742336263 
0.492370380766649 0.000688649108652205 0.0131442522841241 0.493796717840574 

0.457965494133988 0.322482106231081 0.0150826952230896 0.204469704411841 
0.412762032323642 0.446712637815745 0.0489074105567665 0.0916179193038456 
0.0916179193038456 0.0489074105567665 0.446712637815745 0.412762032323642 
0.204469704411841 0.0150826952230896 0.322482106231081 0.457965494133988 

0.757648411626199 0.000837839832832384 0.000842190432727245 0.240671558108242 
0.000612199224947135 0.49576863339168 0.495112590256107 0.00850657712726523 
0.00850657712726523 0.495112590256107 0.49576863339168 0.000612199224947135 
0.240671558108242 0.000842190432727245 0.000837839832832384 0.757648411626199 

0.671016601814937 0.155220305892085 0.0484929656871191 0.125270126605859 
0.0231216456197789 0.490679188233162 0.485498707091913 0.00070045905514635 
0.00070045905514635 0.485498707091913 0.490679188233162 0.0231216456197789 
0.125270126605859 0.0484929656871191 0.155220305892085 0.671016601814937 

0.742061720403064 0.0037407655353062 0.246860575223426 0.00733693883820308 
0.0691472354061961 0.369186689930653 0.306588687123744 0.255077387539407 
0.255077387539407 0.306588687123744 0.369186689930653 0.0691472354061961 
0.00733693883820308 0.246860575223426 0.0037407655353062 0.742061720403064 


