4 5

0.106185507378541 0.393814492621459 0.393814492621459 0.106185507378541 

0.55845548278926 0.125572324289291 0.105501608234574 0.210470584686874 
0.202846918247806 0.341044206273144 0.117208181645008 0.338900693834042 
0.338900693834042 0.117208181645008 0.341044206273144 0.202846918247806 
0.210470584686874 0.105501608234574 0.125572324289291 0.55845548278926 

0.548922153473618 0.000397307527648519 0.00806710342356435 0.442613435575169 
0.0147132384188323 0.553958731557015 0.359450148839755 0.0718778811843982 
0.0718778811843982 0.359450148839755 0.553958731557015 0.0147132384188323 
0.442613435575169 0.00806710342356435 0.000397307527648519 0.548922153473618 

0.5059151772038 0.000436324607481609 0.0407460643088441 0.452902433879874 
0.362258495552752 0.51209794160724 0.0343546620634305 0.0912889007765778 
0.0912889007765778 0.0343546620634305 0.51209794160724 0.362258495552752 
0.452902433879874 0.0407460643088441 0.000436324607481609 0.5059151772038 

0.520076547188656 0.0884988237904387 0.0116104956281635 0.379814133392742 
0.0322186367185062 0.421304798890442 0.323359268461079 0.223117295929972 
0.223117295929972 0.323359268461079 0.421304798890442 0.0322186367185062 
0.379814133392742 0.0116104956281635 0.0884988237904387 0.520076547188656 

0.407552254275876 0.0475609460486822 0.19333911194717 0.351547687728271 
0.368455114035841 0.373926888036629 0.199778544711661 0.057839453215869 
0.057839453215869 0.199778544711661 0.373926888036629 0.368455114035841 
0.351547687728271 0.19333911194717 0.0475609460486822 0.407552254275876 


