4 5

0.268397647654638 0.231602352345362 0.231602352345362 0.268397647654638 

0.352389104051271 0.250678799296354 0.10844111676295 0.288490979889425 
0.329156420508703 0.594758818788547 0.00291762926736061 0.0731671314353899 
0.0731671314353899 0.00291762926736061 0.594758818788547 0.329156420508703 
0.288490979889425 0.10844111676295 0.250678799296354 0.352389104051271 

0.198169987856393 0.0966197746364182 0.533919886326543 0.171290351180646 
0.00568876862012172 0.67640848024224 0.290789690785641 0.0271130603519973 
0.0271130603519973 0.290789690785641 0.67640848024224 0.00568876862012172 
0.171290351180646 0.533919886326543 0.0966197746364182 0.198169987856393 

0.633733681949351 0.0442946324195177 0.293735517660876 0.0282361679702552 
0.00588874047464401 0.461334781971408 0.413656044483735 0.119120433070214 
0.119120433070214 0.413656044483735 0.461334781971408 0.00588874047464401 
0.0282361679702552 0.293735517660876 0.0442946324195177 0.633733681949351 

0.501562265462719 0.00582611335375097 0.000930921392780359 0.49168069979075 
0.36542717761197 0.426672448222773 0.196299894658583 0.0116004795066748 
0.0116004795066748 0.196299894658583 0.426672448222773 0.36542717761197 
0.49168069979075 0.000930921392780359 0.00582611335375097 0.501562265462719 

0.972762949720721 0.00160425342796141 0.00391585481683135 0.0217169420344866 
4.90771072250498e-05 0.488253918485202 0.487832606100368 0.0238643983072045 
0.0238643983072045 0.487832606100368 0.488253918485202 4.90771072250498e-05 
0.0217169420344866 0.00391585481683135 0.00160425342796141 0.972762949720721 


