4 5

0.20331633684691 0.29668366315309 0.29668366315309 0.20331633684691 

0.38824971641894 0.163266252039923 0.167284063299998 0.281199968241138 
0.0393708432488821 0.586648101267688 0.233071144409438 0.140909911073992 
0.140909911073992 0.233071144409438 0.586648101267688 0.0393708432488821 
0.281199968241138 0.167284063299998 0.163266252039923 0.38824971641894 

0.672959792793273 0.00929265846581323 0.297255253066799 0.0204922956741145 
0.570205894448784 0.340388472651338 0.0178953204253417 0.0715103124745361 
0.0715103124745361 0.0178953204253417 0.340388472651338 0.570205894448784 
0.0204922956741145 0.297255253066799 0.00929265846581323 0.672959792793273 

0.518010656669132 0.00186676682627447 0.0176056823169884 0.462516894187605 
0.0567420875290314 0.619142515798679 0.0988415852443029 0.225273811427987 
0.225273811427987 0.0988415852443029 0.619142515798679 0.0567420875290314 
0.462516894187605 0.0176056823169884 0.00186676682627447 0.518010656669132 

0.744597501141286 0.153915150866206 0.0537935968395855 0.0476937511529223 
0.127914138766518 0.25049524538278 0.0622385755284053 0.559352040322297 
0.559352040322297 0.0622385755284053 0.25049524538278 0.127914138766518 
0.0476937511529223 0.0537935968395855 0.153915150866206 0.744597501141286 

0.510223211053163 0.000511885244831135 0.00356341242235393 0.485701491279652 
0.0495869678052265 0.866590348639618 0.0736403093771287 0.0101823741780264 
0.0101823741780264 0.0736403093771287 0.866590348639618 0.0495869678052265 
0.485701491279652 0.00356341242235393 0.000511885244831135 0.510223211053163 


