4 5

0.0705715859076008 0.429428414092399 0.429428414092399 0.0705715859076008 

0.971945645349338 0.00335853944431272 0.0103153774055882 0.0143804378007609 
3.82744504222545e-06 0.99856842810555 0.00126454764724437 0.00016319680216338 
0.00016319680216338 0.00126454764724437 0.99856842810555 3.82744504222545e-06 
0.0143804378007609 0.0103153774055882 0.00335853944431272 0.971945645349338 

0.981007857773307 0.0046002565084435 0.000900710115662314 0.0134911756025876 
0.00407676091163945 0.989362200284343 0.00554927952424372 0.00101175927977436 
0.00101175927977436 0.00554927952424372 0.989362200284343 0.00407676091163945 
0.0134911756025876 0.000900710115662314 0.0046002565084435 0.981007857773307 

0.994695184236067 1.26093312510891e-05 0.00101168080945984 0.00428052562322218 
5.74693406887046e-05 0.975898153288466 0.022820378406321 0.00122399896452399 
0.00122399896452399 0.022820378406321 0.975898153288466 5.74693406887046e-05 
0.00428052562322218 0.00101168080945984 1.26093312510891e-05 0.994695184236067 

0.990443651633205 0.00275547205023112 0.00122425926304222 0.00557661705352125 
0.00146559354928671 0.979850553858696 0.00141214632716358 0.0172717062648536 
0.0172717062648536 0.00141214632716358 0.979850553858696 0.00146559354928671 
0.00557661705352125 0.00122425926304222 0.00275547205023112 0.990443651633205 

0.983994882345452 0.000100945920192361 0.0010140586821187 0.0148901130522368 
0.000611042867844653 0.986414888376808 0.0117865416116196 0.00118752714372737 
0.00118752714372737 0.0117865416116196 0.986414888376808 0.000611042867844653 
0.0148901130522368 0.0010140586821187 0.000100945920192361 0.983994882345452 


