4 5

0.449510126258247 0.0504898737417534 0.0504898737417534 0.449510126258247 

0.415664343804745 0.00706886105443502 0.170112472896946 0.407154322243874 
0.12152487961271 0.829944961184346 0.0467227732343434 0.00180738596860017 
0.00180738596860017 0.0467227732343434 0.829944961184346 0.12152487961271 
0.407154322243874 0.170112472896946 0.00706886105443502 0.415664343804745 

0.271674785917271 0.0528373058402011 0.457987715404022 0.217500192838506 
0.00438937548475514 0.86738509767748 0.118837353467522 0.00938817337024246 
0.00938817337024246 0.118837353467522 0.86738509767748 0.00438937548475514 
0.217500192838506 0.457987715404022 0.0528373058402011 0.271674785917271 

0.528746872920937 0.000217099106211526 0.000770903959915371 0.470265124012936 
0.0275581713798684 0.636922089580324 0.30350474248085 0.0320149965589579 
0.0320149965589579 0.30350474248085 0.636922089580324 0.0275581713798684 
0.470265124012936 0.000770903959915371 0.000217099106211526 0.528746872920937 

0.451071821925448 0.124876244134742 0.0102700640768994 0.41378186986291 
0.0717840431961421 0.435896365135719 0.165926027134535 0.326393564533603 
0.326393564533603 0.165926027134535 0.435896365135719 0.0717840431961421 
0.41378186986291 0.0102700640768994 0.124876244134742 0.451071821925448 

0.385735236667123 0.0100098265838205 0.584861799013557 0.0193931377355002 
0.352755454200328 0.636360849030131 0.00111675187156773 0.00976694489797308 
0.00976694489797308 0.00111675187156773 0.636360849030131 0.352755454200328 
0.0193931377355002 0.584861799013557 0.0100098265838205 0.385735236667123 


