4 5

0.176808623131365 0.323191376868635 0.323191376868635 0.176808623131365 

0.989512826253952 0.00693076845220974 0.00254923656912099 0.00100716872471701 
0.00310707254416694 0.980801899905357 0.00725301700579906 0.0088380105446773 
0.0088380105446773 0.00725301700579906 0.980801899905357 0.00310707254416694 
0.00100716872471701 0.00254923656912099 0.00693076845220974 0.989512826253952 

0.973972113421646 0.00450912932750489 0.0180993812174836 0.00341937603336562 
0.00160581057059309 0.996398104520735 0.00178540330893473 0.000210681599737001 
0.000210681599737001 0.00178540330893473 0.996398104520735 0.00160581057059309 
0.00341937603336562 0.0180993812174836 0.00450912932750489 0.973972113421646 

0.990023633130034 0.00150015538596272 9.72321955643327e-05 0.00837897928843878 
2.10690884167047e-05 0.980439256610056 0.0187580354947079 0.000781638806819361 
0.000781638806819361 0.0187580354947079 0.980439256610056 2.10690884167047e-05 
0.00837897928843878 9.72321955643327e-05 0.00150015538596272 0.990023633130034 

0.993653279929589 0.000538774441082566 0.00356242970922689 0.00224551592010142 
0.0161802915321154 0.976674354294735 0.0031709061695212 0.00397444800362833 
0.00397444800362833 0.0031709061695212 0.976674354294735 0.0161802915321154 
0.00224551592010142 0.00356242970922689 0.000538774441082566 0.993653279929589 

0.996873363416989 0.000833354860777224 1.81041158103365e-05 0.00227517760642315 
0.0189146655839474 0.973533939635853 0.00715727116718989 0.000394123613009362 
0.000394123613009362 0.00715727116718989 0.973533939635853 0.0189146655839474 
0.00227517760642315 1.81041158103365e-05 0.000833354860777224 0.996873363416989 


