4 5

0.401414247928187 0.0985857520718127 0.0985857520718127 0.401414247928187 

0.994315870923624 1.06299651457223e-05 7.20610370116867e-05 0.00560143807421865 
9.43151253782002e-06 0.98591804299782 0.014062863888617 9.66160102503135e-06 
9.66160102503135e-06 0.014062863888617 0.98591804299782 9.43151253782002e-06 
0.00560143807421865 7.20610370116867e-05 1.06299651457223e-05 0.994315870923624 

0.984053385151804 4.73061646048955e-06 6.22654455744845e-05 0.0158796187861613 
2.01546753955529e-05 0.996219547308136 0.00373655413866647 2.37438778020881e-05 
2.37438778020881e-05 0.00373655413866647 0.996219547308136 2.01546753955529e-05 
0.0158796187861613 6.22654455744845e-05 4.73061646048955e-06 0.984053385151804 

0.988441548526552 0.00010550203920433 3.39795815910265e-05 0.0114189698526527 
4.62785773023581e-05 0.991759150788856 0.00799466044814434 0.000199910185697508 
0.000199910185697508 0.00799466044814434 0.991759150788856 4.62785773023581e-05 
0.0114189698526527 3.39795815910265e-05 0.00010550203920433 0.988441548526552 

0.992273590930704 0.00438581282791525 0.000147755795518319 0.00319284044586227 
0.000178336051030124 0.987902936527531 0.0114133736638478 0.000505353757591422 
0.000505353757591422 0.0114133736638478 0.987902936527531 0.000178336051030124 
0.00319284044586227 0.000147755795518319 0.00438581282791525 0.992273590930704 

0.981848891917 0.000119182546242508 0.0179864261125521 4.54994242049533e-05 
1.18843374547766e-05 0.998348927665845 2.061087654881e-05 0.00161857712015126 
0.00161857712015126 2.061087654881e-05 0.998348927665845 1.18843374547766e-05 
4.54994242049533e-05 0.0179864261125521 0.000119182546242508 0.981848891917 


