4 5

0.323008997365832 0.176991002634168 0.176991002634168 0.323008997365832 

0.905284873434215 0.0205768864049144 0.00691755992866303 0.0672206802322071 
0.00279374137922374 0.509472612221336 0.486883849695271 0.000849796704169387 
0.000849796704169387 0.486883849695271 0.509472612221336 0.00279374137922374 
0.0672206802322071 0.00691755992866303 0.0205768864049144 0.905284873434215 

0.62011062891278 0.0457745578112714 0.26106585400196 0.0730489592739884 
0.0453479941088032 0.429953482224333 0.249898939560774 0.27479958410609 
0.27479958410609 0.249898939560774 0.429953482224333 0.0453479941088032 
0.0730489592739884 0.26106585400196 0.0457745578112714 0.62011062891278 

0.212783300826633 0.569804755105991 0.194407660943695 0.0230042831236806 
0.01420484389288 0.790935591807484 0.0789722046076838 0.115887359691952 
0.115887359691952 0.0789722046076838 0.790935591807484 0.01420484389288 
0.0230042831236806 0.194407660943695 0.569804755105991 0.212783300826633 

0.485089545503499 0.00301393962571162 0.0769898434995131 0.434906671371277 
0.0142644759038139 0.684040442304395 0.301250862697832 0.000444219093959594 
0.000444219093959594 0.301250862697832 0.684040442304395 0.0142644759038139 
0.434906671371277 0.0769898434995131 0.00301393962571162 0.485089545503499 

0.459754774843927 0.142500530166055 0.00353178769392684 0.394212907296091 
0.0694181967678498 0.678905441098696 0.222930126772006 0.0287462353614484 
0.0287462353614484 0.222930126772006 0.678905441098696 0.0694181967678498 
0.394212907296091 0.00353178769392684 0.142500530166055 0.459754774843927 


