4 5

0.237462371122092 0.262537628877908 0.262537628877908 0.237462371122092 

0.991841528453854 0.001603468953487 0.00067927922131501 0.00587572337134434 
0.00607277898830246 0.988294920427338 0.00304376659733074 0.00258853398702878 
0.00258853398702878 0.00304376659733074 0.988294920427338 0.00607277898830246 
0.00587572337134434 0.00067927922131501 0.001603468953487 0.991841528453854 

0.99287237358613 0.00289250018729811 0.00185517869223786 0.00237994753433418 
0.000113272591646753 0.98726050816043 0.00110973157839805 0.0115164876695252 
0.0115164876695252 0.00110973157839805 0.98726050816043 0.000113272591646753 
0.00237994753433418 0.00185517869223786 0.00289250018729811 0.99287237358613 

0.98602790827288 0.00295555854658754 0.0096257128073867 0.00139082037314586 
0.00330892315780878 0.994104141162706 0.00233613691661189 0.00025079876287354 
0.00025079876287354 0.00233613691661189 0.994104141162706 0.00330892315780878 
0.00139082037314586 0.0096257128073867 0.00295555854658754 0.98602790827288 

0.996716195477198 0.00321510387294797 3.78245965904252e-05 3.08760532637953e-05 
0.00213451821459677 0.983435490355484 2.00381408841377e-05 0.014409953289035 
0.014409953289035 2.00381408841377e-05 0.983435490355484 0.00213451821459677 
3.08760532637953e-05 3.78245965904252e-05 0.00321510387294797 0.996716195477198 

0.995617350760743 0.00248553260827839 0.000252056547480002 0.00164506008349846 
0.000624629335698152 0.984609418030748 0.0135178356892945 0.00124811694425977 
0.00124811694425977 0.0135178356892945 0.984609418030748 0.000624629335698152 
0.00164506008349846 0.000252056547480002 0.00248553260827839 0.995617350760743 


