4 5

0.203591266646981 0.296408733353019 0.296408733353019 0.203591266646981 

0.296725262619981 0.173807066309805 0.39095387453039 0.138513796539823 
0.036038790254561 0.712238448015341 0.106469040668534 0.145253721061564 
0.145253721061564 0.106469040668534 0.712238448015341 0.036038790254561 
0.138513796539823 0.39095387453039 0.173807066309805 0.296725262619981 

0.391299826252877 0.0839164133944643 0.457867777439263 0.0669159829133962 
0.382164959652022 0.54618810353813 0.0574438712051437 0.0142030656047044 
0.0142030656047044 0.0574438712051437 0.54618810353813 0.382164959652022 
0.0669159829133962 0.457867777439263 0.0839164133944643 0.391299826252877 

0.43922435732034 0.528755483573948 0.00432572857157948 0.0276944305341329 
0.00987935184846345 0.548859997759078 0.440110724906999 0.00114992548545988 
0.00114992548545988 0.440110724906999 0.548859997759078 0.00987935184846345 
0.0276944305341329 0.00432572857157948 0.528755483573948 0.43922435732034 

0.411900658636577 0.0193804440166262 0.206232596944944 0.362486300401853 
0.0424494442101057 0.656491271129077 0.298312849264683 0.00274643539613454 
0.00274643539613454 0.298312849264683 0.656491271129077 0.0424494442101057 
0.362486300401853 0.206232596944944 0.0193804440166262 0.411900658636577 

0.631397779550809 0.0592434481566694 0.204304845265105 0.105053927027417 
0.111083972988274 0.456909540117089 0.431808466886278 0.00019802000835864 
0.00019802000835864 0.431808466886278 0.456909540117089 0.111083972988274 
0.105053927027417 0.204304845265105 0.0592434481566694 0.631397779550809 


