4 5

0.242250538547523 0.257749461452477 0.257749461452477 0.242250538547523 

0.768743635577693 0.0391048591971573 0.0109943738376516 0.181157131387498 
0.0398894653647806 0.480956263057378 0.478453592357567 0.000700679220274079 
0.000700679220274079 0.478453592357567 0.480956263057378 0.0398894653647806 
0.181157131387498 0.0109943738376516 0.0391048591971573 0.768743635577693 

0.600972139231386 0.0467548453895221 0.22129942872296 0.130973586656131 
0.0432745342271516 0.344059305344521 0.206927284262659 0.405738876165668 
0.405738876165668 0.206927284262659 0.344059305344521 0.0432745342271516 
0.130973586656131 0.22129942872296 0.0467548453895221 0.600972139231386 

0.697157316403335 0.0302649341965078 0.0431660597586373 0.22941168964152 
0.0372116220851689 0.358347250139916 0.351263237159488 0.253177890615428 
0.253177890615428 0.351263237159488 0.358347250139916 0.0372116220851689 
0.22941168964152 0.0431660597586373 0.0302649341965078 0.697157316403335 

0.463580576570811 8.59096663869269e-05 0.103650130310647 0.432683383452155 
0.000381850490361935 0.770417692379647 0.00540564208577859 0.223794815044213 
0.223794815044213 0.00540564208577859 0.770417692379647 0.000381850490361935 
0.432683383452155 0.103650130310647 8.59096663869269e-05 0.463580576570811 

0.498116988652713 0.00363324526427021 0.000649398791925504 0.497600367291091 
0.0304986388572335 0.832080378417728 0.111969882953038 0.025451099772001 
0.025451099772001 0.111969882953038 0.832080378417728 0.0304986388572335 
0.497600367291091 0.000649398791925504 0.00363324526427021 0.498116988652713 


