4 5

0.0503800022415817 0.449619997758418 0.449619997758418 0.0503800022415817 

0.684984208934067 0.0558256818288339 0.0238631448921729 0.235326964344926 
0.155458345816204 0.413503710513283 0.403405617031883 0.0276323266386299 
0.0276323266386299 0.403405617031883 0.413503710513283 0.155458345816204 
0.235326964344926 0.0238631448921729 0.0558256818288339 0.684984208934067 

0.338373110623288 0.405309582240855 0.0393612821159936 0.216956025019863 
0.0926111184146042 0.568561552008142 0.324988522694704 0.0138388068825504 
0.0138388068825504 0.324988522694704 0.568561552008142 0.0926111184146042 
0.216956025019863 0.0393612821159936 0.405309582240855 0.338373110623288 

0.493634762888797 0.00459281205381037 0.0302143807428782 0.471558044314514 
0.0870322604894558 0.459347885525921 0.00778638800799533 0.445833465976628 
0.445833465976628 0.00778638800799533 0.459347885525921 0.0870322604894558 
0.471558044314514 0.0302143807428782 0.00459281205381037 0.493634762888797 

0.453272012392512 0.162710570929474 0.181617085972941 0.202400330705073 
0.0269757448797065 0.486453528560196 0.486341540392713 0.00022918616738412 
0.00022918616738412 0.486341540392713 0.486453528560196 0.0269757448797065 
0.202400330705073 0.181617085972941 0.162710570929474 0.453272012392512 

0.348339675649377 0.101463788933391 0.292355505222801 0.257841030194431 
0.0996489458743952 0.471371077754697 0.212798488975414 0.216181487395494 
0.216181487395494 0.212798488975414 0.471371077754697 0.0996489458743952 
0.257841030194431 0.292355505222801 0.101463788933391 0.348339675649377 


