4 5

0.449262433103286 0.0507375668967143 0.0507375668967143 0.449262433103286 

0.2053253455183 0.614677892586666 0.0711053037355925 0.108891458159441 
0.0133393789182252 0.755870875868005 0.187461332012946 0.0433284132008246 
0.0433284132008246 0.187461332012946 0.755870875868005 0.0133393789182252 
0.108891458159441 0.0711053037355925 0.614677892586666 0.2053253455183 

0.782632938526822 0.104469266343322 0.00769657966877257 0.105201215461084 
0.360190494419473 0.347981764567229 0.246934899542259 0.0448928414710387 
0.0448928414710387 0.246934899542259 0.347981764567229 0.360190494419473 
0.105201215461084 0.00769657966877257 0.104469266343322 0.782632938526822 

0.253376983549852 0.367869875646414 0.264106661780739 0.114646479022995 
0.002505736660008 0.667132220744847 0.288819782285895 0.0415422603092502 
0.0415422603092502 0.288819782285895 0.667132220744847 0.002505736660008 
0.114646479022995 0.264106661780739 0.367869875646414 0.253376983549852 

0.97699887336396 0.0114761382649524 0.00676209350530044 0.00476289486578707 
0.0565091237688319 0.327653298205363 0.297901328467445 0.31793624955836 
0.31793624955836 0.297901328467445 0.327653298205363 0.0565091237688319 
0.00476289486578707 0.00676209350530044 0.0114761382649524 0.97699887336396 

0.701107172037696 0.0665430699742382 0.0455112426553657 0.1868385153327 
0.0013323296816972 0.519341063424248 0.479116022592377 0.000210584301677939 
0.000210584301677939 0.479116022592377 0.519341063424248 0.0013323296816972 
0.1868385153327 0.0455112426553657 0.0665430699742382 0.701107172037696 


