4 5

0.18543901538942 0.31456098461058 0.31456098461058 0.18543901538942 

0.98855286779042 0.00156980126475556 5.55387905961215e-08 0.0098772754060335 
9.88175765977454e-07 0.991610361665056 0.0048536077192104 0.00353504243996718 
0.00353504243996718 0.0048536077192104 0.991610361665056 9.88175765977454e-07 
0.0098772754060335 5.55387905961215e-08 0.00156980126475556 0.98855286779042 

0.985445283403159 8.6755160605757e-05 0.00208667657423999 0.012381284861995 
0.00327009213181973 0.994756585409413 0.00185427496278084 0.000119047495986676 
0.000119047495986676 0.00185427496278084 0.994756585409413 0.00327009213181973 
0.012381284861995 0.00208667657423999 8.6755160605757e-05 0.985445283403159 

0.987425925330257 0.000309360825490853 0.00550404277463787 0.00676067106961425 
0.000911737456442715 0.992724517770138 0.00626045115244073 0.000103293620978132 
0.000103293620978132 0.00626045115244073 0.992724517770138 0.000911737456442715 
0.00676067106961425 0.00550404277463787 0.000309360825490853 0.987425925330257 

0.989083045071747 0.00184648373419758 0.000925745452060834 0.00814472574199482 
1.60317929209913e-05 0.991090120269335 0.00877082790665068 0.000123020031093533 
0.000123020031093533 0.00877082790665068 0.991090120269335 1.60317929209913e-05 
0.00814472574199482 0.000925745452060834 0.00184648373419758 0.989083045071747 

0.989544754294365 0.00981888382305296 0.000539052983441478 9.73088991401139e-05 
0.00913423771934428 0.99064585996652 0.000148749224272715 7.11530898631811e-05 
7.11530898631811e-05 0.000148749224272715 0.99064585996652 0.00913423771934428 
9.73088991401139e-05 0.000539052983441478 0.00981888382305296 0.989544754294365 


