4 5

0.214820158202201 0.285179841797799 0.285179841797799 0.214820158202201 

0.51525495046507 0.0208281938453401 0.0874745540625961 0.376442301626994 
0.113198837817656 0.478111893992839 0.0709652716975555 0.337723996491949 
0.337723996491949 0.0709652716975555 0.478111893992839 0.113198837817656 
0.376442301626994 0.0874745540625961 0.0208281938453401 0.51525495046507 

0.773249625648139 0.058972441295491 8.95186412587512e-07 0.167777037869958 
3.43300251155199e-05 0.278636515090299 0.260517662099905 0.460811492784681 
0.460811492784681 0.260517662099905 0.278636515090299 3.43300251155199e-05 
0.167777037869958 8.95186412587512e-07 0.058972441295491 0.773249625648139 

0.623447625804057 0.2564650422934 0.0856222669020531 0.0344650650004896 
0.32966503894236 0.37274630968103 0.142583174293687 0.155005477082923 
0.155005477082923 0.142583174293687 0.37274630968103 0.32966503894236 
0.0344650650004896 0.0856222669020531 0.2564650422934 0.623447625804057 

0.203626205768568 0.578025070949578 0.0776600162365239 0.14068870704533 
0.00894324541312588 0.859691808877422 0.0966511840624236 0.0347137616470284 
0.0347137616470284 0.0966511840624236 0.859691808877422 0.00894324541312588 
0.14068870704533 0.0776600162365239 0.578025070949578 0.203626205768568 

0.525757356374919 0.364834481955541 0.0460133903008928 0.0633947713686467 
0.000136053621524413 0.529961130580761 0.465273565590525 0.00462925020718968 
0.00462925020718968 0.465273565590525 0.529961130580761 0.000136053621524413 
0.0633947713686467 0.0460133903008928 0.364834481955541 0.525757356374919 


