4 5

0.427884814562276 0.072115185437724 0.072115185437724 0.427884814562276 

0.671222208163857 0.0949329101959689 0.0145203571142 0.219324524525974 
0.00351371092589014 0.513703532098846 0.469104432004962 0.0136783249703024 
0.0136783249703024 0.469104432004962 0.513703532098846 0.00351371092589014 
0.219324524525974 0.0145203571142 0.0949329101959689 0.671222208163857 

0.753723728878939 0.0156540444528501 0.0320083696318964 0.198613857036314 
0.127907752103557 0.337405668629946 0.275114371194597 0.2595722080719 
0.2595722080719 0.275114371194597 0.337405668629946 0.127907752103557 
0.198613857036314 0.0320083696318964 0.0156540444528501 0.753723728878939 

0.474643588445721 0.00402486488979469 0.0702117770429732 0.451119769621511 
0.000160680561712257 0.940736773066003 0.0441591074473368 0.0149434389249482 
0.0149434389249482 0.0441591074473368 0.940736773066003 0.000160680561712257 
0.451119769621511 0.0702117770429732 0.00402486488979469 0.474643588445721 

0.156090309671335 0.0917461875181388 0.745446451373181 0.00671705143734477 
0.0570980604228118 0.928166291538091 0.0145014106992926 0.000234237339804294 
0.000234237339804294 0.0145014106992926 0.928166291538091 0.0570980604228118 
0.00671705143734477 0.745446451373181 0.0917461875181388 0.156090309671335 

0.513225120127965 0.125539468504868 0.0106991149194776 0.350536296447689 
0.00451010573166285 0.508073852966562 0.413639800247446 0.0737762410543287 
0.0737762410543287 0.413639800247446 0.508073852966562 0.00451010573166285 
0.350536296447689 0.0106991149194776 0.125539468504868 0.513225120127965 


