4 5

0.294941227766685 0.205058772233315 0.205058772233315 0.294941227766685 

0.971372993416951 0.000272000632311575 0.00168039073272998 0.026674615218007 
3.67574001149254e-07 0.999422276240561 0.000574750422663028 2.60576277441985e-06 
2.60576277441985e-06 0.000574750422663028 0.999422276240561 3.67574001149254e-07 
0.026674615218007 0.00168039073272998 0.000272000632311575 0.971372993416951 

0.982284495885441 0.00458027594202779 0.00238660316569519 0.0107486250068361 
0.00137717418124946 0.98803758015018 0.00447147655994207 0.00611376910862864 
0.00611376910862864 0.00447147655994207 0.98803758015018 0.00137717418124946 
0.0107486250068361 0.00238660316569519 0.00458027594202779 0.982284495885441 

0.996386926354455 0.00176856932407446 9.94383612482303e-05 0.00174506596022267 
3.70476591721723e-05 0.974296752247954 0.0253805462930926 0.000285653799781683 
0.000285653799781683 0.0253805462930926 0.974296752247954 3.70476591721723e-05 
0.00174506596022267 9.94383612482303e-05 0.00176856932407446 0.996386926354455 

0.981501949495148 0.0165750214555617 0.000974798804993937 0.000948230244296411 
0.000153460473821219 0.988748796037677 0.00191449405406924 0.00918324943443286 
0.00918324943443286 0.00191449405406924 0.988748796037677 0.000153460473821219 
0.000948230244296411 0.000974798804993937 0.0165750214555617 0.981501949495148 

0.975977317711174 0.0188619181232291 0.00396366807171285 0.00119709609388402 
0.00306648405205654 0.994395424889666 0.00242897468691106 0.000109116371366256 
0.000109116371366256 0.00242897468691106 0.994395424889666 0.00306648405205654 
0.00119709609388402 0.00396366807171285 0.0188619181232291 0.975977317711174 


