4 5

0.190924672409892 0.309075327590108 0.309075327590108 0.190924672409892 

0.98376311882517 0.0117267649143399 0.000914236400451035 0.00359587986003923 
0.000153935730586769 0.986493426805336 0.00563170711423566 0.00772093034984176 
0.00772093034984176 0.00563170711423566 0.986493426805336 0.000153935730586769 
0.00359587986003923 0.000914236400451035 0.0117267649143399 0.98376311882517 

0.99883071888837 0.000211930618903088 7.38874156419942e-05 0.00088346307708459 
0.0069897378154333 0.971585027543517 2.35043270556679e-05 0.0214017303139935 
0.0214017303139935 2.35043270556679e-05 0.971585027543517 0.0069897378154333 
0.00088346307708459 7.38874156419942e-05 0.000211930618903088 0.99883071888837 

0.978544893149011 0.00171266039536881 0.00224179423464906 0.0175006522209712 
0.00152294759370801 0.991898825508138 0.00015714065272987 0.00642108624542455 
0.00642108624542455 0.00015714065272987 0.991898825508138 0.00152294759370801 
0.0175006522209712 0.00224179423464906 0.00171266039536881 0.978544893149011 

0.982283996584187 0.0162760549403424 0.000205846369483455 0.00123410210598768 
0.000283863839941929 0.987967061695333 0.00503869118104844 0.00671038328367692 
0.00671038328367692 0.00503869118104844 0.987967061695333 0.000283863839941929 
0.00123410210598768 0.000205846369483455 0.0162760549403424 0.982283996584187 

0.984861342335401 0.000302506628949006 0.00693311652435206 0.00790303451129798 
0.00345001862727082 0.985456234840361 0.0108151820374595 0.00027856449490879 
0.00027856449490879 0.0108151820374595 0.985456234840361 0.00345001862727082 
0.00790303451129798 0.00693311652435206 0.000302506628949006 0.984861342335401 


