4 5

0.214801134890877 0.285198865109123 0.285198865109123 0.214801134890877 

0.983606771584661 0.0071115189211092 0.000683389305449953 0.00859832018878015 
0.00370954713535722 0.977029342066401 0.0177991122940894 0.0014619985041524 
0.0014619985041524 0.0177991122940894 0.977029342066401 0.00370954713535722 
0.00859832018878015 0.000683389305449953 0.0071115189211092 0.983606771584661 

0.988730744831202 0.000373708491203861 0.000731859734817952 0.0101636869427763 
0.00806259422461595 0.971969059732015 0.0183609678469692 0.0016073781963998 
0.0016073781963998 0.0183609678469692 0.971969059732015 0.00806259422461595 
0.0101636869427763 0.000731859734817952 0.000373708491203861 0.988730744831202 

0.979508528236053 0.00162915534085777 7.77472431191057e-05 0.0187845691799704 
0.0023446071505899 0.981086212057011 0.00487801201493815 0.0116911687774606 
0.0116911687774606 0.00487801201493815 0.981086212057011 0.0023446071505899 
0.0187845691799704 7.77472431191057e-05 0.00162915534085777 0.979508528236053 

0.982202878399262 0.00325512458770401 0.00922810366353759 0.00531389334949628 
0.000729014454119965 0.978371762673372 0.0119631914047469 0.00893603146776092 
0.00893603146776092 0.0119631914047469 0.978371762673372 0.000729014454119965 
0.00531389334949628 0.00922810366353759 0.00325512458770401 0.982202878399262 

0.995793346769374 0.00018823174010757 0.000204332627918135 0.00381408886260054 
0.0125556089115779 0.964929264469992 0.0115744102689017 0.0109407163495284 
0.0109407163495284 0.0115744102689017 0.964929264469992 0.0125556089115779 
0.00381408886260054 0.000204332627918135 0.00018823174010757 0.995793346769374 


