4 5

0.339852196862921 0.160147803137079 0.160147803137079 0.339852196862921 

0.614596873065465 0.365512510452529 0.00206538212048987 0.0178252343615161 
0.11063627259019 0.461884739653661 0.401782086382419 0.0256969013737292 
0.0256969013737292 0.401782086382419 0.461884739653661 0.11063627259019 
0.0178252343615161 0.00206538212048987 0.365512510452529 0.614596873065465 

0.473245699617141 0.0417625313482463 0.0175115153543301 0.467480253680282 
0.142081749530249 0.598239734544182 0.0755307419660543 0.184147773959515 
0.184147773959515 0.0755307419660543 0.598239734544182 0.142081749530249 
0.467480253680282 0.0175115153543301 0.0417625313482463 0.473245699617141 

0.893749208720499 0.00949810190846176 0.0296247697241743 0.067127919646865 
0.0131373100348872 0.479523591746102 0.475802694375955 0.0315364038430561 
0.0315364038430561 0.475802694375955 0.479523591746102 0.0131373100348872 
0.067127919646865 0.0296247697241743 0.00949810190846176 0.893749208720499 

0.544291836377434 0.0427731125275244 0.0172080307620457 0.395727020332996 
0.00238490775234322 0.501683939225943 0.485130361913701 0.010800791108012 
0.010800791108012 0.485130361913701 0.501683939225943 0.00238490775234322 
0.395727020332996 0.0172080307620457 0.0427731125275244 0.544291836377434 

0.483781780552352 0.00404482538294584 0.0379301073108692 0.474243286753833 
0.00866463346822269 0.647082776144517 0.32322200125201 0.0210305891352503 
0.0210305891352503 0.32322200125201 0.647082776144517 0.00866463346822269 
0.474243286753833 0.0379301073108692 0.00404482538294584 0.483781780552352 


