4 5

0.0213671025121585 0.478632897487842 0.478632897487842 0.0213671025121585 

0.974704951025826 0.0012840107206925 0.0222875297236361 0.00172350852984543 
0.000500085098477212 0.995698380572335 0.000926943686564152 0.00287459064262318 
0.00287459064262318 0.000926943686564152 0.995698380572335 0.000500085098477212 
0.00172350852984543 0.0222875297236361 0.0012840107206925 0.974704951025826 

0.99197908429918 7.68021224707028e-05 0.00239033488239897 0.00555377869594986 
0.0168110950850168 0.978318899808068 0.00403015451345762 0.000839850593457734 
0.000839850593457734 0.00403015451345762 0.978318899808068 0.0168110950850168 
0.00555377869594986 0.00239033488239897 7.68021224707028e-05 0.99197908429918 

0.991831700736135 0.00688048018620876 0.000181544232653521 0.00110627484500286 
3.48102421962038e-05 0.978516150884099 0.0122579072176042 0.00919113165610064 
0.00919113165610064 0.0122579072176042 0.978516150884099 3.48102421962038e-05 
0.00110627484500286 0.000181544232653521 0.00688048018620876 0.991831700736135 

0.978659593126487 0.00837142919224646 0.00964299370771457 0.0033259839735521 
0.00438687986605563 0.991679494481138 0.000965848105206835 0.00296777754759908 
0.00296777754759908 0.000965848105206835 0.991679494481138 0.00438687986605563 
0.0033259839735521 0.00964299370771457 0.00837142919224646 0.978659593126487 

0.991008887032028 0.00124884058730805 0.000100738277615989 0.00764153410304774 
0.000403700871139135 0.979448311567602 0.0181657016998111 0.00198228586144725 
0.00198228586144725 0.0181657016998111 0.979448311567602 0.000403700871139135 
0.00764153410304774 0.000100738277615989 0.00124884058730805 0.991008887032028 


