4 5

0.41327619261574 0.08672380738426 0.08672380738426 0.41327619261574 

0.323533954681508 0.0338347747311448 0.347509681080306 0.295121589507041 
0.219862443746858 0.683687410950443 0.00506398869235469 0.0913861566103445 
0.0913861566103445 0.00506398869235469 0.683687410950443 0.219862443746858 
0.295121589507041 0.347509681080306 0.0338347747311448 0.323533954681508 

0.590823348166037 0.0198769992962741 0.151804339828548 0.23749531270914 
0.0413337990330547 0.417828453257897 0.170705825034731 0.370131922674318 
0.370131922674318 0.170705825034731 0.417828453257897 0.0413337990330547 
0.23749531270914 0.151804339828548 0.0198769992962741 0.590823348166037 

0.852530981480598 0.000424501437062512 0.0249637041238297 0.12208081295851 
0.477878568556998 0.273775138299368 0.237917746917601 0.0104285462260336 
0.0104285462260336 0.237917746917601 0.273775138299368 0.477878568556998 
0.12208081295851 0.0249637041238297 0.000424501437062512 0.852530981480598 

0.416045441459102 0.040411030517259 0.388128574103402 0.155414953920237 
0.0640663935373489 0.494641143626973 0.440762891571314 0.000529571264364377 
0.000529571264364377 0.440762891571314 0.494641143626973 0.0640663935373489 
0.155414953920237 0.388128574103402 0.040411030517259 0.416045441459102 

0.597161022507011 0.144967124577089 0.251004074157209 0.00686777875869066 
0.156355110271665 0.426274602852684 0.367347045849093 0.0500232410265584 
0.0500232410265584 0.367347045849093 0.426274602852684 0.156355110271665 
0.00686777875869066 0.251004074157209 0.144967124577089 0.597161022507011 


