4 5

0.0912312513682991 0.408768748631701 0.408768748631701 0.0912312513682991 

0.751262339501796 0.0802532984174144 0.00234124236075994 0.16614311972003 
0.670183144479171 0.265330652933849 0.0376108083892027 0.0268753941977773 
0.0268753941977773 0.0376108083892027 0.265330652933849 0.670183144479171 
0.16614311972003 0.00234124236075994 0.0802532984174144 0.751262339501796 

0.469887992173379 0.0808457047781723 0.00497735191417287 0.444288951134276 
0.00221107856829099 0.875034581754583 0.110196611655182 0.0125577280219441 
0.0125577280219441 0.110196611655182 0.875034581754583 0.00221107856829099 
0.444288951134276 0.00497735191417287 0.0808457047781723 0.469887992173379 

0.732769202471592 0.175764766334826 0.0492883322142777 0.0421776989793042 
0.00523674603579163 0.479935707630382 0.452852835779231 0.0619747105545944 
0.0619747105545944 0.452852835779231 0.479935707630382 0.00523674603579163 
0.0421776989793042 0.0492883322142777 0.175764766334826 0.732769202471592 

0.288345292115251 0.336061765645735 0.247723471789434 0.12786947044958 
0.00139971151008644 0.613559676292279 0.32364643693631 0.0613941752613244 
0.0613941752613244 0.32364643693631 0.613559676292279 0.00139971151008644 
0.12786947044958 0.247723471789434 0.336061765645735 0.288345292115251 

0.717902157094928 0.210472061579643 0.0066058302351098 0.0650199510903184 
0.57981340036599 0.359236155923254 0.00589177540218838 0.0550586683085672 
0.0550586683085672 0.00589177540218838 0.359236155923254 0.57981340036599 
0.0650199510903184 0.0066058302351098 0.210472061579643 0.717902157094928 


