4 5

0.207962776185013 0.292037223814987 0.292037223814987 0.207962776185013 

0.976726683434759 0.00732677488842035 0.00235705097075192 0.0135894907060685 
0.00523128256417954 0.983839751614016 0.0021960843762851 0.00873288144551904 
0.00873288144551904 0.0021960843762851 0.983839751614016 0.00523128256417954 
0.0135894907060685 0.00235705097075192 0.00732677488842035 0.976726683434759 

0.993018669626663 3.65798356314587e-05 3.2800496561711e-05 0.0069119500411437 
0.0065755737725221 0.967885257570991 0.0247843307408255 0.000754837915661055 
0.000754837915661055 0.0247843307408255 0.967885257570991 0.0065755737725221 
0.0069119500411437 3.2800496561711e-05 3.65798356314587e-05 0.993018669626663 

0.97814101348704 0.00595060786210151 0.0150582132101404 0.000850165440718309 
0.0107322305329037 0.982404151494806 0.00189228908936423 0.00497132888292573 
0.00497132888292573 0.00189228908936423 0.982404151494806 0.0107322305329037 
0.000850165440718309 0.0150582132101404 0.00595060786210151 0.97814101348704 

0.978744708983444 0.00234567704600517 0.00288790599036162 0.0160217079801892 
0.000238804727758286 0.98183808670949 0.00540868399558225 0.0125144245671694 
0.0125144245671694 0.00540868399558225 0.98183808670949 0.000238804727758286 
0.0160217079801892 0.00288790599036162 0.00234567704600517 0.978744708983444 

0.965092114188001 0.00524003890561971 0.0205716870916693 0.0090961598147104 
0.00370484700357254 0.995609789332981 0.000477526990128041 0.000207836673318029 
0.000207836673318029 0.000477526990128041 0.995609789332981 0.00370484700357254 
0.0090961598147104 0.0205716870916693 0.00524003890561971 0.965092114188001 


