4 5

0.199769581318833 0.300230418681167 0.300230418681167 0.199769581318833 

0.256437316730611 0.0861066814334248 0.510278998281518 0.147177003554446 
0.0550659969368626 0.608023550711075 0.335985658586356 0.000924793765706595 
0.000924793765706595 0.335985658586356 0.608023550711075 0.0550659969368626 
0.147177003554446 0.510278998281518 0.0861066814334248 0.256437316730611 

0.218594737924293 0.5693425728505 0.0356574183132981 0.176405270911909 
0.009875281831705 0.88223460218848 0.0616033330161031 0.0462867829637119 
0.0462867829637119 0.0616033330161031 0.88223460218848 0.009875281831705 
0.176405270911909 0.0356574183132981 0.5693425728505 0.218594737924293 

0.401975477075853 0.377912863850468 0.0396906575621233 0.180421001511556 
0.159150211065866 0.464475436101612 0.128321250478117 0.248053102354405 
0.248053102354405 0.128321250478117 0.464475436101612 0.159150211065866 
0.180421001511556 0.0396906575621233 0.377912863850468 0.401975477075853 

0.697513277151452 0.0542779177177198 0.0170291460749514 0.231179659055877 
0.000125579880606527 0.520528086829399 0.478258119689115 0.00108821360088012 
0.00108821360088012 0.478258119689115 0.520528086829399 0.000125579880606527 
0.231179659055877 0.0170291460749514 0.0542779177177198 0.697513277151452 

0.316584721867607 0.652059403898119 0.00871692389957324 0.0226389503347003 
0.00848111542863472 0.669212679117805 0.0426317910009026 0.279674414452658 
0.279674414452658 0.0426317910009026 0.669212679117805 0.00848111542863472 
0.0226389503347003 0.00871692389957324 0.652059403898119 0.316584721867607 


