4 5

0.115859552868642 0.384140447131358 0.384140447131358 0.115859552868642 

0.984536226909945 0.00202917517160191 0.0021766266533773 0.0112579712650758 
0.00525448343541132 0.985799739393683 0.00835699640355031 0.000588780767355382 
0.000588780767355382 0.00835699640355031 0.985799739393683 0.00525448343541132 
0.0112579712650758 0.0021766266533773 0.00202917517160191 0.984536226909945 

0.987483837516019 0.0034069865080964 0.00672345464727669 0.00238572132860826 
0.00221977757947369 0.982836431602476 0.00493761412198562 0.0100061766960646 
0.0100061766960646 0.00493761412198562 0.982836431602476 0.00221977757947369 
0.00238572132860826 0.00672345464727669 0.0034069865080964 0.987483837516019 

0.9953007725799 0.000423054751954987 0.00151078135616061 0.00276539131198433 
0.00391977332428362 0.975135112654187 0.0133094032181617 0.00763571080336766 
0.00763571080336766 0.0133094032181617 0.975135112654187 0.00391977332428362 
0.00276539131198433 0.00151078135616061 0.000423054751954987 0.9953007725799 

0.991580786278785 0.00747351854126745 0.000511545202601527 0.00043414997734631 
0.0115101032167045 0.978776970272855 0.000777060344866798 0.00893586616557395 
0.00893586616557395 0.000777060344866798 0.978776970272855 0.0115101032167045 
0.00043414997734631 0.000511545202601527 0.00747351854126745 0.991580786278785 

0.985201706256554 0.00197809361816951 0.00293653727869733 0.00988366284657921 
0.000321885555725882 0.985144922551786 0.011090207449687 0.00344298444280144 
0.00344298444280144 0.011090207449687 0.985144922551786 0.000321885555725882 
0.00988366284657921 0.00293653727869733 0.00197809361816951 0.985201706256554 


