4 5

0.0439896472962573 0.456010352703743 0.456010352703743 0.0439896472962573 

0.995823165158051 7.55133852229582e-07 0.000150969048744894 0.00402511065935179 
0.00100083375451165 0.965314318228194 0.0306480788946802 0.00303676912261431 
0.00303676912261431 0.0306480788946802 0.965314318228194 0.00100083375451165 
0.00402511065935179 0.000150969048744894 7.55133852229582e-07 0.995823165158051 

0.972060531741344 0.00114981575893421 8.22620076937168e-05 0.0267073904920281 
0.000622051856416479 0.988827721696777 0.00981737482825884 0.000732851618547996 
0.000732851618547996 0.00981737482825884 0.988827721696777 0.000622051856416479 
0.0267073904920281 8.22620076937168e-05 0.00114981575893421 0.972060531741344 

0.993080164108382 7.57977289173387e-05 6.19817987681167e-05 0.00678205636393236 
2.13948524136333e-05 0.968034043223109 0.0319442048199131 3.57104564544377e-07 
3.57104564544377e-07 0.0319442048199131 0.968034043223109 2.13948524136333e-05 
0.00678205636393236 6.19817987681167e-05 7.57977289173387e-05 0.993080164108382 

0.97778257086428 0.00767066559918842 0.00168003598242858 0.0128667275541031 
5.62049447330962e-05 0.982847749352597 0.0166355128068613 0.000460532895808418 
0.000460532895808418 0.0166355128068613 0.982847749352597 5.62049447330962e-05 
0.0128667275541031 0.00168003598242858 0.00767066559918842 0.97778257086428 

0.981580245171138 0.00750850584727151 0.00981750893165353 0.00109374004993673 
0.00598509623417232 0.97901511843977 1.60159133494875e-05 0.0149837694127083 
0.0149837694127083 1.60159133494875e-05 0.97901511843977 0.00598509623417232 
0.00109374004993673 0.00981750893165353 0.00750850584727151 0.981580245171138 


