4 5

0.363416215055622 0.136583784944378 0.136583784944378 0.363416215055622 

0.989635572946451 0.00787517835611695 0.000361573181307583 0.00212767551612397 
0.000521511938591682 0.99048940856625 0.00593556220436031 0.00305351729079811 
0.00305351729079811 0.00593556220436031 0.99048940856625 0.000521511938591682 
0.00212767551612397 0.000361573181307583 0.00787517835611695 0.989635572946451 

0.988048600550531 0.00183824047227889 0.00262779132359357 0.00748536765359636 
0.0034189266721687 0.992098896001653 0.00149037339353142 0.0029918039326473 
0.0029918039326473 0.00149037339353142 0.992098896001653 0.0034189266721687 
0.00748536765359636 0.00262779132359357 0.00183824047227889 0.988048600550531 

0.992446812781962 0.00030591729505455 1.15162231682262e-05 0.00723575369981505 
0.00434861542091755 0.987716304272585 0.00770687818458599 0.000228202121911571 
0.000228202121911571 0.00770687818458599 0.987716304272585 0.00434861542091755 
0.00723575369981505 1.15162231682262e-05 0.00030591729505455 0.992446812781962 

0.99701739651745 0.00206936843962999 0.000113576221596829 0.000799658821323435 
1.67960390694477e-05 0.983252447688744 0.0154269444861769 0.00130381178600959 
0.00130381178600959 0.0154269444861769 0.983252447688744 1.67960390694477e-05 
0.000799658821323435 0.000113576221596829 0.00206936843962999 0.99701739651745 

0.991217786413256 0.00169878686458773 0.00293716707644715 0.00414625964570892 
0.00392387141407722 0.988918493895723 0.00541947748088678 0.00173815720931282 
0.00173815720931282 0.00541947748088678 0.988918493895723 0.00392387141407722 
0.00414625964570892 0.00293716707644715 0.00169878686458773 0.991217786413256 


