4 5

0.428871655720286 0.0711283442797139 0.0711283442797139 0.428871655720286 

0.465798862815836 0.0633769005332672 0.347427763852892 0.123396472798004 
0.0202184677681022 0.478582320395873 0.369835817870345 0.13136339396568 
0.13136339396568 0.369835817870345 0.478582320395873 0.0202184677681022 
0.123396472798004 0.347427763852892 0.0633769005332672 0.465798862815836 

0.569985546848492 0.0330493856607514 0.103414226270343 0.293550841220414 
0.0621346851571342 0.275959967325317 0.118826651239676 0.543078696277873 
0.543078696277873 0.118826651239676 0.275959967325317 0.0621346851571342 
0.293550841220414 0.103414226270343 0.0330493856607514 0.569985546848492 

0.487235842073653 0.0255754603525112 0.00595430068009821 0.481234396893738 
0.0976851296219315 0.818079817733546 0.0681244389907948 0.016110613653728 
0.016110613653728 0.0681244389907948 0.818079817733546 0.0976851296219315 
0.481234396893738 0.00595430068009821 0.0255754603525112 0.487235842073653 

0.852109057181805 0.00241108317822424 0.0233001573470649 0.122179702292906 
0.317681194552322 0.1467724542659 0.130797483942143 0.404748867239635 
0.404748867239635 0.130797483942143 0.1467724542659 0.317681194552322 
0.122179702292906 0.0233001573470649 0.00241108317822424 0.852109057181805 

0.532899320005649 0.0964700798761337 0.105793295310805 0.264837304807413 
0.181866667442267 0.407044653938182 0.397547023722297 0.0135416548972545 
0.0135416548972545 0.397547023722297 0.407044653938182 0.181866667442267 
0.264837304807413 0.105793295310805 0.0964700798761337 0.532899320005649 


