4 5

0.113678465480916 0.386321534519084 0.386321534519084 0.113678465480916 

0.990468587798172 0.00050881811262305 0.00205159599555604 0.00697099809364837 
0.00476035088999263 0.989670172085426 0.00434650034452777 0.00122297668005375 
0.00122297668005375 0.00434650034452777 0.989670172085426 0.00476035088999263 
0.00697099809364837 0.00205159599555604 0.00050881811262305 0.990468587798172 

0.98997785367963 0.000377842316410819 0.00159728863415463 0.00804701536980473 
0.00417038351235806 0.990165395784715 0.00332710974900929 0.00233711095391802 
0.00233711095391802 0.00332710974900929 0.990165395784715 0.00417038351235806 
0.00804701536980473 0.00159728863415463 0.000377842316410819 0.98997785367963 

0.992878104835939 0.00457136185363067 0.000730604339643499 0.00181992897078698 
0.000948812636803638 0.987261354667726 0.00660624410251076 0.00518358859295947 
0.00518358859295947 0.00660624410251076 0.987261354667726 0.000948812636803638 
0.00181992897078698 0.000730604339643499 0.00457136185363067 0.992878104835939 

0.990319308309907 0.000249308972883336 0.000283122705244218 0.009148260011965 
1.08817923971748e-05 0.989873016137003 0.00997975802236645 0.000136344048233696 
0.000136344048233696 0.00997975802236645 0.989873016137003 1.08817923971748e-05 
0.009148260011965 0.000283122705244218 0.000249308972883336 0.990319308309907 

0.987987455610804 0.00120584507289792 0.00966907783247437 0.00113762148382363 
0.00025937851739921 0.992173719802642 0.00203083611171656 0.00553606556824205 
0.00553606556824205 0.00203083611171656 0.992173719802642 0.00025937851739921 
0.00113762148382363 0.00966907783247437 0.00120584507289792 0.987987455610804 


