4 5

0.282183953328058 0.217816046671942 0.217816046671942 0.282183953328058 

0.695494945697423 0.00174126090974184 0.0317681368831113 0.270995656509724 
0.00251311368096477 0.417934285007757 0.404745746305881 0.174806855005397 
0.174806855005397 0.404745746305881 0.417934285007757 0.00251311368096477 
0.270995656509724 0.0317681368831113 0.00174126090974184 0.695494945697423 

0.776762403600376 0.207949909934641 0.0071042132219154 0.00818347324306823 
0.61844733804482 0.218273431980893 0.0742847671522218 0.0889944628220646 
0.0889944628220646 0.0742847671522218 0.218273431980893 0.61844733804482 
0.00818347324306823 0.0071042132219154 0.207949909934641 0.776762403600376 

0.472182542456447 0.00753054125461389 0.24894956595944 0.271337350329498 
0.00290094731975907 0.509350135511911 0.376692261677588 0.111056655490741 
0.111056655490741 0.376692261677588 0.509350135511911 0.00290094731975907 
0.271337350329498 0.24894956595944 0.00753054125461389 0.472182542456447 

0.603044683158717 0.155613663318072 0.139307399632709 0.102034253890502 
0.0112457984715386 0.473679336739496 0.473635701801261 0.0414391629877046 
0.0414391629877046 0.473635701801261 0.473679336739496 0.0112457984715386 
0.102034253890502 0.139307399632709 0.155613663318072 0.603044683158717 

0.565999213819828 0.0960908552651444 0.00377715094036896 0.334132779974658 
0.163211678596553 0.447398913176265 0.382987321222225 0.00640208700495762 
0.00640208700495762 0.382987321222225 0.447398913176265 0.163211678596553 
0.334132779974658 0.00377715094036896 0.0960908552651444 0.565999213819828 


