4 5

0.158376762759872 0.341623237240128 0.341623237240128 0.158376762759872 

0.988129829939186 0.00297839017067674 0.00841117184544944 0.000480608044687914 
0.00647615593608322 0.982183552234317 0.00766484150609892 0.00367545032350045 
0.00367545032350045 0.00766484150609892 0.982183552234317 0.00647615593608322 
0.000480608044687914 0.00841117184544944 0.00297839017067674 0.988129829939186 

0.97337057874078 0.0019905617406941 0.0133418879673708 0.0112969715511549 
0.000345542032081834 0.997086560588725 0.000853281716274024 0.00171461566291895 
0.00171461566291895 0.000853281716274024 0.997086560588725 0.000345542032081834 
0.0112969715511549 0.0133418879673708 0.0019905617406941 0.97337057874078 

0.98689605340695 0.0023692886153774 5.37972960327638e-05 0.0106808606816404 
0.000577838420353541 0.983492905633884 0.0142253588271336 0.00170389711862871 
0.00170389711862871 0.0142253588271336 0.983492905633884 0.000577838420353541 
0.0106808606816404 5.37972960327638e-05 0.0023692886153774 0.98689605340695 

0.980740798291028 0.00179704799419493 0.0146252233595901 0.00283693035518734 
0.000638295456991191 0.98957837456094 0.00645976381094643 0.00332356617112255 
0.00332356617112255 0.00645976381094643 0.98957837456094 0.000638295456991191 
0.00283693035518734 0.0146252233595901 0.00179704799419493 0.980740798291028 

0.994144740040211 0.000700399425517664 0.00315524794292602 0.0019996125913454 
0.00347724319016847 0.976238612848269 0.00827356718801442 0.0120105767735478 
0.0120105767735478 0.00827356718801442 0.976238612848269 0.00347724319016847 
0.0019996125913454 0.00315524794292602 0.000700399425517664 0.994144740040211 


