4 5

0.166381281334907 0.333618718665093 0.333618718665093 0.166381281334907 

0.996321003469082 0.000196864823887077 7.11370357126656e-05 0.00341099467131806 
0.00167411664732181 0.983839296525721 0.00532786007406238 0.00915872675289492 
0.00915872675289492 0.00532786007406238 0.983839296525721 0.00167411664732181 
0.00341099467131806 7.11370357126656e-05 0.000196864823887077 0.996321003469082 

0.989637722929535 0.00657282193954351 0.00335205757754003 0.000437397553381291 
1.56376162137365e-05 0.990488657761492 0.00354116375717817 0.00595454086511568 
0.00595454086511568 0.00354116375717817 0.990488657761492 1.56376162137365e-05 
0.000437397553381291 0.00335205757754003 0.00657282193954351 0.989637722929535 

0.983282090918526 0.00844088433919309 0.00151758732942277 0.00675943741285789 
0.000962208415516832 0.996898125790952 0.0010418458806577 0.00109781991287342 
0.00109781991287342 0.0010418458806577 0.996898125790952 0.000962208415516832 
0.00675943741285789 0.00151758732942277 0.00844088433919309 0.983282090918526 

0.998132288307291 0.000149821736514797 0.000895652333575682 0.000822237622618294 
0.00371608483647819 0.982107981732675 0.0119152100733795 0.00226072335746689 
0.00226072335746689 0.0119152100733795 0.982107981732675 0.00371608483647819 
0.000822237622618294 0.000895652333575682 0.000149821736514797 0.998132288307291 

0.986777331515966 0.000587388370696054 0.00782712934237806 0.00480815077095986 
1.24679466571142e-05 0.993384105085573 0.00189825092646367 0.00470517604130637 
0.00470517604130637 0.00189825092646367 0.993384105085573 1.24679466571142e-05 
0.00480815077095986 0.00782712934237806 0.000587388370696054 0.986777331515966 


