4 5

0.10973035346251 0.39026964653749 0.39026964653749 0.10973035346251 

0.991766336500068 0.00524503104940093 0.0017037402946158 0.00128489215591548 
0.000260959537033756 0.988375117647449 0.00778100448127395 0.00358291833424318 
0.00358291833424318 0.00778100448127395 0.988375117647449 0.000260959537033756 
0.00128489215591548 0.0017037402946158 0.00524503104940093 0.991766336500068 

0.992254350016075 5.58595802811541e-05 0.000499849305180926 0.00718994109846305 
1.45969953466848e-07 0.987949493959254 0.0120375202959203 1.28397748720886e-05 
1.28397748720886e-05 0.0120375202959203 0.987949493959254 1.45969953466848e-07 
0.00718994109846305 0.000499849305180926 5.58595802811541e-05 0.992254350016075 

0.989580409740659 0.00459431925228605 0.00401777618837494 0.00180749481868003 
3.44963114675963e-05 0.990551680118682 0.0049885266811921 0.00442529688865798 
0.00442529688865798 0.0049885266811921 0.990551680118682 3.44963114675963e-05 
0.00180749481868003 0.00401777618837494 0.00459431925228605 0.989580409740659 

0.988645208434235 0.000100700556133947 5.25166772336398e-05 0.0112015743323978 
0.000108163144615031 0.991554646323897 0.0082753318079305 6.18587235573564e-05 
6.18587235573564e-05 0.0082753318079305 0.991554646323897 0.000108163144615031 
0.0112015743323978 5.25166772336398e-05 0.000100700556133947 0.988645208434235 

0.984762967191184 0.00584506410551272 0.000133081532264491 0.00925888717103934 
0.000632090939555068 0.995419630535346 0.00367439244425527 0.000273886080844117 
0.000273886080844117 0.00367439244425527 0.995419630535346 0.000632090939555068 
0.00925888717103934 0.000133081532264491 0.00584506410551272 0.984762967191184 


