4 5

0.0737554212100804 0.42624457878992 0.42624457878992 0.0737554212100804 

0.995763011147753 0.000161607144772884 0.00406870447261541 6.67723485830996e-06 
0.0221691858588248 0.974591608795587 5.83268457471364e-06 0.00323337266101353 
0.00323337266101353 5.83268457471364e-06 0.974591608795587 0.0221691858588248 
6.67723485830996e-06 0.00406870447261541 0.000161607144772884 0.995763011147753 

0.980175851537123 0.00170531792074436 5.1608876756138e-05 0.0180672216653764 
0.00585788400503683 0.990253511758608 0.00207260664325754 0.00181599759309804 
0.00181599759309804 0.00207260664325754 0.990253511758608 0.00585788400503683 
0.0180672216653764 5.1608876756138e-05 0.00170531792074436 0.980175851537123 

0.991069798977603 0.00162891287507323 0.00209023885476438 0.00521104929255983 
0.00172626934248893 0.979258950799309 0.00749340273591986 0.0115213771222826 
0.0115213771222826 0.00749340273591986 0.979258950799309 0.00172626934248893 
0.00521104929255983 0.00209023885476438 0.00162891287507323 0.991069798977603 

0.992624769181895 0.000208816150539253 0.00675562272684959 0.000410791940715804 
0.0164120095761194 0.977699424636518 1.73507910861681e-05 0.00587121499627664 
0.00587121499627664 1.73507910861681e-05 0.977699424636518 0.0164120095761194 
0.000410791940715804 0.00675562272684959 0.000208816150539253 0.992624769181895 

0.993722603817343 9.79019997287389e-05 5.0067602808751e-05 0.00612942658011983 
0.00503193825435132 0.976652190676974 0.0105381123647671 0.00777775870390785 
0.00777775870390785 0.0105381123647671 0.976652190676974 0.00503193825435132 
0.00612942658011983 5.0067602808751e-05 9.79019997287389e-05 0.993722603817343 


