4 5

0.338541552424431 0.161458447575569 0.161458447575569 0.338541552424431 

0.994992172911535 7.40631556709412e-05 0.000200448572432947 0.00473331536036131 
0.00447328730453896 0.966084088786948 0.0294090461201219 3.35777883907849e-05 
3.35777883907849e-05 0.0294090461201219 0.966084088786948 0.00447328730453896 
0.00473331536036131 0.000200448572432947 7.40631556709412e-05 0.994992172911535 

0.987234105411675 0.00199663763341817 0.00548951928605257 0.00527973766885437 
0.0211391738325646 0.973288436833661 0.00281928378432833 0.00275310554944592 
0.00275310554944592 0.00281928378432833 0.973288436833661 0.0211391738325646 
0.00527973766885437 0.00548951928605257 0.00199663763341817 0.987234105411675 

0.964977265963476 0.0191326712595617 0.0026627785025454 0.0132272842744166 
7.123040147777e-05 0.995763434265474 0.00391060315489367 0.000254732178155029 
0.000254732178155029 0.00391060315489367 0.995763434265474 7.123040147777e-05 
0.0132272842744166 0.0026627785025454 0.0191326712595617 0.964977265963476 

0.967833382875339 0.000767381266854429 0.0115640987659753 0.0198351370918316 
0.00240015077983904 0.992944115435404 0.00444896847468806 0.000206765310068444 
0.000206765310068444 0.00444896847468806 0.992944115435404 0.00240015077983904 
0.0198351370918316 0.0115640987659753 0.000767381266854429 0.967833382875339 

0.987951716479439 0.00367685009414862 0.000167518891414002 0.00820391453499869 
0.00411792014997229 0.972827183639895 0.022997400034746 5.74961753864929e-05 
5.74961753864929e-05 0.022997400034746 0.972827183639895 0.00411792014997229 
0.00820391453499869 0.000167518891414002 0.00367685009414862 0.987951716479439 


