4 5

0.352388257277198 0.147611742722802 0.147611742722802 0.352388257277198 

0.986850004288558 0.0100374095867715 0.000390769537328802 0.00272181658734166 
0.0151520329960584 0.973779975262356 0.00751670021002182 0.00355129153156364 
0.00355129153156364 0.00751670021002182 0.973779975262356 0.0151520329960584 
0.00272181658734166 0.000390769537328802 0.0100374095867715 0.986850004288558 

0.964718020538328 0.0296307624522277 0.00017193454312755 0.00547928246631663 
0.000543017793475603 0.995966242888732 0.00338995052699076 0.000100788790801603 
0.000100788790801603 0.00338995052699076 0.995966242888732 0.000543017793475603 
0.00547928246631663 0.00017193454312755 0.0296307624522277 0.964718020538328 

0.988480149275931 0.000333565648861951 0.00819767142720789 0.00298861364799968 
0.000279693725607824 0.972258263270502 0.0199699030087819 0.0074921399951085 
0.0074921399951085 0.0199699030087819 0.972258263270502 0.000279693725607824 
0.00298861364799968 0.00819767142720789 0.000333565648861951 0.988480149275931 

0.979451098527486 0.0005632168814751 0.000127563953584812 0.019858120637454 
0.00166308249071677 0.981153788160158 0.00225323438625841 0.0149298949628669 
0.0149298949628669 0.00225323438625841 0.981153788160158 0.00166308249071677 
0.019858120637454 0.000127563953584812 0.0005632168814751 0.979451098527486 

0.994531406419127 0.000225550002830086 0.000488876279668539 0.0047541672983743 
0.000147637889156936 0.966646573845341 0.0329838633721068 0.000221924893395577 
0.000221924893395577 0.0329838633721068 0.966646573845341 0.000147637889156936 
0.0047541672983743 0.000488876279668539 0.000225550002830086 0.994531406419127 


