4 5

0.327647057711147 0.172352942288853 0.172352942288853 0.327647057711147 

0.994672313918485 0.00384911144938719 0.00030881319916495 0.00116976143296277 
0.00250142539076902 0.96600062674962 0.00971223018655992 0.0217857176730506 
0.0217857176730506 0.00971223018655992 0.96600062674962 0.00250142539076902 
0.00116976143296277 0.00030881319916495 0.00384911144938719 0.994672313918485 

0.971714363709627 0.00231983846914178 0.000577430282225194 0.0253883675390062 
0.000460875422457882 0.989103031067067 0.00244073535038208 0.00799535816009355 
0.00799535816009355 0.00244073535038208 0.989103031067067 0.000460875422457882 
0.0253883675390062 0.000577430282225194 0.00231983846914178 0.971714363709627 

0.986442302036374 0.00174241794681143 1.18707125843216e-05 0.0118034093042305 
0.00211898459351649 0.974343487154045 0.0231671647986478 0.00037036345379067 
0.00037036345379067 0.0231671647986478 0.974343487154045 0.00211898459351649 
0.0118034093042305 1.18707125843216e-05 0.00174241794681143 0.986442302036374 

0.982218776157414 0.00127885440826321 0.00662771447868731 0.00987465495563583 
0.00909030836173499 0.978306443343589 0.00538019134684359 0.00722305694783263 
0.00722305694783263 0.00538019134684359 0.978306443343589 0.00909030836173499 
0.00987465495563583 0.00662771447868731 0.00127885440826321 0.982218776157414 

0.969763985960006 0.00132116829944379 0.000131718751412763 0.0287831269891379 
0.000196428391686332 0.991187884872551 0.00308312002146671 0.00553256671429613 
0.00553256671429613 0.00308312002146671 0.991187884872551 0.000196428391686332 
0.0287831269891379 0.000131718751412763 0.00132116829944379 0.969763985960006 


