4 5

0.49012740899343 0.00987259100656956 0.00987259100656956 0.49012740899343 

0.966014774210244 0.00107887656607003 0.0305191664137537 0.00238718280993261 
1.68603934089196e-05 0.994630569226165 0.00451570208562829 0.000836868294797293 
0.000836868294797293 0.00451570208562829 0.994630569226165 1.68603934089196e-05 
0.00238718280993261 0.0305191664137537 0.00107887656607003 0.966014774210244 

0.971624728644794 0.00928852497910555 0.00209924714188763 0.0169874992342126 
0.00326202366467749 0.989054929659015 0.0066721944280056 0.00101085224830205 
0.00101085224830205 0.0066721944280056 0.989054929659015 0.00326202366467749 
0.0169874992342126 0.00209924714188763 0.00928852497910555 0.971624728644794 

0.983463436208939 0.00649503158152454 0.000143612775256762 0.00989791943427959 
0.00806330176280918 0.977124892138638 0.012300818869061 0.00251098722949222 
0.00251098722949222 0.012300818869061 0.977124892138638 0.00806330176280918 
0.00989791943427959 0.000143612775256762 0.00649503158152454 0.983463436208939 

0.990540236902324 0.00281671212673606 0.0063032685931117 0.000339782377828779 
0.00240781362820121 0.970333136050071 0.0262546018150425 0.00100444850668533 
0.00100444850668533 0.0262546018150425 0.970333136050071 0.00240781362820121 
0.000339782377828779 0.0063032685931117 0.00281671212673606 0.990540236902324 

0.985052347004954 0.00403579734548488 0.000166489706837629 0.0107453659427239 
0.00126423004414861 0.975537448297713 0.0142953929546346 0.00890292870350389 
0.00890292870350389 0.0142953929546346 0.975537448297713 0.00126423004414861 
0.0107453659427239 0.000166489706837629 0.00403579734548488 0.985052347004954 


