4 5

0.467782063409686 0.0322179365903139 0.0322179365903139 0.467782063409686 

0.646902857845201 0.0120390099409322 0.2828175967463 0.0582405354675669 
0.102551661695886 0.290957302635838 0.0983643511877548 0.508126684480522 
0.508126684480522 0.0983643511877548 0.290957302635838 0.102551661695886 
0.0582405354675669 0.2828175967463 0.0120390099409322 0.646902857845201 

0.620645604789669 0.0204374766662701 0.106830494916834 0.252086423627227 
0.000575170638230922 0.499069166041619 0.497483716990852 0.0028719463292975 
0.0028719463292975 0.497483716990852 0.499069166041619 0.000575170638230922 
0.252086423627227 0.106830494916834 0.0204374766662701 0.620645604789669 

0.405853132725276 0.0939203511328596 0.274296398074319 0.225930118067546 
0.0375741396123165 0.465002117725613 0.296470165860249 0.200953576801822 
0.200953576801822 0.296470165860249 0.465002117725613 0.0375741396123165 
0.225930118067546 0.274296398074319 0.0939203511328596 0.405853132725276 

0.662727362755508 0.242858869689968 0.0443503597947371 0.050063407759787 
0.249850190970824 0.300099867022233 0.274212074674797 0.175837867332145 
0.175837867332145 0.274212074674797 0.300099867022233 0.249850190970824 
0.050063407759787 0.0443503597947371 0.242858869689968 0.662727362755508 

0.915021942264653 0.00503916722262973 0.00212045206021552 0.0778184384525016 
0.0932756836656177 0.441468522046461 0.440770804730838 0.0244849895570828 
0.0244849895570828 0.440770804730838 0.441468522046461 0.0932756836656177 
0.0778184384525016 0.00212045206021552 0.00503916722262973 0.915021942264653 


