4 5

0.122064556460828 0.377935443539172 0.377935443539172 0.122064556460828 

0.99636865785923 0.000443282813838503 0.00228035077690462 0.000907708550026753 
0.00324600381568376 0.983801832058876 0.000345368753600972 0.0126067953718398 
0.0126067953718398 0.000345368753600972 0.983801832058876 0.00324600381568376 
0.000907708550026753 0.00228035077690462 0.000443282813838503 0.99636865785923 

0.989070095380953 0.00038856018561668 0.000169151109619838 0.0103721933238102 
0.00650815423260587 0.99109005502607 0.00219818153755752 0.000203609203766939 
0.000203609203766939 0.00219818153755752 0.99109005502607 0.00650815423260587 
0.0103721933238102 0.000169151109619838 0.00038856018561668 0.989070095380953 

0.993072266199057 0.000324553092245128 0.00127952728997203 0.00532365341872587 
0.00221410003605282 0.987109098393715 0.0106657314891329 1.1070081098909e-05 
1.1070081098909e-05 0.0106657314891329 0.987109098393715 0.00221410003605282 
0.00532365341872587 0.00127952728997203 0.000324553092245128 0.993072266199057 

0.991649416450107 0.00336341270805515 0.00143698789287985 0.00355018294895848 
0.0111165523514548 0.988497120724459 0.000181790549279026 0.000204536374807624 
0.000204536374807624 0.000181790549279026 0.988497120724459 0.0111165523514548 
0.00355018294895848 0.00143698789287985 0.00336341270805515 0.991649416450107 

0.9959064494093 0.0025526480896706 0.000478728098197148 0.00106217440283257 
0.000896755425484494 0.984244214671771 0.00413578765840439 0.0107232422443405 
0.0107232422443405 0.00413578765840439 0.984244214671771 0.000896755425484494 
0.00106217440283257 0.000478728098197148 0.0025526480896706 0.9959064494093 


