4 5

0.464462974225171 0.0355370257748291 0.0355370257748291 0.464462974225171 

0.995775691557824 0.00254053308592298 8.28567992710776e-05 0.00160091855698236 
0.000283261637272434 0.965321120024774 0.0295965410609696 0.00479907727698414 
0.00479907727698414 0.0295965410609696 0.965321120024774 0.000283261637272434 
0.00160091855698236 8.28567992710776e-05 0.00254053308592298 0.995775691557824 

0.985557933877567 0.0117365906039516 4.35898285675394e-05 0.0026618856899141 
0.000660232594657795 0.974892683579424 0.00516200588415572 0.0192850779417626 
0.0192850779417626 0.00516200588415572 0.974892683579424 0.000660232594657795 
0.0026618856899141 4.35898285675394e-05 0.0117365906039516 0.985557933877567 

0.996342255109475 0.00189657402339538 0.000178502506225425 0.00158266836090459 
0.0284928678856814 0.964375675551985 0.00230278698894681 0.00482866957338638 
0.00482866957338638 0.00230278698894681 0.964375675551985 0.0284928678856814 
0.00158266836090459 0.000178502506225425 0.00189657402339538 0.996342255109475 

0.982507419890234 0.0103280211730537 0.00321527727288947 0.00394928166382319 
0.0142558185687242 0.978074452260136 0.00525072050035424 0.00241900867078521 
0.00241900867078521 0.00525072050035424 0.978074452260136 0.0142558185687242 
0.00394928166382319 0.00321527727288947 0.0103280211730537 0.982507419890234 

0.966334601593272 0.00162777613230512 0.00928703047109482 0.0227505918033283 
0.000931177674155397 0.994549000100586 0.00450144524018042 1.83769850781236e-05 
1.83769850781236e-05 0.00450144524018042 0.994549000100586 0.000931177674155397 
0.0227505918033283 0.00928703047109482 0.00162777613230512 0.966334601593272 


