4 5

0.0179095433559269 0.482090456644073 0.482090456644073 0.0179095433559269 

0.512192482170897 1.23480373330652e-05 0.00252158041403884 0.485273589377731 
0.000119022010826392 0.835031172175533 0.0945078739304082 0.070341931883232 
0.070341931883232 0.0945078739304082 0.835031172175533 0.000119022010826392 
0.485273589377731 0.00252158041403884 1.23480373330652e-05 0.512192482170897 

0.324330662728539 0.0723027204718708 0.356653315229199 0.246713301570391 
0.277553158062344 0.408110100335791 0.26309339858359 0.0512433430182753 
0.0512433430182753 0.26309339858359 0.408110100335791 0.277553158062344 
0.246713301570391 0.356653315229199 0.0723027204718708 0.324330662728539 

0.393887000765766 0.0150118969218573 0.252242453447985 0.338858648864392 
0.248594012040897 0.410920111887363 0.250541633105229 0.0899442429665113 
0.0899442429665113 0.250541633105229 0.410920111887363 0.248594012040897 
0.338858648864392 0.252242453447985 0.0150118969218573 0.393887000765766 

0.208387457951957 0.0232329790711608 0.709095242749127 0.0592843202277551 
0.149685778187271 0.761962721730456 0.0661628837905605 0.0221886162917132 
0.0221886162917132 0.0661628837905605 0.761962721730456 0.149685778187271 
0.0592843202277551 0.709095242749127 0.0232329790711608 0.208387457951957 

0.598851900530252 0.03436059683363 0.11681054267777 0.249976959958349 
0.245271293367073 0.318844723216897 0.0736057573802351 0.362278226035795 
0.362278226035795 0.0736057573802351 0.318844723216897 0.245271293367073 
0.249976959958349 0.11681054267777 0.03436059683363 0.598851900530252 


