4 5

0.206436837906949 0.293563162093051 0.293563162093051 0.206436837906949 

0.962738213539329 7.3281656630406e-06 0.013788900591452 0.0234655577035559 
2.27300028120169e-07 0.99827557678581 0.00158874916280466 0.000135446751357583 
0.000135446751357583 0.00158874916280466 0.99827557678581 2.27300028120169e-07 
0.0234655577035559 0.013788900591452 7.3281656630406e-06 0.962738213539329 

0.969842076275284 0.00373004146325108 0.0234303223961651 0.00299755986529959 
0.000504177557960496 0.990878855793383 7.11747982086175e-05 0.00854579185044825 
0.00854579185044825 7.11747982086175e-05 0.990878855793383 0.000504177557960496 
0.00299755986529959 0.0234303223961651 0.00373004146325108 0.969842076275284 

0.976872624252369 0.00681665323382196 0.000908716700967043 0.0154020058128424 
0.000869986478313981 0.983780224913902 0.0150855771851627 0.000264211422620738 
0.000264211422620738 0.0150855771851627 0.983780224913902 0.000869986478313981 
0.0154020058128424 0.000908716700967043 0.00681665323382196 0.976872624252369 

0.9730032210757 0.0160640952072174 0.00142869061771439 0.00950399309936856 
0.00735143005506419 0.987621859698665 0.00036029197850479 0.00466641826776584 
0.00466641826776584 0.00036029197850479 0.987621859698665 0.00735143005506419 
0.00950399309936856 0.00142869061771439 0.0160640952072174 0.9730032210757 

0.992649289520759 3.98081885198768e-07 0.000309729604533494 0.00704058279282188 
8.6125808242207e-05 0.968440141206951 0.0314736846478121 4.83369941658662e-08 
4.83369941658662e-08 0.0314736846478121 0.968440141206951 8.6125808242207e-05 
0.00704058279282188 0.000309729604533494 3.98081885198768e-07 0.992649289520759 


