4 5

0.38995955849532 0.11004044150468 0.11004044150468 0.38995955849532 

0.990245992198277 0.00141229729080694 0.000913987306720099 0.0074277232041961 
0.000268571052534753 0.989903087915551 0.00590259035574486 0.00392575067616885 
0.00392575067616885 0.00590259035574486 0.989903087915551 0.000268571052534753 
0.0074277232041961 0.000913987306720099 0.00141229729080694 0.990245992198277 

0.99288220151808 4.62017110046953e-05 0.00680559774073716 0.000265999030178432 
0.0124697690514918 0.98722819538923 2.47260277663752e-06 0.000299562956501102 
0.000299562956501102 2.47260277663752e-06 0.98722819538923 0.0124697690514918 
0.000265999030178432 0.00680559774073716 4.62017110046953e-05 0.99288220151808 

0.984673096157311 9.83792523728884e-05 0.000182652487268336 0.0150458721030475 
0.00106391787368536 0.995576630193343 0.0029213877460067 0.000438064186964638 
0.000438064186964638 0.0029213877460067 0.995576630193343 0.00106391787368536 
0.0150458721030475 0.000182652487268336 9.83792523728884e-05 0.984673096157311 

0.995544588036384 0.00189037267631606 0.00170664419987789 0.000858395087421582 
0.00251363340641228 0.984611451648907 0.000883561003141853 0.0119913539415393 
0.0119913539415393 0.000883561003141853 0.984611451648907 0.00251363340641228 
0.000858395087421582 0.00170664419987789 0.00189037267631606 0.995544588036384 

0.995585479413587 0.00203334326113623 0.000207331236065989 0.00217384608921084 
2.6327132393814e-05 0.984661951627161 0.0150179658014469 0.000293755438998785 
0.000293755438998785 0.0150179658014469 0.984661951627161 2.6327132393814e-05 
0.00217384608921084 0.000207331236065989 0.00203334326113623 0.995585479413587 


