4 5

0.168978532892652 0.331021467107348 0.331021467107348 0.168978532892652 

0.436011868482657 0.30178778616589 0.1314203146488 0.130780030702653 
0.29691604147584 0.35423034891311 0.241606968641422 0.107246640969629 
0.107246640969629 0.241606968641422 0.35423034891311 0.29691604147584 
0.130780030702653 0.1314203146488 0.30178778616589 0.436011868482657 

0.367596422092391 0.300564373395483 0.00176680766253698 0.330072396849589 
0.0498819593395976 0.674172803339712 0.27451651236875 0.00142872495194091 
0.00142872495194091 0.27451651236875 0.674172803339712 0.0498819593395976 
0.330072396849589 0.00176680766253698 0.300564373395483 0.367596422092391 

0.698606364167753 0.135605453217355 0.0195477123139805 0.146240470300912 
0.406495271294514 0.262475984664793 0.202177805611655 0.128850938429038 
0.128850938429038 0.202177805611655 0.262475984664793 0.406495271294514 
0.146240470300912 0.0195477123139805 0.135605453217355 0.698606364167753 

0.387580249218053 0.115859260047948 0.123901246960337 0.372659243773662 
0.00468936576774492 0.452779981212239 0.247428058764387 0.29510259425563 
0.29510259425563 0.247428058764387 0.452779981212239 0.00468936576774492 
0.372659243773662 0.123901246960337 0.115859260047948 0.387580249218053 

0.499798729244508 0.00598680757446956 0.0903669341710718 0.403847529009951 
0.000420027919883631 0.49669356496841 0.419221900432227 0.0836645066794796 
0.0836645066794796 0.419221900432227 0.49669356496841 0.000420027919883631 
0.403847529009951 0.0903669341710718 0.00598680757446956 0.499798729244508 


