4 5

0.487846907111816 0.0121530928881839 0.0121530928881839 0.487846907111816 

0.99300281222952 0.000166831760369843 1.24244325269827e-05 0.00681793157758287 
0.00698825623096005 0.987139475247431 0.00430353387191895 0.00156873464969038 
0.00156873464969038 0.00430353387191895 0.987139475247431 0.00698825623096005 
0.00681793157758287 1.24244325269827e-05 0.000166831760369843 0.99300281222952 

0.994974800854314 0.00050913814666323 0.00378370492267185 0.000732356076351137 
0.00217120613028767 0.985191814030149 0.00296705224714544 0.00966992759241801 
0.00966992759241801 0.00296705224714544 0.985191814030149 0.00217120613028767 
0.000732356076351137 0.00378370492267185 0.00050913814666323 0.994974800854314 

0.993589012436898 0.0057955606064294 0.000223808374247496 0.000391618582424924 
0.000476794426236208 0.986528979646403 0.000202113957839756 0.0127921119695207 
0.0127921119695207 0.000202113957839756 0.986528979646403 0.000476794426236208 
0.000391618582424924 0.000223808374247496 0.0057955606064294 0.993589012436898 

0.984834921945031 0.00871517971350984 0.000376510529253729 0.0060733878122059 
0.00397197630895389 0.995346612365736 0.000148687129338132 0.000532724195971568 
0.000532724195971568 0.000148687129338132 0.995346612365736 0.00397197630895389 
0.0060733878122059 0.000376510529253729 0.00871517971350984 0.984834921945031 

0.993780833005752 0.000535555049416794 0.00394808058529353 0.00173553135953791 
0.0131959400161167 0.986342058666904 0.000295097548734857 0.000166903768244785 
0.000166903768244785 0.000295097548734857 0.986342058666904 0.0131959400161167 
0.00173553135953791 0.00394808058529353 0.000535555049416794 0.993780833005752 


