4 5

0.167510103434324 0.332489896565676 0.332489896565676 0.167510103434324 

0.991476257590686 0.00335324963779931 0.00207986434734836 0.00309062842416646 
0.0179690308363574 0.978859284857984 0.000684735039020057 0.00248694926663799 
0.00248694926663799 0.000684735039020057 0.978859284857984 0.0179690308363574 
0.00309062842416646 0.00207986434734836 0.00335324963779931 0.991476257590686 

0.977101915798385 0.0168886612109979 0.00197453101805828 0.00403489197255924 
0.000151975642812008 0.993218641325453 0.00614953670765528 0.000479846324079591 
0.000479846324079591 0.00614953670765528 0.993218641325453 0.000151975642812008 
0.00403489197255924 0.00197453101805828 0.0168886612109979 0.977101915798385 

0.981842133083991 0.0151885439070912 0.00238871409364308 0.000580608915274894 
0.00893421746388678 0.988534518566942 0.00157434047504074 0.000956923494130129 
0.000956923494130129 0.00157434047504074 0.988534518566942 0.00893421746388678 
0.000580608915274894 0.00238871409364308 0.0151885439070912 0.981842133083991 

0.978698853773657 0.00482876278752031 0.00747777389974136 0.00899460953908116 
0.000808443561229473 0.991641554123681 0.00744922177796725 0.000100780537121785 
0.000100780537121785 0.00744922177796725 0.991641554123681 0.000808443561229473 
0.00899460953908116 0.00747777389974136 0.00482876278752031 0.978698853773657 

0.974900501512899 0.000397031077553801 0.00188705764556978 0.0228154097639774 
0.0017676048102634 0.995706728845373 0.00218647996361931 0.000339186380744471 
0.000339186380744471 0.00218647996361931 0.995706728845373 0.0017676048102634 
0.0228154097639774 0.00188705764556978 0.000397031077553801 0.974900501512899 


