4 5

0.470339288935065 0.0296607110649347 0.0296607110649347 0.470339288935065 

0.88797833259164 0.0461499037064552 0.00566415324961186 0.0602076104522928 
0.233507236020933 0.399311193242117 0.356981098475917 0.0102004722610332 
0.0102004722610332 0.356981098475917 0.399311193242117 0.233507236020933 
0.0602076104522928 0.00566415324961186 0.0461499037064552 0.88797833259164 

0.660086298514628 0.00620168524644242 0.178639300214749 0.15507271602418 
0.178560397000806 0.393159554393878 0.372755556761958 0.0555244918433591 
0.0555244918433591 0.372755556761958 0.393159554393878 0.178560397000806 
0.15507271602418 0.178639300214749 0.00620168524644242 0.660086298514628 

0.399786602993931 0.00282501466785451 0.595933297158141 0.00145508518007317 
0.361718253711705 0.633818981656804 0.00431079003445145 0.00015197459704 
0.00015197459704 0.00431079003445145 0.633818981656804 0.361718253711705 
0.00145508518007317 0.595933297158141 0.00282501466785451 0.399786602993931 

0.752899023495333 0.0930812276816797 0.0020134734920476 0.15200627533094 
0.177931225698487 0.437495575634125 0.369956114140822 0.0146170845265656 
0.0146170845265656 0.369956114140822 0.437495575634125 0.177931225698487 
0.15200627533094 0.0020134734920476 0.0930812276816797 0.752899023495333 

0.787296541228831 0.000533514814244725 0.00121120438740148 0.210958739569523 
6.76277252594122e-06 0.509692211609151 0.477426013551573 0.0128750120667498 
0.0128750120667498 0.477426013551573 0.509692211609151 6.76277252594122e-06 
0.210958739569523 0.00121120438740148 0.000533514814244725 0.787296541228831 


