4 5

0.484041168238036 0.0159588317619637 0.0159588317619637 0.484041168238036 

0.449105090384016 0.00756623236373491 0.236068472563488 0.307260204688761 
0.00747039935213825 0.606834051974477 0.0700494562682728 0.315646092405112 
0.315646092405112 0.0700494562682728 0.606834051974477 0.00747039935213825 
0.307260204688761 0.236068472563488 0.00756623236373491 0.449105090384016 

0.645908583704581 0.0432350029725995 0.00514612823661307 0.305710285086206 
0.00211471856982504 0.495296949416744 0.488815560134547 0.0137727718788835 
0.0137727718788835 0.488815560134547 0.495296949416744 0.00211471856982504 
0.305710285086206 0.00514612823661307 0.0432350029725995 0.645908583704581 

0.681384493817148 0.0537085784331344 0.200568867147399 0.0643380606023185 
0.0751303826150278 0.387948382253896 0.354075462136577 0.182845772994499 
0.182845772994499 0.354075462136577 0.387948382253896 0.0751303826150278 
0.0643380606023185 0.200568867147399 0.0537085784331344 0.681384493817148 

0.485863741822768 0.0772932127247536 0.266543905369089 0.170299140083389 
0.0076652277334041 0.496467797623344 0.477721041319691 0.0181459333235617 
0.0181459333235617 0.477721041319691 0.496467797623344 0.0076652277334041 
0.170299140083389 0.266543905369089 0.0772932127247536 0.485863741822768 

0.756540016042885 0.0623748198316737 0.022063788907345 0.159021375218096 
0.00119870037340881 0.473394970126403 0.47209298187193 0.0533133476282578 
0.0533133476282578 0.47209298187193 0.473394970126403 0.00119870037340881 
0.159021375218096 0.022063788907345 0.0623748198316737 0.756540016042885 


