4 5

0.074185875011608 0.425814124988392 0.425814124988392 0.074185875011608 

0.568767250106472 5.98478314699693e-05 0.0187745631614071 0.412398338900651 
0.0125476861255512 0.538209491471453 0.408633446908764 0.0406093754942326 
0.0406093754942326 0.408633446908764 0.538209491471453 0.0125476861255512 
0.412398338900651 0.0187745631614071 5.98478314699693e-05 0.568767250106472 

0.557346193916004 0.0387986788079296 0.00583871390740021 0.398016413368666 
0.447270294328907 0.394206387936559 0.0180245617275976 0.140498756006936 
0.140498756006936 0.0180245617275976 0.394206387936559 0.447270294328907 
0.398016413368666 0.00583871390740021 0.0387986788079296 0.557346193916004 

0.749231903349491 0.0056381437755128 0.0132042593449722 0.231925693530024 
0.329493113310791 0.346861895595564 0.294365526900314 0.0292794641933315 
0.0292794641933315 0.294365526900314 0.346861895595564 0.329493113310791 
0.231925693530024 0.0132042593449722 0.0056381437755128 0.749231903349491 

0.521670105835722 0.0191176021381042 0.270467185832122 0.188745106194051 
0.0847491799929458 0.46947084886465 0.443327295831296 0.00245267531110828 
0.00245267531110828 0.443327295831296 0.46947084886465 0.0847491799929458 
0.188745106194051 0.270467185832122 0.0191176021381042 0.521670105835722 

0.639599382615235 4.84712294790287e-06 0.000193444458753579 0.360202325803063 
0.387614480295965 0.350424162629602 0.239512648499574 0.0224487085748586 
0.0224487085748586 0.239512648499574 0.350424162629602 0.387614480295965 
0.360202325803063 0.000193444458753579 4.84712294790287e-06 0.639599382615235 


