4 5

0.0536280730739236 0.446371926926076 0.446371926926076 0.0536280730739236 

0.964102942676978 0.000101918372397715 7.25366789210296e-05 0.0357226022717037 
0.000734535201136932 0.99724958862539 0.00177314375982973 0.000242732413643632 
0.000242732413643632 0.00177314375982973 0.99724958862539 0.000734535201136932 
0.0357226022717037 7.25366789210296e-05 0.000101918372397715 0.964102942676978 

0.967318088426805 0.0036855724621364 0.00551904583867203 0.0234772932723869 
0.000278404948486074 0.993563455513202 0.00513254597699486 0.00102559356131671 
0.00102559356131671 0.00513254597699486 0.993563455513202 0.000278404948486074 
0.0234772932723869 0.00551904583867203 0.0036855724621364 0.967318088426805 

0.982481441580301 0.00112485651257803 0.000811238027856168 0.0155824638792648 
0.00682834664267658 0.978137302306397 0.0127907944862194 0.00224355656470669 
0.00224355656470669 0.0127907944862194 0.978137302306397 0.00682834664267658 
0.0155824638792648 0.000811238027856168 0.00112485651257803 0.982481441580301 

0.976692260349017 0.00860824235451652 1.95294356526397e-05 0.0146799678608134 
0.00107014959134257 0.983864958339767 0.00743310226506966 0.00763178980382038 
0.00763178980382038 0.00743310226506966 0.983864958339767 0.00107014959134257 
0.0146799678608134 1.95294356526397e-05 0.00860824235451652 0.976692260349017 

0.980701773819251 0.00404164374549644 0.000140586849974964 0.0151159955852778 
6.53852312189379e-05 0.979974349020853 0.0178094309818636 0.00215083476606467 
0.00215083476606467 0.0178094309818636 0.979974349020853 6.53852312189379e-05 
0.0151159955852778 0.000140586849974964 0.00404164374549644 0.980701773819251 


