4 5

0.135695141972974 0.364304858027026 0.364304858027026 0.135695141972974 

0.448178061986138 0.113758763631271 0.0179644527353865 0.420098721647205 
0.156966841390901 0.680692319886741 0.128935393554395 0.0334054451679634 
0.0334054451679634 0.128935393554395 0.680692319886741 0.156966841390901 
0.420098721647205 0.0179644527353865 0.113758763631271 0.448178061986138 

0.299243885550389 0.00824919355481829 0.5079695207492 0.184537400145593 
0.0298740801589752 0.670719483437813 0.169856162069439 0.129550274333774 
0.129550274333774 0.169856162069439 0.670719483437813 0.0298740801589752 
0.184537400145593 0.5079695207492 0.00824919355481829 0.299243885550389 

0.480267206920105 0.210267756421628 0.136398697701991 0.173066338956276 
0.410771372225038 0.351390446829888 0.220925522119131 0.0169126588259433 
0.0169126588259433 0.220925522119131 0.351390446829888 0.410771372225038 
0.173066338956276 0.136398697701991 0.210267756421628 0.480267206920105 

0.862465290448751 0.00339902318723498 0.0689123237750759 0.0652233625889378 
0.0120688413123394 0.232499332769828 0.176705369650431 0.578726456267402 
0.578726456267402 0.176705369650431 0.232499332769828 0.0120688413123394 
0.0652233625889378 0.0689123237750759 0.00339902318723498 0.862465290448751 

0.693024926488177 0.0632507227505782 0.0423212488106932 0.201403101950552 
0.008155434588692 0.412688592730554 0.412432062379623 0.166723910301131 
0.166723910301131 0.412432062379623 0.412688592730554 0.008155434588692 
0.201403101950552 0.0423212488106932 0.0632507227505782 0.693024926488177 


