4 5

0.358104560640641 0.141895439359359 0.141895439359359 0.358104560640641 

0.981539025244986 3.82540258811659e-05 0.0026312395385926 0.0157914811905402 
0.0053971894735057 0.979031045947775 0.00607217174269531 0.0094995928360237 
0.0094995928360237 0.00607217174269531 0.979031045947775 0.0053971894735057 
0.0157914811905402 0.0026312395385926 3.82540258811659e-05 0.981539025244986 

0.997886546718815 0.00194853669475094 6.26995768736056e-06 0.000158646628746206 
0.000978932135185885 0.962830259066553 0.002774753412843 0.033416055385418 
0.033416055385418 0.002774753412843 0.962830259066553 0.000978932135185885 
0.000158646628746206 6.26995768736056e-06 0.00194853669475094 0.997886546718815 

0.981826049657484 7.6071321537417e-05 0.0177364883328133 0.00036139068816482 
0.00941900124489133 0.978647591305493 0.0115855687610968 0.000347838688518657 
0.000347838688518657 0.0115855687610968 0.978647591305493 0.00941900124489133 
0.00036139068816482 0.0177364883328133 7.6071321537417e-05 0.981826049657484 

0.972585709972897 0.00348848453176553 0.000535297661104722 0.0233905078342329 
0.00142187080718055 0.988176306705645 0.00480517475403569 0.00559664773313888 
0.00559664773313888 0.00480517475403569 0.988176306705645 0.00142187080718055 
0.0233905078342329 0.000535297661104722 0.00348848453176553 0.972585709972897 

0.978497855158901 0.00648757492805948 0.0135239451408829 0.00149062477215678 
0.0039630170145981 0.982028817429099 0.0133477446322338 0.000660420924068609 
0.000660420924068609 0.0133477446322338 0.982028817429099 0.0039630170145981 
0.00149062477215678 0.0135239451408829 0.00648757492805948 0.978497855158901 


