4 5

0.327642250340432 0.172357749659568 0.172357749659568 0.327642250340432 

0.987625524955605 1.36562523938188e-05 0.000858738958985232 0.0115020798330164 
2.89159551532586e-05 0.982755641174942 0.0125544503898281 0.0046609924800765 
0.0046609924800765 0.0125544503898281 0.982755641174942 2.89159551532586e-05 
0.0115020798330164 0.000858738958985232 1.36562523938188e-05 0.987625524955605 

0.971883702020095 0.00118360731840434 0.0245903163672577 0.00234237429424333 
0.00117433445743279 0.998526435509594 0.000222845859374377 7.63841735989761e-05 
7.63841735989761e-05 0.000222845859374377 0.998526435509594 0.00117433445743279 
0.00234237429424333 0.0245903163672577 0.00118360731840434 0.971883702020095 

0.989581994644945 0.00119631657097626 0.00383506132090254 0.00538662746317631 
0.00548560128805263 0.980735257331989 0.000313756269619991 0.0134653851103385 
0.0134653851103385 0.000313756269619991 0.980735257331989 0.00548560128805263 
0.00538662746317631 0.00383506132090254 0.00119631657097626 0.989581994644945 

0.992058445825069 9.06195799503053e-05 1.50032977760044e-06 0.00784943426520335 
0.00036962443544635 0.978473398522505 0.0211528261920088 4.15085004008332e-06 
4.15085004008332e-06 0.0211528261920088 0.978473398522505 0.00036962443544635 
0.00784943426520335 1.50032977760044e-06 9.06195799503053e-05 0.992058445825069 

0.99061376025303 0.000323217628772393 0.00122915810993364 0.00783386400826375 
0.0101924400793628 0.979722132983098 0.00961011780682824 0.000475309130711294 
0.000475309130711294 0.00961011780682824 0.979722132983098 0.0101924400793628 
0.00783386400826375 0.00122915810993364 0.000323217628772393 0.99061376025303 


