4 5

0.34362635598518 0.15637364401482 0.15637364401482 0.34362635598518 

0.645003302712773 0.0701345004177796 0.000674498842608499 0.284187698026839 
0.544518661775453 0.288909843527407 0.166270455008082 0.000301039689057703 
0.000301039689057703 0.166270455008082 0.288909843527407 0.544518661775453 
0.284187698026839 0.000674498842608499 0.0701345004177796 0.645003302712773 

0.495078337978916 0.00213222555981742 0.0110885393064022 0.491700897154864 
0.0520269938655628 0.799057617772892 0.147726169044553 0.00118921931699178 
0.00118921931699178 0.147726169044553 0.799057617772892 0.0520269938655628 
0.491700897154864 0.0110885393064022 0.00213222555981742 0.495078337978916 

0.506382569136114 0.000161062272564947 3.16609702768609e-05 0.493424707621045 
0.0148114967444094 0.555231847717472 0.342922477537727 0.0870341780003917 
0.0870341780003917 0.342922477537727 0.555231847717472 0.0148114967444094 
0.493424707621045 3.16609702768609e-05 0.000161062272564947 0.506382569136114 

0.250390681320493 0.198405053250031 0.323854615472681 0.227349649956795 
0.0980073145831277 0.637881950973246 0.150805708236266 0.11330502620736 
0.11330502620736 0.150805708236266 0.637881950973246 0.0980073145831277 
0.227349649956795 0.323854615472681 0.198405053250031 0.250390681320493 

0.855998932264309 0.134493388859635 0.00572796970328497 0.00377970917277121 
0.404784695622439 0.319461571321489 0.254769827123179 0.0209839059328932 
0.0209839059328932 0.254769827123179 0.319461571321489 0.404784695622439 
0.00377970917277121 0.00572796970328497 0.134493388859635 0.855998932264309 


