4 5

0.272226687520742 0.227773312479258 0.227773312479258 0.272226687520742 

0.980603598898057 1.25885639672193e-05 1.10821262513415e-06 0.019382704325351 
0.00379553051462881 0.98984960867163 0.00548004491858095 0.000874815895160547 
0.000874815895160547 0.00548004491858095 0.98984960867163 0.00379553051462881 
0.019382704325351 1.10821262513415e-06 1.25885639672193e-05 0.980603598898057 

0.980374941876215 0.0012873492250607 0.00694910603312014 0.0113886028656044 
0.00028908614003974 0.989986699648143 0.00971798085690695 6.23335491002348e-06 
6.23335491002348e-06 0.00971798085690695 0.989986699648143 0.00028908614003974 
0.0113886028656044 0.00694910603312014 0.0012873492250607 0.980374941876215 

0.978593458004025 0.0130693494164679 0.00799540343492839 0.000341789144578941 
0.000943831560771465 0.991713878782811 0.00703900705753074 0.000303282598887148 
0.000303282598887148 0.00703900705753074 0.991713878782811 0.000943831560771465 
0.000341789144578941 0.00799540343492839 0.0130693494164679 0.978593458004025 

0.978349372156757 0.00348413477246954 0.0173724172957796 0.000794075774994019 
0.00363185948922396 0.991944830515045 0.00436395893170322 5.93510640281006e-05 
5.93510640281006e-05 0.00436395893170322 0.991944830515045 0.00363185948922396 
0.000794075774994019 0.0173724172957796 0.00348413477246954 0.978349372156757 

0.983151355693525 0.00114699211057671 0.0025602659544249 0.0131413862414737 
9.78531367340138e-05 0.987233206368974 0.0113310096561557 0.00133793083813653 
0.00133793083813653 0.0113310096561557 0.987233206368974 9.78531367340138e-05 
0.0131413862414737 0.0025602659544249 0.00114699211057671 0.983151355693525 


