4 5

0.0512081222841516 0.448791877715848 0.448791877715848 0.0512081222841516 

0.982043390098457 0.000430276811275215 0.0134122606428694 0.00411407244739803 
0.0126829691513503 0.978485124913261 0.000466030599553302 0.00836587533583537 
0.00836587533583537 0.000466030599553302 0.978485124913261 0.0126829691513503 
0.00411407244739803 0.0134122606428694 0.000430276811275215 0.982043390098457 

0.988421870116252 0.000151869116366121 0.000631259270425943 0.0107950014969558 
0.000190315699711975 0.972433218253313 0.0253329879278203 0.00204347811915482 
0.00204347811915482 0.0253329879278203 0.972433218253313 0.000190315699711975 
0.0107950014969558 0.000631259270425943 0.000151869116366121 0.988421870116252 

0.983166819690786 0.00734389487855629 0.00121955418755278 0.00826973124310465 
0.0137253679882641 0.97738624225133 0.00163588110408452 0.00725250865632112 
0.00725250865632112 0.00163588110408452 0.97738624225133 0.0137253679882641 
0.00826973124310465 0.00121955418755278 0.00734389487855629 0.983166819690786 

0.977238091017494 0.000600892862338686 0.00308058022064137 0.0190804358995263 
0.000549522652684998 0.983484437043635 0.0158798500934458 8.61902102346375e-05 
8.61902102346375e-05 0.0158798500934458 0.983484437043635 0.000549522652684998 
0.0190804358995263 0.00308058022064137 0.000600892862338686 0.977238091017494 

0.965984994938849 0.0016112099012346 0.00543380574639689 0.026969989413519 
0.00223009519480878 0.995022648295978 0.00107577354080374 0.0016714829684099 
0.0016714829684099 0.00107577354080374 0.995022648295978 0.00223009519480878 
0.026969989413519 0.00543380574639689 0.0016112099012346 0.965984994938849 


