4 5

0.253890588530339 0.246109411469661 0.246109411469661 0.253890588530339 

0.981707695437387 0.000422534525761694 0.00781987563318808 0.0100498944036629 
0.00138426239435819 0.998516444957154 1.49550490907702e-06 9.77971435792639e-05 
9.77971435792639e-05 1.49550490907702e-06 0.998516444957154 0.00138426239435819 
0.0100498944036629 0.00781987563318808 0.000422534525761694 0.981707695437387 

0.984899046550001 0.0140486225256095 0.000721895590280078 0.000330435334109647 
0.000139646158454642 0.995232762280424 0.00118760299407439 0.0034399885670474 
0.0034399885670474 0.00118760299407439 0.995232762280424 0.000139646158454642 
0.000330435334109647 0.000721895590280078 0.0140486225256095 0.984899046550001 

0.988839966862782 0.000161435516642597 0.000184387748430222 0.0108142098721453 
4.11038193460188e-06 0.991334292852294 0.00511087095749341 0.00355072580827786 
0.00355072580827786 0.00511087095749341 0.991334292852294 4.11038193460188e-06 
0.0108142098721453 0.000184387748430222 0.000161435516642597 0.988839966862782 

0.997991426392748 0.000859894268973525 1.69620745321246e-05 0.00113171726374672 
0.0157127841611291 0.98218572116527 0.000416254807427352 0.00168523986617358 
0.00168523986617358 0.000416254807427352 0.98218572116527 0.0157127841611291 
0.00113171726374672 1.69620745321246e-05 0.000859894268973525 0.997991426392748 

0.992776152122789 0.000470904246437596 1.2505624406347e-05 0.00674043800636664 
0.00739868353562785 0.98737046458619 0.00510465043466291 0.000126201443519534 
0.000126201443519534 0.00510465043466291 0.98737046458619 0.00739868353562785 
0.00674043800636664 1.2505624406347e-05 0.000470904246437596 0.992776152122789 


