4 5

0.364360490581021 0.135639509418979 0.135639509418979 0.364360490581021 

0.992004900716259 0.000321325354695145 0.000134201115424671 0.00753957281362166 
0.00710839859546961 0.98813719423801 0.00388263823763707 0.000871768928882879 
0.000871768928882879 0.00388263823763707 0.98813719423801 0.00710839859546961 
0.00753957281362166 0.000134201115424671 0.000321325354695145 0.992004900716259 

0.993930705905142 0.00161943902621849 0.000341964195156898 0.00410789087348229 
0.00176905350292313 0.986243842059994 0.00969926876053467 0.00228783567654821 
0.00228783567654821 0.00969926876053467 0.986243842059994 0.00176905350292313 
0.00410789087348229 0.000341964195156898 0.00161943902621849 0.993930705905142 

0.984665537317693 0.000165736316807298 0.00143744702078694 0.0137312793447131 
0.00366133532014272 0.995561682449455 0.000280224345600322 0.000496757884802258 
0.000496757884802258 0.000280224345600322 0.995561682449455 0.00366133532014272 
0.0137312793447131 0.00143744702078694 0.000165736316807298 0.984665537317693 

0.995322164675554 0.00232531311637351 4.8395850698605e-05 0.00230412635737376 
0.00162828167880232 0.984821714517097 0.00433418716642625 0.00921581663767405 
0.00921581663767405 0.00433418716642625 0.984821714517097 0.00162828167880232 
0.00230412635737376 4.8395850698605e-05 0.00232531311637351 0.995322164675554 

0.985621934939877 0.00191966726862631 0.00925939145347804 0.00319900633801878 
0.000405101171249487 0.994528989505726 0.00277600541742345 0.00228990390560068 
0.00228990390560068 0.00277600541742345 0.994528989505726 0.000405101171249487 
0.00319900633801878 0.00925939145347804 0.00191966726862631 0.985621934939877 


