4 5

0.305270392913371 0.194729607086629 0.194729607086629 0.305270392913371 

0.616624044340451 0.0998796074868008 0.00703478146944292 0.276461566703305 
0.0625454623763895 0.477351075842936 0.459308261528217 0.000795200252457228 
0.000795200252457228 0.459308261528217 0.477351075842936 0.0625454623763895 
0.276461566703305 0.00703478146944292 0.0998796074868008 0.616624044340451 

0.500357146341737 0.00473183099601249 0.00852704006273241 0.486383982599518 
0.0606921093479427 0.461271707666031 0.440558737467729 0.037477445518298 
0.037477445518298 0.440558737467729 0.461271707666031 0.0606921093479427 
0.486383982599518 0.00852704006273241 0.00473183099601249 0.500357146341737 

0.644501113489592 0.021474137866848 0.000100167931462128 0.333924580712098 
2.16683471836697e-06 0.498956894639828 0.498054916985938 0.0029860215395155 
0.0029860215395155 0.498054916985938 0.498956894639828 2.16683471836697e-06 
0.333924580712098 0.000100167931462128 0.021474137866848 0.644501113489592 

0.876813879711146 0.0723265053377846 0.0137665336557365 0.037093081295333 
0.164728908551179 0.414928096795604 0.404032657470877 0.0163103371823408 
0.0163103371823408 0.404032657470877 0.414928096795604 0.164728908551179 
0.037093081295333 0.0137665336557365 0.0723265053377846 0.876813879711146 

0.362544505588757 0.0293338907210266 0.247784671853406 0.360336931836811 
0.00170231275040072 0.961272132382565 0.0280486604387496 0.00897689442828493 
0.00897689442828493 0.0280486604387496 0.961272132382565 0.00170231275040072 
0.360336931836811 0.247784671853406 0.0293338907210266 0.362544505588757 


