4 5

0.296636532526463 0.203363467473537 0.203363467473537 0.296636532526463 

0.625735575658659 0.3325960910839 0.000426570754730848 0.0412417625027104 
0.00851338677093986 0.521950622534946 0.469527339967909 8.6507262058895e-06 
8.6507262058895e-06 0.469527339967909 0.521950622534946 0.00851338677093986 
0.0412417625027104 0.000426570754730848 0.3325960910839 0.625735575658659 

0.535132861642711 0.0459444071111668 0.00653885407090059 0.412383877175221 
0.3519153347246 0.459081476514838 0.0718499771540277 0.117153211606534 
0.117153211606534 0.0718499771540277 0.459081476514838 0.3519153347246 
0.412383877175221 0.00653885407090059 0.0459444071111668 0.535132861642711 

0.522270969164836 0.000821551780604893 0.0223638785160564 0.454543600538503 
0.44791614574559 0.460983030900308 0.0875276268190217 0.00357319653507998 
0.00357319653507998 0.0875276268190217 0.460983030900308 0.44791614574559 
0.454543600538503 0.0223638785160564 0.000821551780604893 0.522270969164836 

0.418271992283833 0.160808236470698 0.0694413704393009 0.351478400806168 
0.00163482497554311 0.666795086902852 0.318904765484526 0.0126653226370793 
0.0126653226370793 0.318904765484526 0.666795086902852 0.00163482497554311 
0.351478400806168 0.0694413704393009 0.160808236470698 0.418271992283833 

0.503765963936433 0.00728787062877585 0.0143213113097543 0.474624854125036 
0.00125321688308518 0.820290353100755 0.166712989910543 0.0117434401056168 
0.0117434401056168 0.166712989910543 0.820290353100755 0.00125321688308518 
0.474624854125036 0.0143213113097543 0.00728787062877585 0.503765963936433 


