4 5

0.411021873354912 0.0889781266450882 0.0889781266450882 0.411021873354912 

0.52921849275607 0.0114926697538554 0.41080246693297 0.0484863705571048 
0.51428035005267 0.452416622795421 0.0147312310993482 0.018571796052561 
0.018571796052561 0.0147312310993482 0.452416622795421 0.51428035005267 
0.0484863705571048 0.41080246693297 0.0114926697538554 0.52921849275607 

0.497714517749223 0.0138630291268006 0.256893429757155 0.231529023366821 
0.00642350956195059 0.559431658297893 0.153679858086521 0.280464974053636 
0.280464974053636 0.153679858086521 0.559431658297893 0.00642350956195059 
0.231529023366821 0.256893429757155 0.0138630291268006 0.497714517749223 

0.488341884170812 0.0066016544388425 0.136052552741692 0.369003908648653 
0.167423272141764 0.506081825969536 0.0868022464336281 0.239692655455072 
0.239692655455072 0.0868022464336281 0.506081825969536 0.167423272141764 
0.369003908648653 0.136052552741692 0.0066016544388425 0.488341884170812 

0.512370773134 0.00262622487776036 0.0470237523254046 0.437979249662835 
0.330049091918303 0.474195994514084 0.0292463291521285 0.166508584415484 
0.166508584415484 0.0292463291521285 0.474195994514084 0.330049091918303 
0.437979249662835 0.0470237523254046 0.00262622487776036 0.512370773134 

0.234667310842797 0.546792027030289 0.161259932963559 0.0572807291633548 
0.0218376226252763 0.658952925774831 0.213994063937039 0.105215387662853 
0.105215387662853 0.213994063937039 0.658952925774831 0.0218376226252763 
0.0572807291633548 0.161259932963559 0.546792027030289 0.234667310842797 


