4 5

0.122358711319976 0.377641288680024 0.377641288680024 0.122358711319976 

0.525275020099744 0.00214863833133241 0.0630826000055072 0.409493741563416 
0.220867907432548 0.445831039936713 0.0623781100606529 0.270922942570086 
0.270922942570086 0.0623781100606529 0.445831039936713 0.220867907432548 
0.409493741563416 0.0630826000055072 0.00214863833133241 0.525275020099744 

0.480051665777105 0.00134769090452364 0.107577867092063 0.411022776226308 
0.000546798320312257 0.702277578789341 0.180305289476305 0.116870333414042 
0.116870333414042 0.180305289476305 0.702277578789341 0.000546798320312257 
0.411022776226308 0.107577867092063 0.00134769090452364 0.480051665777105 

0.57491881411945 0.00110938467229833 0.00554326301619395 0.418428538192058 
0.533645651732946 0.339724556807918 0.00179246370387651 0.124837327755259 
0.124837327755259 0.00179246370387651 0.339724556807918 0.533645651732946 
0.418428538192058 0.00554326301619395 0.00110938467229833 0.57491881411945 

0.542065338821807 0.0163865305428049 0.0201112889963348 0.421436841639053 
0.000826333817194702 0.576981277577752 0.418579065984328 0.00361332262072562 
0.00361332262072562 0.418579065984328 0.576981277577752 0.000826333817194702 
0.421436841639053 0.0201112889963348 0.0163865305428049 0.542065338821807 

0.658107135153004 0.00572075919146646 0.222055594607678 0.114116511047852 
0.0152618166830726 0.474759534826403 0.371150838859555 0.138827809630969 
0.138827809630969 0.371150838859555 0.474759534826403 0.0152618166830726 
0.114116511047852 0.222055594607678 0.00572075919146646 0.658107135153004 


