4 5

0.475178992608562 0.0248210073914379 0.0248210073914379 0.475178992608562 

0.433591345223688 0.00410414011410877 0.14218445150647 0.420120063155734 
0.00013667819080923 0.558630083174427 0.431580213195942 0.00965302543882238 
0.00965302543882238 0.431580213195942 0.558630083174427 0.00013667819080923 
0.420120063155734 0.14218445150647 0.00410414011410877 0.433591345223688 

0.87860881076209 0.0507252880758737 0.0254062263191166 0.0452596748429196 
0.561494081862708 0.0861042358263825 0.0726727889194621 0.279728893391448 
0.279728893391448 0.0726727889194621 0.0861042358263825 0.561494081862708 
0.0452596748429196 0.0254062263191166 0.0507252880758737 0.87860881076209 

0.437755171859408 0.25263936763425 0.0961682677030619 0.21343719280328 
0.126498181058473 0.464581954267039 0.38798117173724 0.0209386929372478 
0.0209386929372478 0.38798117173724 0.464581954267039 0.126498181058473 
0.21343719280328 0.0961682677030619 0.25263936763425 0.437755171859408 

0.619193289267084 0.00287319992361298 7.42330130842099e-05 0.377859277796219 
0.0352659881818341 0.483134303169896 0.481283223658544 0.000316484989726092 
0.000316484989726092 0.481283223658544 0.483134303169896 0.0352659881818341 
0.377859277796219 7.42330130842099e-05 0.00287319992361298 0.619193289267084 

0.302517599941324 0.161619641421378 0.234076289829416 0.301786468807882 
0.00335998565098521 0.874102753730026 0.119306845389346 0.00323041522964269 
0.00323041522964269 0.119306845389346 0.874102753730026 0.00335998565098521 
0.301786468807882 0.234076289829416 0.161619641421378 0.302517599941324 


