4 5

0.134745963849127 0.365254036150873 0.365254036150873 0.134745963849127 

0.983809335034537 0.000198835541201271 0.00630484709250211 0.00968698233175913 
0.000143616478835046 0.986542713969998 0.0114937687416745 0.00181990080949251 
0.00181990080949251 0.0114937687416745 0.986542713969998 0.000143616478835046 
0.00968698233175913 0.00630484709250211 0.000198835541201271 0.983809335034537 

0.982967147721263 0.0137326266665166 0.00270156823560341 0.00059865737661674 
0.00599030185264748 0.987364623284259 0.00585099440668524 0.000794080456408616 
0.000794080456408616 0.00585099440668524 0.987364623284259 0.00599030185264748 
0.00059865737661674 0.00270156823560341 0.0137326266665166 0.982967147721263 

0.978719179189732 1.71490416168561e-05 7.51011546971249e-05 0.021188570613954 
0.000379748145953956 0.99178464899323 0.00327041642071785 0.00456518644009787 
0.00456518644009787 0.00327041642071785 0.99178464899323 0.000379748145953956 
0.021188570613954 7.51011546971249e-05 1.71490416168561e-05 0.978719179189732 

0.988159607994492 0.0101903830793014 0.000771832054555157 0.000878176871651537 
0.000901697727557531 0.982112220700874 0.00649542613818688 0.0104906554333814 
0.0104906554333814 0.00649542613818688 0.982112220700874 0.000901697727557531 
0.000878176871651537 0.000771832054555157 0.0101903830793014 0.988159607994492 

0.976725301891005 0.00521153558252981 0.0124075513757353 0.00565561115072982 
0.000232663945829864 0.993635051774385 0.0027530064206352 0.00337927785915039 
0.00337927785915039 0.0027530064206352 0.993635051774385 0.000232663945829864 
0.00565561115072982 0.0124075513757353 0.00521153558252981 0.976725301891005 


