4 5

0.499172830139287 0.000827169860713184 0.000827169860713184 0.499172830139287 

0.989241368502699 0.000973946457581596 0.00397215585732695 0.00581252918239272 
0.00466545751219518 0.981123546012838 0.014184758238548 2.62382364185449e-05 
2.62382364185449e-05 0.014184758238548 0.981123546012838 0.00466545751219518 
0.00581252918239272 0.00397215585732695 0.000973946457581596 0.989241368502699 

0.987789237411597 0.000304907461936356 7.01735535296608e-05 0.0118356815729367 
0.00713990949683693 0.982548058812452 0.00808817162255315 0.00222386006815825 
0.00222386006815825 0.00808817162255315 0.982548058812452 0.00713990949683693 
0.0118356815729367 7.01735535296608e-05 0.000304907461936356 0.987789237411597 

0.982822202970607 0.00871795230559812 0.00101343455393056 0.00744641016986441 
0.00270068245175987 0.987490281192736 0.00756838801905674 0.00224064833644715 
0.00224064833644715 0.00756838801905674 0.987490281192736 0.00270068245175987 
0.00744641016986441 0.00101343455393056 0.00871795230559812 0.982822202970607 

0.993258076466962 0.000361982990627504 0.00263759283411913 0.00374234770829174 
0.0120354300236513 0.97709629600884 0.00991123633235336 0.000957037635155495 
0.000957037635155495 0.00991123633235336 0.97709629600884 0.0120354300236513 
0.00374234770829174 0.00263759283411913 0.000361982990627504 0.993258076466962 

0.996378737802884 0.000101160692717456 4.04354209140817e-06 0.00351605796230731 
5.84589743891438e-05 0.974296200371194 0.024874571297787 0.00077076935663025 
0.00077076935663025 0.024874571297787 0.974296200371194 5.84589743891438e-05 
0.00351605796230731 4.04354209140817e-06 0.000101160692717456 0.996378737802884 


