4 5

0.163578320061788 0.336421679938212 0.336421679938212 0.163578320061788 

0.859667802029143 0.010316921280949 0.0512872696775697 0.0787280070123385 
0.509069098416533 0.178773038514017 0.0593570325196327 0.252800830549818 
0.252800830549818 0.0593570325196327 0.178773038514017 0.509069098416533 
0.0787280070123385 0.0512872696775697 0.010316921280949 0.859667802029143 

0.367955459271331 0.0317487270678806 0.364590001241676 0.235705812419113 
0.0054864042675921 0.70067297905529 0.198206287763694 0.095634328913424 
0.095634328913424 0.198206287763694 0.70067297905529 0.0054864042675921 
0.235705812419113 0.364590001241676 0.0317487270678806 0.367955459271331 

0.231918118376307 0.502276873574059 0.225325633516535 0.0404793745330984 
0.0805389381036994 0.770340349428563 0.133409162942958 0.0157115495247797 
0.0157115495247797 0.133409162942958 0.770340349428563 0.0805389381036994 
0.0404793745330984 0.225325633516535 0.502276873574059 0.231918118376307 

0.476757300106615 0.230619117342605 0.0198837031844753 0.272739879366305 
0.130907337239557 0.571483056766424 0.294007517042534 0.00360208895148538 
0.00360208895148538 0.294007517042534 0.571483056766424 0.130907337239557 
0.272739879366305 0.0198837031844753 0.230619117342605 0.476757300106615 

0.580078913167481 0.345737969649267 0.0263821365798018 0.0478009806034497 
0.133706817993773 0.491871976426141 0.352112207321404 0.0223089982586818 
0.0223089982586818 0.352112207321404 0.491871976426141 0.133706817993773 
0.0478009806034497 0.0263821365798018 0.345737969649267 0.580078913167481 


