4 5

0.283899608883075 0.216100391116925 0.216100391116925 0.283899608883075 

0.732710458941159 0.201217610202388 0.0280730560438343 0.0379988748126191 
0.0504329573837744 0.494418008241927 0.446880967502806 0.00826806687149206 
0.00826806687149206 0.446880967502806 0.494418008241927 0.0504329573837744 
0.0379988748126191 0.0280730560438343 0.201217610202388 0.732710458941159 

0.44997634095981 0.0305105201538897 0.166842974681903 0.352670164204398 
0.00439734369259311 0.637748557736844 0.288494859965528 0.0693592386050356 
0.0693592386050356 0.288494859965528 0.637748557736844 0.00439734369259311 
0.352670164204398 0.166842974681903 0.0305105201538897 0.44997634095981 

0.61218021899856 0.188816072005605 0.174295463419087 0.0247082455767472 
0.00700897807851952 0.491576970974917 0.437928074273282 0.0634859766732823 
0.0634859766732823 0.437928074273282 0.491576970974917 0.00700897807851952 
0.0247082455767472 0.174295463419087 0.188816072005605 0.61218021899856 

0.58228785820684 0.0041278765331428 0.00299970098244622 0.410584564277571 
0.00229285552586448 0.545656125311771 0.436322242398475 0.0157287767638893 
0.0157287767638893 0.436322242398475 0.545656125311771 0.00229285552586448 
0.410584564277571 0.00299970098244622 0.0041278765331428 0.58228785820684 

0.527313017974463 0.00731451894160432 0.000862411534392003 0.46451005154954 
0.0409472634207462 0.616573187463583 0.294224131639305 0.0482554174763657 
0.0482554174763657 0.294224131639305 0.616573187463583 0.0409472634207462 
0.46451005154954 0.000862411534392003 0.00731451894160432 0.527313017974463 


