4 5

0.0209796676645055 0.479020332335494 0.479020332335494 0.0209796676645055 

0.550653952722846 0.0810641478846439 0.138817588078887 0.229464311313623 
0.1016777530725 0.431464207697811 0.313615295343994 0.153242743885695 
0.153242743885695 0.313615295343994 0.431464207697811 0.1016777530725 
0.229464311313623 0.138817588078887 0.0810641478846439 0.550653952722846 

0.418402178342042 0.155129151028624 0.0889801010225695 0.337488569606764 
0.070097018720504 0.516275847096575 0.124978722102027 0.288648412080894 
0.288648412080894 0.124978722102027 0.516275847096575 0.070097018720504 
0.337488569606764 0.0889801010225695 0.155129151028624 0.418402178342042 

0.17544364977277 0.487943621952129 0.330914355640485 0.00569837263461574 
0.019991019740689 0.86252531225939 0.0973077570193653 0.0201759109805559 
0.0201759109805559 0.0973077570193653 0.86252531225939 0.019991019740689 
0.00569837263461574 0.330914355640485 0.487943621952129 0.17544364977277 

0.682796807364037 0.0733249823147339 0.0024585799371323 0.241419630384097 
0.144965761241542 0.459099335963716 0.383688146956199 0.0122467558385424 
0.0122467558385424 0.383688146956199 0.459099335963716 0.144965761241542 
0.241419630384097 0.0024585799371323 0.0733249823147339 0.682796807364037 

0.39630817887893 0.0378266693689048 0.203172680830151 0.362692470922015 
0.00720821542796754 0.854404233747257 0.132920557916533 0.00546699290824329 
0.00546699290824329 0.132920557916533 0.854404233747257 0.00720821542796754 
0.362692470922015 0.203172680830151 0.0378266693689048 0.39630817887893 


