4 5

0.424967752769589 0.0750322472304106 0.0750322472304106 0.424967752769589 

0.495893282541133 0.0192378460464729 0.0570749333680901 0.427793938044304 
0.00678552265929062 0.638521569456743 0.29959477930964 0.055098128574326 
0.055098128574326 0.29959477930964 0.638521569456743 0.00678552265929062 
0.427793938044304 0.0570749333680901 0.0192378460464729 0.495893282541133 

0.410617279438888 0.00394218576420104 0.183792934781086 0.401647600015825 
0.105659884910443 0.848540457727247 0.0444380481567621 0.00136160920554818 
0.00136160920554818 0.0444380481567621 0.848540457727247 0.105659884910443 
0.401647600015825 0.183792934781086 0.00394218576420104 0.410617279438888 

0.553066606167624 0.0497112582736962 0.332796480261534 0.0644256552971457 
0.00230669367091532 0.498117644679691 0.11820851236243 0.381367149286963 
0.381367149286963 0.11820851236243 0.498117644679691 0.00230669367091532 
0.0644256552971457 0.332796480261534 0.0497112582736962 0.553066606167624 

0.248829195992955 0.485418122550163 0.0535586332098553 0.212194048247027 
0.0139047522777604 0.529391309336289 0.326025083209635 0.130678855176315 
0.130678855176315 0.326025083209635 0.529391309336289 0.0139047522777604 
0.212194048247027 0.0535586332098553 0.485418122550163 0.248829195992955 

0.505062541412646 0.0646998925524479 0.00679045124065794 0.423447114794249 
0.262537141112623 0.597043143684989 0.0827620557222298 0.0576576594801588 
0.0576576594801588 0.0827620557222298 0.597043143684989 0.262537141112623 
0.423447114794249 0.00679045124065794 0.0646998925524479 0.505062541412646 


