4 5

0.178119508898817 0.321880491101183 0.321880491101183 0.178119508898817 

0.183098875569013 0.689023437452898 0.100105976152227 0.0277717108258616 
0.148272290394811 0.719294041503365 0.130108504542667 0.00232516355915659 
0.00232516355915659 0.130108504542667 0.719294041503365 0.148272290394811 
0.0277717108258616 0.100105976152227 0.689023437452898 0.183098875569013 

0.249370568687729 0.150469254178988 0.416648797379336 0.183511379753947 
0.11267662725836 0.420871905509767 0.340343184336052 0.12610828289582 
0.12610828289582 0.340343184336052 0.420871905509767 0.11267662725836 
0.183511379753947 0.416648797379336 0.150469254178988 0.249370568687729 

0.417336232486047 0.217793150885501 0.0407152299669252 0.324155386661526 
0.297565415489048 0.563311389376035 0.0872405961710609 0.0518825989638563 
0.0518825989638563 0.0872405961710609 0.563311389376035 0.297565415489048 
0.324155386661526 0.0407152299669252 0.217793150885501 0.417336232486047 

0.774295771648089 0.000343639300963032 0.0469905745574988 0.178370014493449 
0.00764607464608449 0.451936221190202 0.444351963275704 0.096065740888009 
0.096065740888009 0.444351963275704 0.451936221190202 0.00764607464608449 
0.178370014493449 0.0469905745574988 0.000343639300963032 0.774295771648089 

0.131681931427213 0.385697267321041 0.353168344711456 0.12945245654029 
0.052307958172468 0.760743972766173 0.0808533902493305 0.106094678812029 
0.106094678812029 0.0808533902493305 0.760743972766173 0.052307958172468 
0.12945245654029 0.353168344711456 0.385697267321041 0.131681931427213 


