4 5

0.0673810724401847 0.432618927559815 0.432618927559815 0.0673810724401847 

0.992102586472045 0.00631466678384107 3.61558384327529e-05 0.00154659090568116 
0.000178837810874186 0.988039817836745 0.00846276863973328 0.00331857571264743 
0.00331857571264743 0.00846276863973328 0.988039817836745 0.000178837810874186 
0.00154659090568116 3.61558384327529e-05 0.00631466678384107 0.992102586472045 

0.993662377862902 0.00451637661221771 0.000139933049076338 0.00168131247580439 
0.00826726991692087 0.98649465965115 0.00314222467046488 0.00209584576146423 
0.00209584576146423 0.00314222467046488 0.98649465965115 0.00826726991692087 
0.00168131247580439 0.000139933049076338 0.00451637661221771 0.993662377862902 

0.988802977488504 5.69163459976413e-05 0.00221073291729118 0.00892937324820681 
0.000195935471148427 0.99137430768241 0.00839441485104164 3.53419954001805e-05 
3.53419954001805e-05 0.00839441485104164 0.99137430768241 0.000195935471148427 
0.00892937324820681 0.00221073291729118 5.69163459976413e-05 0.988802977488504 

0.994138080556074 0.00282260213652504 0.00201480984433347 0.0010245074630677 
0.000865122349354648 0.986066907458339 0.0129749882907932 9.29819015128606e-05 
9.29819015128606e-05 0.0129749882907932 0.986066907458339 0.000865122349354648 
0.0010245074630677 0.00201480984433347 0.00282260213652504 0.994138080556074 

0.983297523355031 0.00503055825880239 0.0102244929059938 0.0014474254801729 
0.00120006694275224 0.996864671902168 0.00113330256013378 0.000801958594945776 
0.000801958594945776 0.00113330256013378 0.996864671902168 0.00120006694275224 
0.0014474254801729 0.0102244929059938 0.00503055825880239 0.983297523355031 


