4 5

0.0333817034261301 0.46661829657387 0.46661829657387 0.0333817034261301 

0.988687951534984 0.00926630926626219 0.000927879936394053 0.00111785926235991 
0.0167800857148461 0.981707873725234 0.00150020827601505 1.18322839048769e-05 
1.18322839048769e-05 0.00150020827601505 0.981707873725234 0.0167800857148461 
0.00111785926235991 0.000927879936394053 0.00926630926626219 0.988687951534984 

0.975607810561891 0.00382970599584449 0.000221374576813974 0.0203411088654508 
1.29597806064557e-05 0.994926815967001 0.00164577947028088 0.00341444478211127 
0.00341444478211127 0.00164577947028088 0.994926815967001 1.29597806064557e-05 
0.0203411088654508 0.000221374576813974 0.00382970599584449 0.975607810561891 

0.97488326931157 0.0171384616138169 0.00294192924977814 0.00503633982483515 
0.0003641195488376 0.995476257730177 0.00412972409795104 2.98986230345233e-05 
2.98986230345233e-05 0.00412972409795104 0.995476257730177 0.0003641195488376 
0.00503633982483515 0.00294192924977814 0.0171384616138169 0.97488326931157 

0.989432413265796 0.00199090923514268 0.00835703108914597 0.000219646409915231 
0.00519383702324036 0.980906447723287 0.00563259476251976 0.00826712049095305 
0.00826712049095305 0.00563259476251976 0.980906447723287 0.00519383702324036 
0.000219646409915231 0.00835703108914597 0.00199090923514268 0.989432413265796 

0.985993941119227 0.00639582273387847 6.45231991974046e-05 0.00754571294769751 
0.00276511132350579 0.984361203893067 0.0128379581949714 3.57265884554951e-05 
3.57265884554951e-05 0.0128379581949714 0.984361203893067 0.00276511132350579 
0.00754571294769751 6.45231991974046e-05 0.00639582273387847 0.985993941119227 


