4 5

0.0848427708260715 0.415157229173928 0.415157229173928 0.0848427708260715 

0.504202486394736 0.00106361050827931 0.0061190590537341 0.488614844043251 
0.348653065004097 0.379581998862286 0.0930852454442394 0.178679690689377 
0.178679690689377 0.0930852454442394 0.379581998862286 0.348653065004097 
0.488614844043251 0.0061190590537341 0.00106361050827931 0.504202486394736 

0.755410987536392 0.218215586555506 0.00415756274964524 0.0222158631584571 
0.00200954192451489 0.501454706710047 0.496515129849405 2.06215160327369e-05 
2.06215160327369e-05 0.496515129849405 0.501454706710047 0.00200954192451489 
0.0222158631584571 0.00415756274964524 0.218215586555506 0.755410987536392 

0.507823539340061 2.65521217092113e-05 0.00173603416486956 0.49041387437336 
0.0547100336634403 0.442443494487294 0.192464821618319 0.310381650230947 
0.310381650230947 0.192464821618319 0.442443494487294 0.0547100336634403 
0.49041387437336 0.00173603416486956 2.65521217092113e-05 0.507823539340061 

0.473780714430854 0.0679065973220601 0.0352503740908127 0.423062314156273 
0.29619970936299 0.429894057491147 0.195895295287711 0.0780109378581516 
0.0780109378581516 0.195895295287711 0.429894057491147 0.29619970936299 
0.423062314156273 0.0352503740908127 0.0679065973220601 0.473780714430854 

0.499571895253821 0.0715205703452106 0.00575655800174379 0.423150976399225 
0.312427349141035 0.491585362399612 0.181078066568616 0.0149092218907378 
0.0149092218907378 0.181078066568616 0.491585362399612 0.312427349141035 
0.423150976399225 0.00575655800174379 0.0715205703452106 0.499571895253821 


