4 5

0.0593751161359251 0.440624883864075 0.440624883864075 0.0593751161359251 

0.480135709297049 0.00296790289880292 0.390976452754371 0.125919935049777 
0.00452812145405757 0.506159551901263 0.40307723222751 0.0862350944171693 
0.0862350944171693 0.40307723222751 0.506159551901263 0.00452812145405757 
0.125919935049777 0.390976452754371 0.00296790289880292 0.480135709297049 

0.801717878553987 0.0839778260489274 0.0067629865520667 0.107541308845019 
0.0048313455910855 0.483342339060559 0.482035998915996 0.0297903164323595 
0.0297903164323595 0.482035998915996 0.483342339060559 0.0048313455910855 
0.107541308845019 0.0067629865520667 0.0839778260489274 0.801717878553987 

0.417073754928374 1.75198726846543e-05 0.167480587253516 0.415428137945425 
0.0121585710452576 0.794429265794093 0.193391206658154 2.09565024949718e-05 
2.09565024949718e-05 0.193391206658154 0.794429265794093 0.0121585710452576 
0.415428137945425 0.167480587253516 1.75198726846543e-05 0.417073754928374 

0.525124336987368 0.0368543222466456 0.111181829474011 0.326839511291976 
0.269761385433576 0.221829546712565 0.0886284893391572 0.419780578514703 
0.419780578514703 0.0886284893391572 0.221829546712565 0.269761385433576 
0.326839511291976 0.111181829474011 0.0368543222466456 0.525124336987368 

0.46818431324844 0.018327517801942 0.055529603013395 0.457958565936223 
0.0868122771137358 0.692853117205757 0.0573559427476403 0.162978662932867 
0.162978662932867 0.0573559427476403 0.692853117205757 0.0868122771137358 
0.457958565936223 0.055529603013395 0.018327517801942 0.46818431324844 


