4 5

0.101132959360257 0.398867040639743 0.398867040639743 0.101132959360257 

0.989776930342902 0.000319344963074505 0.00963806120313482 0.000265663490888524 
0.0053366590327937 0.970944015490318 0.000185873088156485 0.023533452388732 
0.023533452388732 0.000185873088156485 0.970944015490318 0.0053366590327937 
0.000265663490888524 0.00963806120313482 0.000319344963074505 0.989776930342902 

0.977484674499029 0.0176756258908167 0.00054380317751033 0.00429589643264389 
0.000485640164144803 0.983001394381019 0.0109860073407955 0.00552695811404032 
0.00552695811404032 0.0109860073407955 0.983001394381019 0.000485640164144803 
0.00429589643264389 0.00054380317751033 0.0176756258908167 0.977484674499029 

0.975262764538528 0.0188539725115549 0.000725905475829253 0.00515735747408752 
0.000210306688863559 0.985196857558275 0.00533882909849309 0.00925400665436816 
0.00925400665436816 0.00533882909849309 0.985196857558275 0.000210306688863559 
0.00515735747408752 0.000725905475829253 0.0188539725115549 0.975262764538528 

0.987828097203041 0.000165812683452991 0.0106157800671339 0.00139031004637197 
0.0190567895805142 0.972670857932372 0.00664468758350739 0.0016276649036062 
0.0016276649036062 0.00664468758350739 0.972670857932372 0.0190567895805142 
0.00139031004637197 0.0106157800671339 0.000165812683452991 0.987828097203041 

0.968200825469366 0.00247796051616419 0.014449827230532 0.0148713867839377 
0.000279292747750457 0.992514918705161 0.00435130190901412 0.00285448663807436 
0.00285448663807436 0.00435130190901412 0.992514918705161 0.000279292747750457 
0.0148713867839377 0.014449827230532 0.00247796051616419 0.968200825469366 


