4 5

0.108876139158383 0.391123860841617 0.391123860841617 0.108876139158383 

0.980116718794813 0.00109768788086527 0.0120703335410061 0.00671525978331544 
0.00284066926932794 0.980446357222468 0.0162464516254335 0.000466521882770717 
0.000466521882770717 0.0162464516254335 0.980446357222468 0.00284066926932794 
0.00671525978331544 0.0120703335410061 0.00109768788086527 0.980116718794813 

0.972608028555698 7.63898310618544e-05 0.0148221010253641 0.012493480587876 
0.000386295029507437 0.987999447929264 0.0112790696812059 0.000335187360022744 
0.000335187360022744 0.0112790696812059 0.987999447929264 0.000386295029507437 
0.012493480587876 0.0148221010253641 7.63898310618544e-05 0.972608028555698 

0.985704473934454 0.00595256230790146 0.00214560943751226 0.00619735432013274 
0.00201319628418621 0.974970492696052 0.0202322681922266 0.00278404282753559 
0.00278404282753559 0.0202322681922266 0.974970492696052 0.00201319628418621 
0.00619735432013274 0.00214560943751226 0.00595256230790146 0.985704473934454 

0.994765257980547 0.00315942529604882 0.000219970019129681 0.00185534670427429 
0.00663816433146768 0.966052355131804 0.0187986789279498 0.00851080160877816 
0.00851080160877816 0.0187986789279498 0.966052355131804 0.00663816433146768 
0.00185534670427429 0.000219970019129681 0.00315942529604882 0.994765257980547 

0.971318045943223 0.00264446275833058 2.40587648245331e-05 0.0260134325336223 
0.00341983866478893 0.989549071985884 0.00694000491784719 9.10844314796209e-05 
9.10844314796209e-05 0.00694000491784719 0.989549071985884 0.00341983866478893 
0.0260134325336223 2.40587648245331e-05 0.00264446275833058 0.971318045943223 


