4 5

0.106474355910905 0.393525644089095 0.393525644089095 0.106474355910905 

0.536218136075378 0.0184549401168233 0.00330626797253669 0.442020655835262 
0.034033171605884 0.583271538172716 0.371179374922148 0.0115159152992514 
0.0115159152992514 0.371179374922148 0.583271538172716 0.034033171605884 
0.442020655835262 0.00330626797253669 0.0184549401168233 0.536218136075378 

0.510688396438955 0.240240921289476 0.0325469218790984 0.216523760392471 
0.11156607769612 0.294512978635224 0.127213735064159 0.466707208604497 
0.466707208604497 0.127213735064159 0.294512978635224 0.11156607769612 
0.216523760392471 0.0325469218790984 0.240240921289476 0.510688396438955 

0.655778381859521 0.00731102979614637 0.00733824662924068 0.329572341715092 
0.0576758097828759 0.493242004952824 0.431554860262876 0.0175273250014247 
0.0175273250014247 0.431554860262876 0.493242004952824 0.0576758097828759 
0.329572341715092 0.00733824662924068 0.00731102979614637 0.655778381859521 

0.286164060609681 0.235812303316411 0.316048996433235 0.161974639640673 
0.00327009667306007 0.667764876014619 0.307104284924958 0.0218607423873623 
0.0218607423873623 0.307104284924958 0.667764876014619 0.00327009667306007 
0.161974639640673 0.316048996433235 0.235812303316411 0.286164060609681 

0.805923851244957 0.0589510124637134 0.00118225322025344 0.133942883071076 
0.0167456673438724 0.216288947526114 0.184983539790254 0.58198184533976 
0.58198184533976 0.184983539790254 0.216288947526114 0.0167456673438724 
0.133942883071076 0.00118225322025344 0.0589510124637134 0.805923851244957 


