4 5

0.297177610686049 0.202822389313951 0.202822389313951 0.297177610686049 

0.543500494373772 0.0912975906113055 0.0276602561682502 0.337541658846672 
0.0340399357605657 0.537526488635759 0.423014851746601 0.00541872385707377 
0.00541872385707377 0.423014851746601 0.537526488635759 0.0340399357605657 
0.337541658846672 0.0276602561682502 0.0912975906113055 0.543500494373772 

0.700844297259481 0.0475443635138116 0.0331010383568566 0.21851030086985 
0.0319437574216748 0.414811298065992 0.365188927108195 0.188056017404137 
0.188056017404137 0.365188927108195 0.414811298065992 0.0319437574216748 
0.21851030086985 0.0331010383568566 0.0475443635138116 0.700844297259481 

0.478187801139461 0.0238215772871381 0.0621613538572392 0.435829267716162 
0.0622075602959584 0.711169087265403 0.165853187741028 0.0607701646976104 
0.0607701646976104 0.165853187741028 0.711169087265403 0.0622075602959584 
0.435829267716162 0.0621613538572392 0.0238215772871381 0.478187801139461 

0.410715871381319 0.272176820653572 0.0165656536173396 0.300541654347769 
0.136153747649224 0.683209640262072 0.143850978746316 0.0367856333423876 
0.0367856333423876 0.143850978746316 0.683209640262072 0.136153747649224 
0.300541654347769 0.0165656536173396 0.272176820653572 0.410715871381319 

0.775583944638168 0.143990859098656 0.0252351722791831 0.0551900239839929 
0.171499009752563 0.216860506520493 0.109973225706631 0.501667258020313 
0.501667258020313 0.109973225706631 0.216860506520493 0.171499009752563 
0.0551900239839929 0.0252351722791831 0.143990859098656 0.775583944638168 


