4 5

0.0496744238771498 0.45032557612285 0.45032557612285 0.0496744238771498 

0.98907642128436 0.00573699848271098 0.000138674314369924 0.00504790591855875 
0.000195325279132459 0.991061131130094 0.00671398925285049 0.00202955433792307 
0.00202955433792307 0.00671398925285049 0.991061131130094 0.000195325279132459 
0.00504790591855875 0.000138674314369924 0.00573699848271098 0.98907642128436 

0.998825763404292 0.000532185159190716 0.000183378191406144 0.000458673245111119 
0.0107783273701718 0.981377040113723 0.0062510626311359 0.00159356988496894 
0.00159356988496894 0.0062510626311359 0.981377040113723 0.0107783273701718 
0.000458673245111119 0.000183378191406144 0.000532185159190716 0.998825763404292 

0.986469394793028 0.0014542859929813 0.00524527192201013 0.00683104729198075 
0.000618931779062794 0.993695281447463 0.000571915967082004 0.00511387080639259 
0.00511387080639259 0.000571915967082004 0.993695281447463 0.000618931779062794 
0.00683104729198075 0.00524527192201013 0.0014542859929813 0.986469394793028 

0.985317640371225 0.000393392396498376 0.00723688362453235 0.00705208360774467 
0.000268686226690516 0.994852374978552 0.00220948896483464 0.00266944982992334 
0.00266944982992334 0.00220948896483464 0.994852374978552 0.000268686226690516 
0.00705208360774467 0.00723688362453235 0.000393392396498376 0.985317640371225 

0.996642210632313 0.000341522341052284 0.00137923215200158 0.00163703487463346 
0.0117786487456392 0.983517397909886 0.00465264512156371 5.13082229109466e-05 
5.13082229109466e-05 0.00465264512156371 0.983517397909886 0.0117786487456392 
0.00163703487463346 0.00137923215200158 0.000341522341052284 0.996642210632313 


