4 5

0.21735631278716 0.28264368721284 0.28264368721284 0.21735631278716 

0.99126325695598 0.00023772494026022 0.0081895020115009 0.000309516092258599 
0.000241725023029903 0.988898115636745 0.00530253494430732 0.00555762439591754 
0.00555762439591754 0.00530253494430732 0.988898115636745 0.000241725023029903 
0.000309516092258599 0.0081895020115009 0.00023772494026022 0.99126325695598 

0.985386580012077 0.00868401681988416 0.00337472913626948 0.00255467403176912 
0.00111389581524415 0.994756646109793 0.00376982030105799 0.000359637773904775 
0.000359637773904775 0.00376982030105799 0.994756646109793 0.00111389581524415 
0.00255467403176912 0.00337472913626948 0.00868401681988416 0.985386580012077 

0.9980802693931 0.00168065036021091 8.079878391533e-05 0.000158281462773913 
8.76126935361837e-05 0.982182995097772 0.0139173867340857 0.00381200547460592 
0.00381200547460592 0.0139173867340857 0.982182995097772 8.76126935361837e-05 
0.000158281462773913 8.079878391533e-05 0.00168065036021091 0.9980802693931 

0.993239678773978 0.0063279050291054 8.41535303558539e-05 0.000348262666561017 
8.26039238860329e-05 0.986913295430336 0.00914648708639176 0.00385761355938597 
0.00385761355938597 0.00914648708639176 0.986913295430336 8.26039238860329e-05 
0.000348262666561017 8.41535303558539e-05 0.0063279050291054 0.993239678773978 

0.996079453000801 0.00172123318022175 3.105182942e-05 0.00216826198955689 
2.08172039992227e-05 0.984127776916002 0.0116252944325794 0.00422611144741973 
0.00422611144741973 0.0116252944325794 0.984127776916002 2.08172039992227e-05 
0.00216826198955689 3.105182942e-05 0.00172123318022175 0.996079453000801 


