4 5

0.434185807476752 0.0658141925232485 0.0658141925232485 0.434185807476752 

0.979441576385349 0.000267958026312836 0.00350049018058831 0.0167899754077501 
0.00057924763061145 0.990984708534399 0.00322867750752331 0.00520736632746589 
0.00520736632746589 0.00322867750752331 0.990984708534399 0.00057924763061145 
0.0167899754077501 0.00350049018058831 0.000267958026312836 0.979441576385349 

0.973070073681285 0.000518932406248844 0.00680908196190305 0.0196019119505633 
0.000169761580398954 0.997508195843641 0.00228117036207914 4.08722138809258e-05 
4.08722138809258e-05 0.00228117036207914 0.997508195843641 0.000169761580398954 
0.0196019119505633 0.00680908196190305 0.000518932406248844 0.973070073681285 

0.982981013952752 0.000673483391246334 0.012531738810306 0.00381376384569615 
0.00520164912453696 0.987289000833281 0.00701035451549087 0.000498995526691586 
0.000498995526691586 0.00701035451549087 0.987289000833281 0.00520164912453696 
0.00381376384569615 0.012531738810306 0.000673483391246334 0.982981013952752 

0.978174883598831 0.000691545852556322 0.00832769490646695 0.0128058756421459 
0.00049785169919251 0.99221508927509 0.00513267987622651 0.00215437914949131 
0.00215437914949131 0.00513267987622651 0.99221508927509 0.00049785169919251 
0.0128058756421459 0.00832769490646695 0.000691545852556322 0.978174883598831 

0.976715723145045 0.00274100701031795 0.0186502713578524 0.00189299848678465 
0.00336525530606362 0.993609976478195 0.00217506029990616 0.000849707915834893 
0.000849707915834893 0.00217506029990616 0.993609976478195 0.00336525530606362 
0.00189299848678465 0.0186502713578524 0.00274100701031795 0.976715723145045 


