4 5

0.283926732372493 0.216073267627507 0.216073267627507 0.283926732372493 

0.56794187729886 0.0425926308780012 0.19872038448174 0.1907451073414 
0.0166124511211252 0.519284696493943 0.457310411482486 0.00679244090244569 
0.00679244090244569 0.457310411482486 0.519284696493943 0.0166124511211252 
0.1907451073414 0.19872038448174 0.0425926308780012 0.56794187729886 

0.638965288865304 0.0745450135504277 0.0873029511713763 0.199186746412892 
0.113560242827049 0.292759458492264 0.106490816443499 0.487189482237188 
0.487189482237188 0.106490816443499 0.292759458492264 0.113560242827049 
0.199186746412892 0.0873029511713763 0.0745450135504277 0.638965288865304 

0.705192876990017 0.000984312525464442 0.00336801431723304 0.290454796167286 
0.0119400423975229 0.243932760809228 0.116301366457987 0.627825830335262 
0.627825830335262 0.116301366457987 0.243932760809228 0.0119400423975229 
0.290454796167286 0.00336801431723304 0.000984312525464442 0.705192876990017 

0.487742506998168 0.0273686823959396 0.0629955798422386 0.421893230763654 
0.0177182913330313 0.642133270442001 0.337568865399699 0.00257957282526915 
0.00257957282526915 0.337568865399699 0.642133270442001 0.0177182913330313 
0.421893230763654 0.0629955798422386 0.0273686823959396 0.487742506998168 

0.287187238921571 0.0176380005845687 0.692130611840753 0.00304414865310729 
0.239639448044392 0.749534452112027 0.00959534298001385 0.0012307568635679 
0.0012307568635679 0.00959534298001385 0.749534452112027 0.239639448044392 
0.00304414865310729 0.692130611840753 0.0176380005845687 0.287187238921571 


