4 5

0.179361678543501 0.320638321456499 0.320638321456499 0.179361678543501 

0.504074619150568 0.0117812145815168 0.00334272715407491 0.48080143911384 
0.0347476771124123 0.452471279722447 0.447315673725458 0.0654653694396828 
0.0654653694396828 0.447315673725458 0.452471279722447 0.0347476771124123 
0.48080143911384 0.00334272715407491 0.0117812145815168 0.504074619150568 

0.950271925236351 0.00148500839778692 0.000516236258090332 0.0477268301077713 
0.00663914777728588 0.496732019625126 0.496350162340114 0.00027867025747411 
0.00027867025747411 0.496350162340114 0.496732019625126 0.00663914777728588 
0.0477268301077713 0.000516236258090332 0.00148500839778692 0.950271925236351 

0.508224709005314 5.17654132301537e-05 0.0122973875166053 0.479426138064851 
0.455090303824895 0.10467673574913 0.0604929668322673 0.379739993593708 
0.379739993593708 0.0604929668322673 0.10467673574913 0.455090303824895 
0.479426138064851 0.0122973875166053 5.17654132301537e-05 0.508224709005314 

0.272060775076231 0.27811943451925 0.303821257459955 0.145998532944564 
0.000908016249296546 0.473388223555843 0.450446347253472 0.0752574129413887 
0.0752574129413887 0.450446347253472 0.473388223555843 0.000908016249296546 
0.145998532944564 0.303821257459955 0.27811943451925 0.272060775076231 

0.461374998112257 0.0692144924237805 0.00899291402301409 0.460417595440949 
0.0104910840090213 0.95086718103031 0.0365596589640209 0.00208207599664732 
0.00208207599664732 0.0365596589640209 0.95086718103031 0.0104910840090213 
0.460417595440949 0.00899291402301409 0.0692144924237805 0.461374998112257 


