4 5

0.217933663283475 0.282066336716525 0.282066336716525 0.217933663283475 

0.975548244843865 0.010579631017488 0.00349382770541944 0.0103782964332279 
0.0025304123456599 0.994857707299289 0.00165010240997587 0.000961777945075101 
0.000961777945075101 0.00165010240997587 0.994857707299289 0.0025304123456599 
0.0103782964332279 0.00349382770541944 0.010579631017488 0.975548244843865 

0.994195469952292 0.00519953105063707 6.58986330908289e-05 0.000539100363980305 
0.000351124865340079 0.976126051120476 0.00483267456089465 0.0186901494532895 
0.0186901494532895 0.00483267456089465 0.976126051120476 0.000351124865340079 
0.000539100363980305 6.58986330908289e-05 0.00519953105063707 0.994195469952292 

0.988565729762966 4.04446975409631e-05 0.00878150861321667 0.00261231692627611 
0.015199489981673 0.981700846650083 6.74037007279971e-05 0.00303225966751605 
0.00303225966751605 6.74037007279971e-05 0.981700846650083 0.015199489981673 
0.00261231692627611 0.00878150861321667 4.04446975409631e-05 0.988565729762966 

0.993381413259342 0.00257318367423466 0.00380884894117482 0.00023655412524809 
0.00303621809495355 0.976993800647844 0.000539631788171069 0.0194303494690311 
0.0194303494690311 0.000539631788171069 0.976993800647844 0.00303621809495355 
0.00023655412524809 0.00380884894117482 0.00257318367423466 0.993381413259342 

0.989379245293398 0.000258742467901168 0.0102951668249544 6.68454137466301e-05 
0.00064353487602252 0.981053107506913 5.39515690042291e-05 0.0182494060480599 
0.0182494060480599 5.39515690042291e-05 0.981053107506913 0.00064353487602252 
6.68454137466301e-05 0.0102951668249544 0.000258742467901168 0.989379245293398 


