4 5

0.16313679178711 0.33686320821289 0.33686320821289 0.16313679178711 

0.725837608570691 0.132880004038034 0.0202862072646527 0.120996180126622 
0.308066993695464 0.247967399362998 0.0978935269937138 0.346072079947824 
0.346072079947824 0.0978935269937138 0.247967399362998 0.308066993695464 
0.120996180126622 0.0202862072646527 0.132880004038034 0.725837608570691 

0.347004221337463 0.468764955692778 0.00277958316981325 0.181451239799945 
0.159330659665317 0.70608968192059 0.0723257515436035 0.0622539068704897 
0.0622539068704897 0.0723257515436035 0.70608968192059 0.159330659665317 
0.181451239799945 0.00277958316981325 0.468764955692778 0.347004221337463 

0.406390673292574 0.0818179272821532 0.295302405236294 0.216488994188979 
0.17910840745453 0.451361576507162 0.280226682783993 0.0893033332543145 
0.0893033332543145 0.280226682783993 0.451361576507162 0.17910840745453 
0.216488994188979 0.295302405236294 0.0818179272821532 0.406390673292574 

0.702902100485736 0.000400299139397663 0.0457108139337957 0.25098678644107 
0.00142717883004947 0.47198974967156 0.412324808534127 0.114258262964263 
0.114258262964263 0.412324808534127 0.47198974967156 0.00142717883004947 
0.25098678644107 0.0457108139337957 0.000400299139397663 0.702902100485736 

0.412666608903222 0.0220029892274376 0.34267891120363 0.22265149066571 
0.094942749257324 0.468478452983747 0.42317749075914 0.0134013069997884 
0.0134013069997884 0.42317749075914 0.468478452983747 0.094942749257324 
0.22265149066571 0.34267891120363 0.0220029892274376 0.412666608903222 


