4 5

0.225643777172081 0.274356222827919 0.274356222827919 0.225643777172081 

0.518252596094393 0.0100550526328532 0.00182898042163371 0.46986337085112 
0.191877907928925 0.406966133984888 0.316734574623038 0.0844213834631491 
0.0844213834631491 0.316734574623038 0.406966133984888 0.191877907928925 
0.46986337085112 0.00182898042163371 0.0100550526328532 0.518252596094393 

0.88479245428197 0.0192793584766592 0.033964800896916 0.0619633863444551 
0.746277921693361 0.125634439508676 0.123492670935384 0.00459496786257907 
0.00459496786257907 0.123492670935384 0.125634439508676 0.746277921693361 
0.0619633863444551 0.033964800896916 0.0192793584766592 0.88479245428197 

0.441937224383841 0.408295203985615 0.00164401305350123 0.148123558577043 
0.0642940271651195 0.520267334425274 0.415352323512354 8.6314897252332e-05 
8.6314897252332e-05 0.415352323512354 0.520267334425274 0.0642940271651195 
0.148123558577043 0.00164401305350123 0.408295203985615 0.441937224383841 

0.401403382100926 0.44385912291064 0.0400053948580847 0.11473210013035 
0.0763310236989623 0.515800034727494 0.399718217651947 0.00815072392159639 
0.00815072392159639 0.399718217651947 0.515800034727494 0.0763310236989623 
0.11473210013035 0.0400053948580847 0.44385912291064 0.401403382100926 

0.457925686676506 0.00299284903683689 0.081588990293982 0.457492473992676 
0.0346626494646616 0.954450898201939 0.00696907688552423 0.00391737544787515 
0.00391737544787515 0.00696907688552423 0.954450898201939 0.0346626494646616 
0.457492473992676 0.081588990293982 0.00299284903683689 0.457925686676506 


