4 5

0.258342767134309 0.241657232865691 0.241657232865691 0.258342767134309 

0.99351647885903 0.00208936320655488 2.11885057232635e-05 0.00437296942869198 
0.000189415084310788 0.98665479678252 0.00989174073836246 0.00326404739480681 
0.00326404739480681 0.00989174073836246 0.98665479678252 0.000189415084310788 
0.00437296942869198 2.11885057232635e-05 0.00208936320655488 0.99351647885903 

0.989222394255953 0.0100592102495829 2.49347571175881e-05 0.000693460737346274 
0.00358797476602074 0.990929176500617 0.0053582096444435 0.000124639088919296 
0.000124639088919296 0.0053582096444435 0.990929176500617 0.00358797476602074 
0.000693460737346274 2.49347571175881e-05 0.0100592102495829 0.989222394255953 

0.992820726929493 0.00142101037203636 0.000777013656243814 0.00498124904222708 
0.00457387001012403 0.987335693849563 0.00766689236900064 0.000423543771312333 
0.000423543771312333 0.00766689236900064 0.987335693849563 0.00457387001012403 
0.00498124904222708 0.000777013656243814 0.00142101037203636 0.992820726929493 

0.991714121801144 0.00125379505992357 0.00407511259464338 0.00295697054428856 
0.00162896758055716 0.988427380955314 0.00465140885456627 0.00529224260956288 
0.00529224260956288 0.00465140885456627 0.988427380955314 0.00162896758055716 
0.00295697054428856 0.00407511259464338 0.00125379505992357 0.991714121801144 

0.991407687995863 6.5940680685246e-05 0.00331755917158713 0.00520881215186425 
0.00325727269743048 0.988739680167793 0.00794651893286275 5.65282019142647e-05 
5.65282019142647e-05 0.00794651893286275 0.988739680167793 0.00325727269743048 
0.00520881215186425 0.00331755917158713 6.5940680685246e-05 0.991407687995863 


