4 5

0.320370829897001 0.179629170102999 0.179629170102999 0.320370829897001 

0.981282081267455 0.00711473473483318 0.00162490253337819 0.0099782814643341 
0.00284323616604689 0.979225705136558 0.0062885616928996 0.011642497004495 
0.011642497004495 0.0062885616928996 0.979225705136558 0.00284323616604689 
0.0099782814643341 0.00162490253337819 0.00711473473483318 0.981282081267455 

0.982409208487003 0.00809261548474721 0.00322595961914291 0.00627221640910658 
0.00198213510841598 0.978089876109266 0.00509672833458824 0.0148312604477295 
0.0148312604477295 0.00509672833458824 0.978089876109266 0.00198213510841598 
0.00627221640910658 0.00322595961914291 0.00809261548474721 0.982409208487003 

0.981158697510673 0.00103169932559651 0.00847215631646629 0.00933744684726462 
0.00900743424859139 0.979356251828371 0.00770376441603443 0.00393254950700319 
0.00393254950700319 0.00770376441603443 0.979356251828371 0.00900743424859139 
0.00933744684726462 0.00847215631646629 0.00103169932559651 0.981158697510673 

0.981553366478006 0.00253587057224661 0.0128622643845353 0.00304849856521239 
0.0147910562153092 0.978955180671339 0.00117438682401833 0.00507937628933305 
0.00507937628933305 0.00117438682401833 0.978955180671339 0.0147910562153092 
0.00304849856521239 0.0128622643845353 0.00253587057224661 0.981553366478006 

0.975729078978643 7.10699089278601e-05 0.000100949346962861 0.0240989017654664 
0.00128477451043909 0.985065156185711 0.0122127201266474 0.00143734917720227 
0.00143734917720227 0.0122127201266474 0.985065156185711 0.00128477451043909 
0.0240989017654664 0.000100949346962861 7.10699089278601e-05 0.975729078978643 


