4 5

0.19922563014552 0.30077436985448 0.30077436985448 0.19922563014552 

0.992209535840754 0.00347943697877483 0.000592592894824065 0.00371843428564672 
0.0126295539401944 0.978145357534543 0.00742253101635043 0.00180255750891234 
0.00180255750891234 0.00742253101635043 0.978145357534543 0.0126295539401944 
0.00371843428564672 0.000592592894824065 0.00347943697877483 0.992209535840754 

0.975808963055606 0.022312008000249 8.79289583089766e-05 0.00179109998583576 
0.00524944713561122 0.994625319034623 0.000124935892676203 2.97937089820035e-07 
2.97937089820035e-07 0.000124935892676203 0.994625319034623 0.00524944713561122 
0.00179109998583576 8.79289583089766e-05 0.022312008000249 0.975808963055606 

0.993726971967489 0.00540478798448997 8.28927660593125e-05 0.000785347281961168 
0.000614147260116306 0.97657703298421 0.000252418212622008 0.0225564015430514 
0.0225564015430514 0.000252418212622008 0.97657703298421 0.000614147260116306 
0.000785347281961168 8.28927660593125e-05 0.00540478798448997 0.993726971967489 

0.993432421835099 0.000116850222776015 0.000519009577167724 0.00593171836495704 
0.00149517723795463 0.976973245855164 0.0132777940429937 0.0082537828638876 
0.0082537828638876 0.0132777940429937 0.976973245855164 0.00149517723795463 
0.00593171836495704 0.000519009577167724 0.000116850222776015 0.993432421835099 

0.987200514451184 0.0007638358220448 0.00655508076726403 0.00548056895950766 
0.00249857855010395 0.98312275656192 0.0094668165924453 0.00491184829553058 
0.00491184829553058 0.0094668165924453 0.98312275656192 0.00249857855010395 
0.00548056895950766 0.00655508076726403 0.0007638358220448 0.987200514451184 


