4 5

0.468500670278445 0.0314993297215551 0.0314993297215551 0.468500670278445 

0.990931779439572 0.00238986388842724 0.00465052346308223 0.00202783320891836 
0.000370601574086279 0.979431824710492 0.010682949383959 0.0095146243314628 
0.0095146243314628 0.010682949383959 0.979431824710492 0.000370601574086279 
0.00202783320891836 0.00465052346308223 0.00238986388842724 0.990931779439572 

0.988198220890248 0.00452506693429189 0.00587174404342094 0.00140496813203922 
0.0106521603194684 0.982122657232559 0.000938237074162851 0.00628694537380997 
0.00628694537380997 0.000938237074162851 0.982122657232559 0.0106521603194684 
0.00140496813203922 0.00587174404342094 0.00452506693429189 0.988198220890248 

0.995384564522653 8.00382909372692e-05 0.00188459565264466 0.00265080153376546 
0.00830193769460829 0.97507544323719 0.0155678522393133 0.00105476682888806 
0.00105476682888806 0.0155678522393133 0.97507544323719 0.00830193769460829 
0.00265080153376546 0.00188459565264466 8.00382909372692e-05 0.995384564522653 

0.983427786027532 7.24604410240965e-05 0.00890499526901162 0.00759475826243194 
0.00622087980283626 0.986852514671749 0.00684651013805693 8.00953873578646e-05 
8.00953873578646e-05 0.00684651013805693 0.986852514671749 0.00622087980283626 
0.00759475826243194 0.00890499526901162 7.24604410240965e-05 0.983427786027532 

0.976669655133441 0.0133664240127091 0.000804211148122136 0.00915970970572805 
9.01857049784363e-05 0.993676176950244 0.000685479385263976 0.00554815795951379 
0.00554815795951379 0.000685479385263976 0.993676176950244 9.01857049784363e-05 
0.00915970970572805 0.000804211148122136 0.0133664240127091 0.976669655133441 


