4 5

0.181054515764117 0.318945484235883 0.318945484235883 0.181054515764117 

0.988719913699571 0.00396000262514858 0.00420290173742725 0.00311718193785332 
0.00710175588782633 0.991417508006613 0.000945442982910105 0.000535293122650912 
0.000535293122650912 0.000945442982910105 0.991417508006613 0.00710175588782633 
0.00311718193785332 0.00420290173742725 0.00396000262514858 0.988719913699571 

0.991742034513493 0.00689580141528767 0.00110226995081253 0.000259894120406945 
0.00186855499597522 0.988418009881401 0.00933558291715886 0.000377852205464765 
0.000377852205464765 0.00933558291715886 0.988418009881401 0.00186855499597522 
0.000259894120406945 0.00110226995081253 0.00689580141528767 0.991742034513493 

0.990271885722479 0.00111492429452309 0.00173201196357053 0.00688117801942684 
3.42760103169257e-05 0.989902467832896 0.0100095385753166 5.37175814707571e-05 
5.37175814707571e-05 0.0100095385753166 0.989902467832896 3.42760103169257e-05 
0.00688117801942684 0.00173201196357053 0.00111492429452309 0.990271885722479 

0.992920421543777 4.24876626914901e-05 4.90769009115192e-06 0.00703218310344023 
0.000184846269198792 0.98728669378616 0.0121187122536574 0.000409747690983563 
0.000409747690983563 0.0121187122536574 0.98728669378616 0.000184846269198792 
0.00703218310344023 4.90769009115192e-06 4.24876626914901e-05 0.992920421543777 

0.993261723658776 0.00012288293401984 0.00508483566377106 0.00153055774343325 
0.00654449145159836 0.986873154127545 0.00295397162968319 0.00362838279117311 
0.00362838279117311 0.00295397162968319 0.986873154127545 0.00654449145159836 
0.00153055774343325 0.00508483566377106 0.00012288293401984 0.993261723658776 


