4 5

0.203285822295584 0.296714177704416 0.296714177704416 0.203285822295584 

0.516809457657738 0.0515562687782666 0.117901127578828 0.313733145985167 
0.14645894489241 0.37308487665305 0.359879954751048 0.120576223703492 
0.120576223703492 0.359879954751048 0.37308487665305 0.14645894489241 
0.313733145985167 0.117901127578828 0.0515562687782666 0.516809457657738 

0.833310908945691 6.91837058376743e-05 0.0111698255855612 0.15545008176291 
0.0323126411799309 0.485424491625754 0.482127652767526 0.000135214426789043 
0.000135214426789043 0.482127652767526 0.485424491625754 0.0323126411799309 
0.15545008176291 0.0111698255855612 6.91837058376743e-05 0.833310908945691 

0.812208885445827 0.0568091207137913 0.0551275524224943 0.0758544414178878 
0.327037207721126 0.300519152385435 0.292963315823493 0.0794803240699465 
0.0794803240699465 0.292963315823493 0.300519152385435 0.327037207721126 
0.0758544414178878 0.0551275524224943 0.0568091207137913 0.812208885445827 

0.521303979247854 0.0568279462678854 0.0182687558424798 0.403599318641781 
0.240381084272943 0.203482083202349 0.179698426488534 0.376438406036175 
0.376438406036175 0.179698426488534 0.203482083202349 0.240381084272943 
0.403599318641781 0.0182687558424798 0.0568279462678854 0.521303979247854 

0.84749517529461 0.0503266028290009 0.0257901723070569 0.0763880495693317 
0.0415065615318707 0.473754007852963 0.469218869706012 0.0155205609091543 
0.0155205609091543 0.469218869706012 0.473754007852963 0.0415065615318707 
0.0763880495693317 0.0257901723070569 0.0503266028290009 0.84749517529461 


