4 5

0.0259585501626134 0.474041449837387 0.474041449837387 0.0259585501626134 

0.990456535872834 0.0033678951637669 0.00551831811901948 0.000657250844380064 
0.00696994187624937 0.989675323483568 0.00239800629480263 0.000956728345380373 
0.000956728345380373 0.00239800629480263 0.989675323483568 0.00696994187624937 
0.000657250844380064 0.00551831811901948 0.0033678951637669 0.990456535872834 

0.986155336657732 0.00458881154433555 0.00172015667203773 0.00753569512589447 
0.00263449316030821 0.994006066886458 0.00299052815245132 0.000368911800782093 
0.000368911800782093 0.00299052815245132 0.994006066886458 0.00263449316030821 
0.00753569512589447 0.00172015667203773 0.00458881154433555 0.986155336657732 

0.989686168452253 0.00227752059124095 0.00267455142774234 0.00536175952876383 
0.000707310027461039 0.990450792257185 0.00396786906822766 0.00487402864712628 
0.00487402864712628 0.00396786906822766 0.990450792257185 0.000707310027461039 
0.00536175952876383 0.00267455142774234 0.00227752059124095 0.989686168452253 

0.984227053344845 9.14490432106282e-05 0.00122969150965707 0.0144518061022871 
0.000451283873143089 0.996020289954498 0.00333204333159254 0.000196382840765945 
0.000196382840765945 0.00333204333159254 0.996020289954498 0.000451283873143089 
0.0144518061022871 0.00122969150965707 9.14490432106282e-05 0.984227053344845 

0.998439348147363 4.98022739761003e-05 0.000830650981380694 0.00068019859728069 
0.000106538307035751 0.981854029611078 0.0154007842029228 0.00263864787896375 
0.00263864787896375 0.0154007842029228 0.981854029611078 0.000106538307035751 
0.00068019859728069 0.000830650981380694 4.98022739761003e-05 0.998439348147363 


