4 5

0.240701117669232 0.259298882330768 0.259298882330768 0.240701117669232 

0.969310610943454 0.000114130767732638 0.000844804751291735 0.0297304535375217 
0.00209152238181684 0.991688933319081 0.0048726420027716 0.00134690229633063 
0.00134690229633063 0.0048726420027716 0.991688933319081 0.00209152238181684 
0.0297304535375217 0.000844804751291735 0.000114130767732638 0.969310610943454 

0.970492257561093 0.00489235793622912 0.0196040134373387 0.00501137106533933 
0.000371424064028457 0.990163524977326 0.00234483875905878 0.00712021219958647 
0.00712021219958647 0.00234483875905878 0.990163524977326 0.000371424064028457 
0.00501137106533933 0.0196040134373387 0.00489235793622912 0.970492257561093 

0.980513029980642 0.00294699976989022 0.00695494008489804 0.00958503016456941 
0.00332120526453487 0.980055689085735 0.000395009110343236 0.0162280965393874 
0.0162280965393874 0.000395009110343236 0.980055689085735 0.00332120526453487 
0.00958503016456941 0.00695494008489804 0.00294699976989022 0.980513029980642 

0.996721604584286 2.04185595279853e-05 0.00322088247685955 3.70943793259748e-05 
0.00119462541551673 0.964548370871009 0.033955437523398 0.000301566190076719 
0.000301566190076719 0.033955437523398 0.964548370871009 0.00119462541551673 
3.70943793259748e-05 0.00322088247685955 2.04185595279853e-05 0.996721604584286 

0.985811608734282 5.36840099631111e-05 0.00696651626499398 0.00716819099076094 
0.0225998273155658 0.974655536023192 0.00111179922881044 0.00163283743243159 
0.00163283743243159 0.00111179922881044 0.974655536023192 0.0225998273155658 
0.00716819099076094 0.00696651626499398 5.36840099631111e-05 0.985811608734282 


