4 5

0.472097099991515 0.0279029000084847 0.0279029000084847 0.472097099991515 

0.991748915376558 0.00230990492957684 9.68433412324933e-05 0.00584433635263248 
0.0001986128964635 0.978683409682626 0.0169270407022931 0.00419093671861715 
0.00419093671861715 0.0169270407022931 0.978683409682626 0.0001986128964635 
0.00584433635263248 9.68433412324933e-05 0.00230990492957684 0.991748915376558 

0.990888830405478 6.08903525757196e-06 0.00424615563421459 0.00485892492505013 
0.0041048217008405 0.97944403253966 0.00215741043333478 0.0142937353261651 
0.0142937353261651 0.00215741043333478 0.97944403253966 0.0041048217008405 
0.00485892492505013 0.00424615563421459 6.08903525757196e-06 0.990888830405478 

0.977781126317946 0.0189343226310379 0.00218201665951246 0.00110253439150382 
0.00132499614552853 0.992542873737922 0.00611933788304475 1.27922335046686e-05 
1.27922335046686e-05 0.00611933788304475 0.992542873737922 0.00132499614552853 
0.00110253439150382 0.00218201665951246 0.0189343226310379 0.977781126317946 

0.972565274973645 0.0101821623662178 0.0148143615889654 0.00243820107117132 
2.05254916174183e-05 0.997826171748207 0.002150564419653 2.73834052260089e-06 
2.73834052260089e-06 0.002150564419653 0.997826171748207 2.05254916174183e-05 
0.00243820107117132 0.0148143615889654 0.0101821623662178 0.972565274973645 

0.990304648449848 0.00706192626638108 0.00170782775473416 0.000925597529036981 
0.0142631726500408 0.980060177933786 0.00428236557733758 0.00139428383883558 
0.00139428383883558 0.00428236557733758 0.980060177933786 0.0142631726500408 
0.000925597529036981 0.00170782775473416 0.00706192626638108 0.990304648449848 


