4 5

0.487866206094623 0.0121337939053774 0.0121337939053774 0.487866206094623 

0.995975726785815 0.00327160867627401 0.000193176239132901 0.000559488298778166 
0.0083767434188029 0.984198106244198 0.0045988311136137 0.00282631922338561 
0.00282631922338561 0.0045988311136137 0.984198106244198 0.0083767434188029 
0.000559488298778166 0.000193176239132901 0.00327160867627401 0.995975726785815 

0.988882390688861 9.19249673555669e-05 0.00235925657222434 0.00866642777155907 
0.00599073579306408 0.991260916310664 0.00203208067070243 0.000716267225569839 
0.000716267225569839 0.00203208067070243 0.991260916310664 0.00599073579306408 
0.00866642777155907 0.00235925657222434 9.19249673555669e-05 0.988882390688861 

0.996493944635235 0.00112592987525278 0.00237199541441697 8.1300750951474e-06 
0.00703171944246826 0.983676679357095 0.000349129875702403 0.00894247132473471 
0.00894247132473471 0.000349129875702403 0.983676679357095 0.00703171944246826 
8.1300750951474e-06 0.00237199541441697 0.00112592987525278 0.996493944635235 

0.983540253608338 0.00206069106061803 0.0119842374648292 0.00241481786621506 
0.000337821004018143 0.996620718792546 0.00201567579510142 0.00102578440833444 
0.00102578440833444 0.00201567579510142 0.996620718792546 0.000337821004018143 
0.00241481786621506 0.0119842374648292 0.00206069106061803 0.983540253608338 

0.985375469059416 0.00679411786518257 0.00103850332015088 0.00679190975525051 
0.00031475709905573 0.994778695051184 0.00305950775575531 0.0018470400940048 
0.0018470400940048 0.00305950775575531 0.994778695051184 0.00031475709905573 
0.00679190975525051 0.00103850332015088 0.00679411786518257 0.985375469059416 


