4 5

0.365385550539941 0.134614449460059 0.134614449460059 0.365385550539941 

0.602698346201972 5.31804804870407e-05 0.0201724912286404 0.3770759820889 
0.291090868487284 0.395291868460555 0.299703167529981 0.01391409552218 
0.01391409552218 0.299703167529981 0.395291868460555 0.291090868487284 
0.3770759820889 0.0201724912286404 5.31804804870407e-05 0.602698346201972 

0.733706940167516 0.00768172809240114 0.000867506744229808 0.257743824995853 
0.000876733027479926 0.506297593139321 0.466761009835435 0.0260646639977637 
0.0260646639977637 0.466761009835435 0.506297593139321 0.000876733027479926 
0.257743824995853 0.000867506744229808 0.00768172809240114 0.733706940167516 

0.536563053512948 0.0417668573958663 0.123523680431114 0.298146408660072 
0.0129921652438356 0.528415476274464 0.422893307225276 0.0356990512564244 
0.0356990512564244 0.422893307225276 0.528415476274464 0.0129921652438356 
0.298146408660072 0.123523680431114 0.0417668573958663 0.536563053512948 

0.871524552148585 0.000115540085096936 0.000791562145895948 0.127568345620422 
0.00149467793428848 0.511472055442624 0.486788622129036 0.00024464449405137 
0.00024464449405137 0.486788622129036 0.511472055442624 0.00149467793428848 
0.127568345620422 0.000791562145895948 0.000115540085096936 0.871524552148585 

0.550292328315707 0.388483289023401 0.037558403990126 0.0236659786707666 
0.233611629614454 0.419319429114283 0.137896043275389 0.209172897995874 
0.209172897995874 0.137896043275389 0.419319429114283 0.233611629614454 
0.0236659786707666 0.037558403990126 0.388483289023401 0.550292328315707 


