4 5

0.436747340369038 0.0632526596309617 0.0632526596309617 0.436747340369038 

0.983857458308921 0.000277408973904595 0.0153207485897308 0.000544384127443842 
3.24649620337192e-05 0.996291300567662 0.00341199375815027 0.000264240712153995 
0.000264240712153995 0.00341199375815027 0.996291300567662 3.24649620337192e-05 
0.000544384127443842 0.0153207485897308 0.000277408973904595 0.983857458308921 

0.990714634375009 0.00355314731842823 0.00258312903406491 0.00314908927249813 
0.00695776048503129 0.989421591737095 0.00193980177327152 0.00168084600460259 
0.00168084600460259 0.00193980177327152 0.989421591737095 0.00695776048503129 
0.00314908927249813 0.00258312903406491 0.00355314731842823 0.990714634375009 

0.996990537080309 1.05159087534838e-05 5.09165348324643e-06 0.00299385535745406 
0.000821811893997665 0.983204899396804 0.00919264591763591 0.00678064279156287 
0.00678064279156287 0.00919264591763591 0.983204899396804 0.000821811893997665 
0.00299385535745406 5.09165348324643e-06 1.05159087534838e-05 0.996990537080309 

0.980747862149416 0.000470584214704899 0.0114117726556865 0.00736978098019236 
2.15221099869545e-05 0.99947039774134 0.000328767572384037 0.000179312576288898 
0.000179312576288898 0.000328767572384037 0.99947039774134 2.15221099869545e-05 
0.00736978098019236 0.0114117726556865 0.000470584214704899 0.980747862149416 

0.987236716598799 0.00533252841536986 0.00246682120750812 0.00496393377832283 
0.00139555693509777 0.992904221359679 0.000393131436443594 0.00530709026877948 
0.00530709026877948 0.000393131436443594 0.992904221359679 0.00139555693509777 
0.00496393377832283 0.00246682120750812 0.00533252841536986 0.987236716598799 


