4 5

0.321545036858879 0.178454963141121 0.178454963141121 0.321545036858879 

0.966228438344822 0.000922690138590292 0.0270300557167536 0.00581881579983423 
0.00285761750685393 0.994405526843141 0.00231345141683265 0.000423404233172826 
0.000423404233172826 0.00231345141683265 0.994405526843141 0.00285761750685393 
0.00581881579983423 0.0270300557167536 0.000922690138590292 0.966228438344822 

0.989087969854863 0.00227898248342658 0.000704834282380257 0.00792821337933058 
0.00160889878355264 0.971756131452381 0.0253682010303222 0.00126676873374398 
0.00126676873374398 0.0253682010303222 0.971756131452381 0.00160889878355264 
0.00792821337933058 0.000704834282380257 0.00227898248342658 0.989087969854863 

0.986758621086432 0.0104890824971441 0.00057603277956193 0.00217626363686169 
0.0180671025260864 0.973899943185822 0.00663366362228279 0.00139929066580841 
0.00139929066580841 0.00663366362228279 0.973899943185822 0.0180671025260864 
0.00217626363686169 0.00057603277956193 0.0104890824971441 0.986758621086432 

0.986604430844161 0.000235914395222968 2.79403333203277e-06 0.0131568607272838 
0.000161298792542607 0.973942666470727 0.0064798801477583 0.0194161545889722 
0.0194161545889722 0.0064798801477583 0.973942666470727 0.000161298792542607 
0.0131568607272838 2.79403333203277e-06 0.000235914395222968 0.986604430844161 

0.979621243184408 0.014236172460228 0.000662831619048701 0.00547975273631501 
0.00121582857310196 0.980820035537147 0.000192796099609038 0.0177713397901421 
0.0177713397901421 0.000192796099609038 0.980820035537147 0.00121582857310196 
0.00547975273631501 0.000662831619048701 0.014236172460228 0.979621243184408 


