4 5

0.461660718894564 0.0383392811054364 0.0383392811054364 0.461660718894564 

0.661120992289255 0.000748254053276526 0.264126603408361 0.0740041502491071 
0.000805088946875712 0.483140839424049 0.445483723382384 0.0705703482466913 
0.0705703482466913 0.445483723382384 0.483140839424049 0.000805088946875712 
0.0740041502491071 0.264126603408361 0.000748254053276526 0.661120992289255 

0.501998390617376 0.000997881168971269 0.00976348482905941 0.487240243384593 
0.277435800367532 0.395960027701334 0.221964666348859 0.104639505582275 
0.104639505582275 0.221964666348859 0.395960027701334 0.277435800367532 
0.487240243384593 0.00976348482905941 0.000997881168971269 0.501998390617376 

0.528561644590231 0.00181013518471827 0.0260931064494228 0.443535113775628 
0.00809402572606613 0.435669301347932 0.3358289607251 0.220407712200901 
0.220407712200901 0.3358289607251 0.435669301347932 0.00809402572606613 
0.443535113775628 0.0260931064494228 0.00181013518471827 0.528561644590231 

0.804108345041791 0.0165090575932691 0.000382562546240764 0.179000034818699 
0.107890561360715 0.447600000333723 0.440371219612537 0.00413821869302505 
0.00413821869302505 0.440371219612537 0.447600000333723 0.107890561360715 
0.179000034818699 0.000382562546240764 0.0165090575932691 0.804108345041791 

0.398454126074138 0.492741954616186 0.00749915026136094 0.101304769048315 
0.309786173794737 0.496659562014779 0.0553891308406626 0.138165133349822 
0.138165133349822 0.0553891308406626 0.496659562014779 0.309786173794737 
0.101304769048315 0.00749915026136094 0.492741954616186 0.398454126074138 


