4 5

0.0707795926136896 0.42922040738631 0.42922040738631 0.0707795926136896 

0.637103124830981 0.0145944547193486 0.0375077403503701 0.3107946800993 
0.0069305531033316 0.525823261011387 0.466568078382646 0.00067810750263572 
0.00067810750263572 0.466568078382646 0.525823261011387 0.0069305531033316 
0.3107946800993 0.0375077403503701 0.0145944547193486 0.637103124830981 

0.425296121551882 0.347320740683058 0.0159624699858375 0.211420667779222 
0.290254337176615 0.695059068200545 0.00560672748457203 0.00907986713826875 
0.00907986713826875 0.00560672748457203 0.695059068200545 0.290254337176615 
0.211420667779222 0.0159624699858375 0.347320740683058 0.425296121551882 

0.514883166976448 0.000535087637086627 0.000191246503359135 0.484390498883106 
0.0162683313372526 0.797121395265677 0.184772689982243 0.00183758341482707 
0.00183758341482707 0.184772689982243 0.797121395265677 0.0162683313372526 
0.484390498883106 0.000191246503359135 0.000535087637086627 0.514883166976448 

0.251204739794206 0.595356530662178 0.114099230864209 0.0393394986794075 
0.0177506839740623 0.692362139563158 0.107145293201689 0.182741883261091 
0.182741883261091 0.107145293201689 0.692362139563158 0.0177506839740623 
0.0393394986794075 0.114099230864209 0.595356530662178 0.251204739794206 

0.47413354068419 0.122259549044803 0.000308009760600636 0.403298900510407 
0.207778286158066 0.766817810461784 0.0242714680671467 0.00113243531300361 
0.00113243531300361 0.0242714680671467 0.766817810461784 0.207778286158066 
0.403298900510407 0.000308009760600636 0.122259549044803 0.47413354068419 


