4 5

0.11148022802081 0.38851977197919 0.38851977197919 0.11148022802081 

0.44383952294643 0.092737443781491 0.0367351613077071 0.426687871964371 
0.134455406817036 0.743289880713368 0.118672681846121 0.00358203062347467 
0.00358203062347467 0.118672681846121 0.743289880713368 0.134455406817036 
0.426687871964371 0.0367351613077071 0.092737443781491 0.44383952294643 

0.419041972732143 0.0367077683326854 0.157909997183 0.386340261752171 
0.223647700770132 0.336503370183228 0.244278213242246 0.195570715804393 
0.195570715804393 0.244278213242246 0.336503370183228 0.223647700770132 
0.386340261752171 0.157909997183 0.0367077683326854 0.419041972732143 

0.54705425459755 0.0671273787723401 0.00506129010990783 0.380757076520202 
0.361364856590503 0.394938789628281 0.236199644773808 0.00749670900740765 
0.00749670900740765 0.236199644773808 0.394938789628281 0.361364856590503 
0.380757076520202 0.00506129010990783 0.0671273787723401 0.54705425459755 

0.589636775483812 0.281325160604703 0.0275141458550513 0.101523918056434 
0.276605787005862 0.423914179827567 0.278224282909408 0.0212557502571637 
0.0212557502571637 0.278224282909408 0.423914179827567 0.276605787005862 
0.101523918056434 0.0275141458550513 0.281325160604703 0.589636775483812 

0.407447042153944 0.179924051937468 0.0128801380274112 0.399748767881177 
0.010308572980043 0.7634603694897 0.22215194422453 0.00407911330572758 
0.00407911330572758 0.22215194422453 0.7634603694897 0.010308572980043 
0.399748767881177 0.0128801380274112 0.179924051937468 0.407447042153944 


