4 5

0.127168096252717 0.372831903747283 0.372831903747283 0.127168096252717 

0.993816789475949 0.000162033621758854 0.00516112713531743 0.000860049766974458 
0.0193493676855312 0.976497850581509 0.00266952163586182 0.00148326009709757 
0.00148326009709757 0.00266952163586182 0.976497850581509 0.0193493676855312 
0.000860049766974458 0.00516112713531743 0.000162033621758854 0.993816789475949 

0.989730730736442 0.00286335318446186 1.95769802857487e-05 0.0073863390988102 
0.0140655832252256 0.980596986879837 0.00529287573283932 4.45541620982788e-05 
4.45541620982788e-05 0.00529287573283932 0.980596986879837 0.0140655832252256 
0.0073863390988102 1.95769802857487e-05 0.00286335318446186 0.989730730736442 

0.978753086714576 0.0121714745442811 0.00873320660047841 0.000342232140664755 
0.00182536779082081 0.991593076815818 5.39622270931961e-05 0.00652759316626789 
0.00652759316626789 5.39622270931961e-05 0.991593076815818 0.00182536779082081 
0.000342232140664755 0.00873320660047841 0.0121714745442811 0.978753086714576 

0.982885714557559 0.00340121612147017 0.000821845666521086 0.0128912236544501 
0.000559977017801719 0.987500130827653 0.011751260887058 0.00018863126748728 
0.00018863126748728 0.011751260887058 0.987500130827653 0.000559977017801719 
0.0128912236544501 0.000821845666521086 0.00340121612147017 0.982885714557559 

0.995506121284752 0.0015837409553743 0.000732604498653958 0.00217753326121956 
0.000817124134907149 0.975126154410735 0.0240343698286182 2.2351625739542e-05 
2.2351625739542e-05 0.0240343698286182 0.975126154410735 0.000817124134907149 
0.00217753326121956 0.000732604498653958 0.0015837409553743 0.995506121284752 


