4 5

0.00352337514050305 0.496476624859497 0.496476624859497 0.00352337514050305 

0.407552807922008 0.167835065027555 0.170464989044522 0.254147138005916 
0.175546085712392 0.230917699047997 0.204820602837096 0.388715612402515 
0.388715612402515 0.204820602837096 0.230917699047997 0.175546085712392 
0.254147138005916 0.170464989044522 0.167835065027555 0.407552807922008 

0.172624808234768 0.469482773396057 0.233934465672941 0.123957952696234 
0.016290266558753 0.527803597668257 0.450421422478113 0.00548471329487643 
0.00548471329487643 0.450421422478113 0.527803597668257 0.016290266558753 
0.123957952696234 0.233934465672941 0.469482773396057 0.172624808234768 

0.495727544248209 0.00875364292988072 0.000473053813178599 0.495045759008732 
0.00445298179781528 0.736164123840858 0.253355771683836 0.00602712267748972 
0.00602712267748972 0.253355771683836 0.736164123840858 0.00445298179781528 
0.495045759008732 0.000473053813178599 0.00875364292988072 0.495727544248209 

0.738394564779591 0.00722938894540455 0.0600183985862195 0.194357647688785 
0.00231535297977037 0.35100790262341 0.318350287968734 0.328326456428086 
0.328326456428086 0.318350287968734 0.35100790262341 0.00231535297977037 
0.194357647688785 0.0600183985862195 0.00722938894540455 0.738394564779591 

0.353417809400275 0.157609762155317 0.161641302025747 0.327331126418661 
0.318662307634333 0.293279340263352 0.272508387460451 0.115549964641865 
0.115549964641865 0.272508387460451 0.293279340263352 0.318662307634333 
0.327331126418661 0.161641302025747 0.157609762155317 0.353417809400275 


