4 5

0.122728618211113 0.377271381788887 0.377271381788887 0.122728618211113 

0.478209150289604 0.00610405410297038 0.0683327672237538 0.447354028383671 
0.018196202763437 0.802078817417431 0.176937619927546 0.00278735989158604 
0.00278735989158604 0.176937619927546 0.802078817417431 0.018196202763437 
0.447354028383671 0.0683327672237538 0.00610405410297038 0.478209150289604 

0.485539904975248 0.00466161825230278 0.0706926833290099 0.439105793443439 
0.0252846296112458 0.732415082101878 0.151582788763279 0.0907174995235975 
0.0907174995235975 0.151582788763279 0.732415082101878 0.0252846296112458 
0.439105793443439 0.0706926833290099 0.00466161825230278 0.485539904975248 

0.933331409689461 0.00293240930316637 0.00198635864197775 0.0617498223653953 
0.283338807819589 0.29289521649389 0.253998455576657 0.169767520109864 
0.169767520109864 0.253998455576657 0.29289521649389 0.283338807819589 
0.0617498223653953 0.00198635864197775 0.00293240930316637 0.933331409689461 

0.459249072347891 0.0488388948886375 0.207025775004635 0.284886257758836 
0.0808706913869885 0.545342919843533 0.0989662785343778 0.274820110235101 
0.274820110235101 0.0989662785343778 0.545342919843533 0.0808706913869885 
0.284886257758836 0.207025775004635 0.0488388948886375 0.459249072347891 

0.46177452860018 0.0828474337922415 0.0229922459376177 0.43238579166996 
0.00437242641004132 0.808845315163133 0.147353534228837 0.0394287241979882 
0.0394287241979882 0.147353534228837 0.808845315163133 0.00437242641004132 
0.43238579166996 0.0229922459376177 0.0828474337922415 0.46177452860018 


