4 5

0.26238515926525 0.23761484073475 0.23761484073475 0.26238515926525 

0.525239091701031 0.00310800066856548 0.453231246105885 0.0184216615245186 
0.0470705418035767 0.492073915781931 0.454044545877652 0.00681099653684044 
0.00681099653684044 0.454044545877652 0.492073915781931 0.0470705418035767 
0.0184216615245186 0.453231246105885 0.00310800066856548 0.525239091701031 

0.86686454679269 0.0055357882549627 0.104466474984042 0.023133189968305 
0.04047131529825 0.456595043284625 0.423899306464864 0.0790343349522607 
0.0790343349522607 0.423899306464864 0.456595043284625 0.04047131529825 
0.023133189968305 0.104466474984042 0.0055357882549627 0.86686454679269 

0.599167761635674 0.00328949531141177 0.0126895933692829 0.384853149683632 
0.0647480745630345 0.511394441054638 0.420827695263352 0.00302978911897483 
0.00302978911897483 0.420827695263352 0.511394441054638 0.0647480745630345 
0.384853149683632 0.0126895933692829 0.00328949531141177 0.599167761635674 

0.539266511073431 0.135768093116827 0.0014997079704394 0.323465687839303 
0.0104549693201477 0.531685393875733 0.436384318019734 0.0214753187843848 
0.0214753187843848 0.436384318019734 0.531685393875733 0.0104549693201477 
0.323465687839303 0.0014997079704394 0.135768093116827 0.539266511073431 

0.844448412145272 0.0829862920413574 0.001315381165114 0.0712499146482561 
0.127042488421814 0.449252790824278 0.406917470850744 0.0167872499031647 
0.0167872499031647 0.406917470850744 0.449252790824278 0.127042488421814 
0.0712499146482561 0.001315381165114 0.0829862920413574 0.844448412145272 


