4 5

0.0299645679770038 0.470035432022996 0.470035432022996 0.0299645679770038 

0.364943270628794 0.258168229464657 0.0130029037181061 0.363885596188443 
0.0838820840940761 0.374010289030622 0.242401165986245 0.299706460889056 
0.299706460889056 0.242401165986245 0.374010289030622 0.0838820840940761 
0.363885596188443 0.0130029037181061 0.258168229464657 0.364943270628794 

0.803825335762269 0.0497517634244688 0.0380651339338765 0.108357766879386 
0.67561148979831 0.212162094616069 0.0203717245816418 0.0918546910039797 
0.0918546910039797 0.0203717245816418 0.212162094616069 0.67561148979831 
0.108357766879386 0.0380651339338765 0.0497517634244688 0.803825335762269 

0.326896684844024 0.141504552123591 0.286358373614212 0.245240389418172 
0.225816762324622 0.573247369998465 0.157895127587564 0.0430407400893495 
0.0430407400893495 0.157895127587564 0.573247369998465 0.225816762324622 
0.245240389418172 0.286358373614212 0.141504552123591 0.326896684844024 

0.490685739842843 0.357293839048101 0.119929436607462 0.0320909845015946 
0.00968480323704174 0.405213832188188 0.376965151874497 0.208136212700273 
0.208136212700273 0.376965151874497 0.405213832188188 0.00968480323704174 
0.0320909845015946 0.119929436607462 0.357293839048101 0.490685739842843 

0.418390815640916 0.0543874916351739 0.152026468899165 0.375195223824745 
0.0291141166659914 0.755324307490569 0.190238449154422 0.0253231266890181 
0.0253231266890181 0.190238449154422 0.755324307490569 0.0291141166659914 
0.375195223824745 0.152026468899165 0.0543874916351739 0.418390815640916 


