4 5

0.280947689316235 0.219052310683765 0.219052310683765 0.280947689316235 

0.722283056034851 0.0126620193818277 0.238338157833968 0.0267167667493539 
0.100069821954751 0.349629623037254 0.287657395507151 0.262643159500844 
0.262643159500844 0.287657395507151 0.349629623037254 0.100069821954751 
0.0267167667493539 0.238338157833968 0.0126620193818277 0.722283056034851 

0.428629470751355 0.0016468393774984 0.209829527048116 0.359894162823031 
0.07772749709649 0.622474285558382 0.0622663694874892 0.237531847857639 
0.237531847857639 0.0622663694874892 0.622474285558382 0.07772749709649 
0.359894162823031 0.209829527048116 0.0016468393774984 0.428629470751355 

0.471156798648726 0.0427421638219227 0.0359954535366679 0.450105583992684 
0.00657775782537078 0.469493103408363 0.362771144509919 0.161157994256347 
0.161157994256347 0.362771144509919 0.469493103408363 0.00657775782537078 
0.450105583992684 0.0359954535366679 0.0427421638219227 0.471156798648726 

0.396523682417058 0.0542363726643912 0.338927434189213 0.210312510729338 
0.0375926765976973 0.540001029230099 0.170654772743227 0.251751521428977 
0.251751521428977 0.170654772743227 0.540001029230099 0.0375926765976973 
0.210312510729338 0.338927434189213 0.0542363726643912 0.396523682417058 

0.549909531823969 0.0341581711859944 0.0450210232274633 0.370911273762573 
0.363348738864197 0.293575092885842 0.284289150138633 0.0587870181113278 
0.0587870181113278 0.284289150138633 0.293575092885842 0.363348738864197 
0.370911273762573 0.0450210232274633 0.0341581711859944 0.549909531823969 


