4 5

0.218309611547738 0.281690388452262 0.281690388452262 0.218309611547738 

0.991007752521872 0.000909368602232118 0.000241447628599457 0.00784143124729653 
5.09457107593714e-05 0.989169291516315 0.00944953465242071 0.00133022812050475 
0.00133022812050475 0.00944953465242071 0.989169291516315 5.09457107593714e-05 
0.00784143124729653 0.000241447628599457 0.000909368602232118 0.991007752521872 

0.996814142067101 0.000677925421826762 0.00100845605353572 0.00149947645753634 
0.00845944169087516 0.983360471831911 0.00633199970225873 0.00184808677495533 
0.00184808677495533 0.00633199970225873 0.983360471831911 0.00845944169087516 
0.00149947645753634 0.00100845605353572 0.000677925421826762 0.996814142067101 

0.987976538229092 0.00267077278809457 0.000103319724064304 0.00924936925874953 
0.00023025217221208 0.992197770582059 0.00720572119392143 0.000366256051807052 
0.000366256051807052 0.00720572119392143 0.992197770582059 0.00023025217221208 
0.00924936925874953 0.000103319724064304 0.00267077278809457 0.987976538229092 

0.986385465301099 0.00313317520926517 0.000715592074995702 0.00976576741463958 
0.00314094404000024 0.993788963305681 0.00178703903736233 0.00128305361695687 
0.00128305361695687 0.00178703903736233 0.993788963305681 0.00314094404000024 
0.00976576741463958 0.000715592074995702 0.00313317520926517 0.986385465301099 

0.991359465507382 2.81810378660745e-05 0.000167143521190723 0.00844520993356135 
7.77255848796095e-05 0.988839900102322 0.0110808316150428 1.5426977552162e-06 
1.5426977552162e-06 0.0110808316150428 0.988839900102322 7.77255848796095e-05 
0.00844520993356135 0.000167143521190723 2.81810378660745e-05 0.991359465507382 


