4 5

0.45906747772824 0.0409325222717598 0.0409325222717598 0.45906747772824 

0.977086134345271 0.021950241613757 0.000826131926901558 0.000137492114069937 
0.000392609532691804 0.983343615528635 9.30827518450528e-05 0.0161706921868277 
0.0161706921868277 9.30827518450528e-05 0.983343615528635 0.000392609532691804 
0.000137492114069937 0.000826131926901558 0.021950241613757 0.977086134345271 

0.988141188436803 0.00137071524257341 0.00370663729372708 0.00678145902689603 
0.000648439448618945 0.97245444759401 0.00940256670556622 0.0174945462518043 
0.0174945462518043 0.00940256670556622 0.97245444759401 0.000648439448618945 
0.00678145902689603 0.00370663729372708 0.00137071524257341 0.988141188436803 

0.974227856653175 0.00168843818153054 0.0224382370542161 0.00164546811107785 
0.00472184964088425 0.986255993348099 0.00900614535428051 1.60116567357454e-05 
1.60116567357454e-05 0.00900614535428051 0.986255993348099 0.00472184964088425 
0.00164546811107785 0.0224382370542161 0.00168843818153054 0.974227856653175 

0.973095419084911 0.00132512963580976 0.000199427270921606 0.0253800240083574 
0.00347262611310871 0.98773351734063 0.008780628558895 1.32279873665947e-05 
1.32279873665947e-05 0.008780628558895 0.98773351734063 0.00347262611310871 
0.0253800240083574 0.000199427270921606 0.00132512963580976 0.973095419084911 

0.981913862069838 0.0146756863451674 0.00272143742073812 0.00068901416425643 
0.000152319200717601 0.978666285108045 0.0182400356215077 0.00294136006972952 
0.00294136006972952 0.0182400356215077 0.978666285108045 0.000152319200717601 
0.00068901416425643 0.00272143742073812 0.0146756863451674 0.981913862069838 


