4 5

0.0255803723121062 0.474419627687894 0.474419627687894 0.0255803723121062 

0.422506866487731 0.217615084736362 0.299910018152066 0.059968030623841 
0.0497368662831438 0.500063753946247 0.285292130510583 0.164907249260027 
0.164907249260027 0.285292130510583 0.500063753946247 0.0497368662831438 
0.059968030623841 0.299910018152066 0.217615084736362 0.422506866487731 

0.611689456400225 0.151181692913357 0.0201589124510388 0.216969938235379 
0.0326119762965979 0.494069115737243 0.43478069795823 0.0385382100079286 
0.0385382100079286 0.43478069795823 0.494069115737243 0.0326119762965979 
0.216969938235379 0.0201589124510388 0.151181692913357 0.611689456400225 

0.871816667081966 0.104498768401284 0.000875510419137783 0.0228090540976118 
0.0114096297936001 0.385627198904627 0.378856797171657 0.224106374130116 
0.224106374130116 0.378856797171657 0.385627198904627 0.0114096297936001 
0.0228090540976118 0.000875510419137783 0.104498768401284 0.871816667081966 

0.487635262530093 0.0711174250128375 0.270426799274127 0.170820513182942 
0.309662751080162 0.349582348751874 0.227206218693909 0.113548681474054 
0.113548681474054 0.227206218693909 0.349582348751874 0.309662751080162 
0.170820513182942 0.270426799274127 0.0711174250128375 0.487635262530093 

0.361936045793817 0.412642307362057 0.00186554095612654 0.223556105887999 
0.126401288754468 0.745829760617089 0.114080623842933 0.0136883267855103 
0.0136883267855103 0.114080623842933 0.745829760617089 0.126401288754468 
0.223556105887999 0.00186554095612654 0.412642307362057 0.361936045793817 


