4 5

0.157726901234128 0.342273098765872 0.342273098765872 0.157726901234128 

0.385567688485165 0.301546567138801 0.194696048863645 0.118189695512389 
0.240526024882839 0.40450385570118 0.31771860243105 0.0372515169849314 
0.0372515169849314 0.31771860243105 0.40450385570118 0.240526024882839 
0.118189695512389 0.194696048863645 0.301546567138801 0.385567688485165 

0.704843341521648 0.00173734979719446 0.207473695969321 0.0859456127118362 
0.00252807399168764 0.280508245055775 0.0581594326881324 0.658804248264405 
0.658804248264405 0.0581594326881324 0.280508245055775 0.00252807399168764 
0.0859456127118362 0.207473695969321 0.00173734979719446 0.704843341521648 

0.473668865020305 0.0181015568883749 0.0356527254710583 0.472576852620262 
0.0194688531949625 0.851761865330196 0.0831703433843126 0.0455989380905288 
0.0455989380905288 0.0831703433843126 0.851761865330196 0.0194688531949625 
0.472576852620262 0.0356527254710583 0.0181015568883749 0.473668865020305 

0.369085282972816 0.00424524229621234 0.490860032693739 0.135809442037233 
0.011234497646403 0.58566342374065 0.217714778196834 0.185387300416113 
0.185387300416113 0.217714778196834 0.58566342374065 0.011234497646403 
0.135809442037233 0.490860032693739 0.00424524229621234 0.369085282972816 

0.465530193444354 0.0559416598675135 0.413685662553541 0.0648424841345915 
0.00616346894499892 0.48836043877156 0.377403210425538 0.128072881857903 
0.128072881857903 0.377403210425538 0.48836043877156 0.00616346894499892 
0.0648424841345915 0.413685662553541 0.0559416598675135 0.465530193444354 


