4 5

0.265131429652683 0.234868570347317 0.234868570347317 0.265131429652683 

0.987285580941296 0.00958080429619449 0.00265211621097124 0.000481498551538562 
8.67298293015167e-05 0.99284510202579 0.0063842783437757 0.000683889801133271 
0.000683889801133271 0.0063842783437757 0.99284510202579 8.67298293015167e-05 
0.000481498551538562 0.00265211621097124 0.00958080429619449 0.987285580941296 

0.98658385133713 0.000186178144642106 1.20845492399059e-05 0.0132178859689878 
0.0027803048215562 0.993623530855808 0.00340462184820578 0.000191542474430226 
0.000191542474430226 0.00340462184820578 0.993623530855808 0.0027803048215562 
0.0132178859689878 1.20845492399059e-05 0.000186178144642106 0.98658385133713 

0.988164429342787 0.000274084790848915 0.0033628717974554 0.00819861406890865 
0.00517907633152669 0.991978447600215 0.00260877038267948 0.000233705685579241 
0.000233705685579241 0.00260877038267948 0.991978447600215 0.00517907633152669 
0.00819861406890865 0.0033628717974554 0.000274084790848915 0.988164429342787 

0.983843516660236 0.00201695649729036 0.0101199592197901 0.00401956762268413 
0.00352219128962147 0.996311849394238 5.31464232431111e-05 0.000112812892897476 
0.000112812892897476 5.31464232431111e-05 0.996311849394238 0.00352219128962147 
0.00401956762268413 0.0101199592197901 0.00201695649729036 0.983843516660236 

0.990992541225994 2.92219363889258e-05 5.85950128356249e-05 0.00891964182478161 
0.000550062686707845 0.989200100492094 0.0101414997778344 0.000108337043363579 
0.000108337043363579 0.0101414997778344 0.989200100492094 0.000550062686707845 
0.00891964182478161 5.85950128356249e-05 2.92219363889258e-05 0.990992541225994 


