4 5

0.364136449759826 0.135863550240174 0.135863550240174 0.364136449759826 

0.403680424042992 0.124236444062873 0.0788845855437478 0.393198546350387 
0.143382251958237 0.723696900969597 0.117955428127327 0.0149654189448398 
0.0149654189448398 0.117955428127327 0.723696900969597 0.143382251958237 
0.393198546350387 0.0788845855437478 0.124236444062873 0.403680424042992 

0.711262975040198 0.00878521886021555 0.107341153559032 0.172610652540554 
0.14028020581741 0.262929992995758 0.217487029750971 0.37930277143586 
0.37930277143586 0.217487029750971 0.262929992995758 0.14028020581741 
0.172610652540554 0.107341153559032 0.00878521886021555 0.711262975040198 

0.745274051448076 0.00609054184309367 0.0356604892400303 0.2129749174688 
0.0024929250668201 0.490161002107629 0.488584674759036 0.0187613980665152 
0.0187613980665152 0.488584674759036 0.490161002107629 0.0024929250668201 
0.2129749174688 0.0356604892400303 0.00609054184309367 0.745274051448076 

0.407286454190949 0.106446528750179 0.101515414003284 0.384751603055588 
0.35168334028975 0.358231432603201 0.252535371997556 0.0375498551094929 
0.0375498551094929 0.252535371997556 0.358231432603201 0.35168334028975 
0.384751603055588 0.101515414003284 0.106446528750179 0.407286454190949 

0.503477616763139 0.212654074795603 0.000506790781004809 0.283361517660254 
0.320187685198764 0.495646412174113 0.18397100902269 0.000194893604433116 
0.000194893604433116 0.18397100902269 0.495646412174113 0.320187685198764 
0.283361517660254 0.000506790781004809 0.212654074795603 0.503477616763139 


