4 5

0.400567448581569 0.0994325514184311 0.0994325514184311 0.400567448581569 

0.991778304383633 0.00580057746335409 0.000838554142545929 0.00158256401046714 
0.00838671412869215 0.978616199568773 0.0121103873326359 0.000886698969899267 
0.000886698969899267 0.0121103873326359 0.978616199568773 0.00838671412869215 
0.00158256401046714 0.000838554142545929 0.00580057746335409 0.991778304383633 

0.972424384619528 0.0114313827616255 0.00540780420585297 0.0107364284129932 
1.56474221563186e-05 0.998028947823921 0.00168139964758129 0.000274005106341567 
0.000274005106341567 0.00168139964758129 0.998028947823921 1.56474221563186e-05 
0.0107364284129932 0.00540780420585297 0.0114313827616255 0.972424384619528 

0.978349993970748 0.000153161997791191 0.000294335637826941 0.0212025083936337 
0.000263403799737942 0.99218089876595 0.00734117155789021 0.000214525876421952 
0.000214525876421952 0.00734117155789021 0.99218089876595 0.000263403799737942 
0.0212025083936337 0.000294335637826941 0.000153161997791191 0.978349993970748 

0.97827264038444 0.0101016338913779 0.00102330460423501 0.0106024211199469 
0.00728319320744242 0.992132978671658 1.95082210192599e-05 0.000564319899880372 
0.000564319899880372 1.95082210192599e-05 0.992132978671658 0.00728319320744242 
0.0106024211199469 0.00102330460423501 0.0101016338913779 0.97827264038444 

0.980356839078635 0.000234174402022552 0.00353722288778802 0.0158717636315548 
0.000123200233208662 0.990062520663171 0.00877696557599844 0.00103731352762193 
0.00103731352762193 0.00877696557599844 0.990062520663171 0.000123200233208662 
0.0158717636315548 0.00353722288778802 0.000234174402022552 0.980356839078635 


