4 5

0.163403185666539 0.336596814333461 0.336596814333461 0.163403185666539 

0.973952711717366 6.75436113394406e-05 0.0208392802815095 0.00514046438978522 
0.0114652384876009 0.986512873861556 0.00135256046733279 0.000669327183510007 
0.000669327183510007 0.00135256046733279 0.986512873861556 0.0114652384876009 
0.00514046438978522 0.0208392802815095 6.75436113394406e-05 0.973952711717366 

0.969909460425717 0.013107672778628 0.00678434435540563 0.010198522440249 
0.000151260864224048 0.990695660376594 0.00896555856210624 0.00018752019707565 
0.00018752019707565 0.00896555856210624 0.990695660376594 0.000151260864224048 
0.010198522440249 0.00678434435540563 0.013107672778628 0.969909460425717 

0.971379833957144 0.0262578916079968 0.00195595673402033 0.000406317700838821 
0.001783492507345 0.989162760507814 0.000667072045779593 0.0083866749390613 
0.0083866749390613 0.000667072045779593 0.989162760507814 0.001783492507345 
0.000406317700838821 0.00195595673402033 0.0262578916079968 0.971379833957144 

0.962871502483645 0.000719243182704064 8.91143463737216e-06 0.0364003428990137 
3.90269629537755e-06 0.99855229214814 0.0013035754273924 0.000140229728171714 
0.000140229728171714 0.0013035754273924 0.99855229214814 3.90269629537755e-06 
0.0364003428990137 8.91143463737216e-06 0.000719243182704064 0.962871502483645 

0.974407223111897 0.017204052897857 0.00170335922375995 0.00668536476648607 
0.00453834054169338 0.986170587220027 0.00917112190134339 0.000119950336936631 
0.000119950336936631 0.00917112190134339 0.986170587220027 0.00453834054169338 
0.00668536476648607 0.00170335922375995 0.017204052897857 0.974407223111897 


