4 5

0.473067630780861 0.0269323692191392 0.0269323692191392 0.473067630780861 

0.974206359762274 0.000663199204931097 0.00436033583626681 0.0207701051965282 
0.000326892834589902 0.996376487342394 0.00115521282269904 0.00214140700031703 
0.00214140700031703 0.00115521282269904 0.996376487342394 0.000326892834589902 
0.0207701051965282 0.00436033583626681 0.000663199204931097 0.974206359762274 

0.980102503732933 0.00613291543718029 4.36108650607946e-05 0.0137209699648259 
0.00579826387380849 0.990288013750592 0.00390664613158231 7.07624401747676e-06 
7.07624401747676e-06 0.00390664613158231 0.990288013750592 0.00579826387380849 
0.0137209699648259 4.36108650607946e-05 0.00613291543718029 0.980102503732933 

0.97975318753726 0.00863447743970889 0.00520402463232519 0.00640831039070627 
0.00542413128477097 0.990576974348721 0.00383549239778741 0.000163401968720955 
0.000163401968720955 0.00383549239778741 0.990576974348721 0.00542413128477097 
0.00640831039070627 0.00520402463232519 0.00863447743970889 0.97975318753726 

0.980678601643045 0.000812320163677643 0.00939020303016399 0.0091188751631131 
0.0027821416572055 0.989673363166483 0.000987206465412449 0.00655728871089897 
0.00655728871089897 0.000987206465412449 0.989673363166483 0.0027821416572055 
0.0091188751631131 0.00939020303016399 0.000812320163677643 0.980678601643045 

0.989698016572811 0.00196029307887159 0.00635058515759555 0.00199110519072215 
0.000383157386680695 0.980651140837269 0.00621281022534848 0.0127528915507015 
0.0127528915507015 0.00621281022534848 0.980651140837269 0.000383157386680695 
0.00199110519072215 0.00635058515759555 0.00196029307887159 0.989698016572811 


