4 5

0.11655533220619 0.38344466779381 0.38344466779381 0.11655533220619 

0.994903886119769 7.66307189081251e-06 0.00508531130190571 3.13950643482386e-06 
0.0241188793291906 0.975417052540318 0.000372325944552609 9.17421859389297e-05 
9.17421859389297e-05 0.000372325944552609 0.975417052540318 0.0241188793291906 
3.13950643482386e-06 0.00508531130190571 7.66307189081251e-06 0.994903886119769 

0.98783855912028 0.00461388515220242 7.74170935012499e-06 0.00753981401816711 
2.33638243368559e-05 0.982503611023257 0.0127288309899372 0.00474419416246865 
0.00474419416246865 0.0127288309899372 0.982503611023257 2.33638243368559e-05 
0.00753981401816711 7.74170935012499e-06 0.00461388515220242 0.98783855912028 

0.987831584351963 0.0050350773841793 7.52651972230085e-05 0.0070580730666347 
0.00170770904230174 0.982558964784666 0.0156976166359893 3.57095370426025e-05 
3.57095370426025e-05 0.0156976166359893 0.982558964784666 0.00170770904230174 
0.0070580730666347 7.52651972230085e-05 0.0050350773841793 0.987831584351963 

0.97654462802156 5.84654821293414e-07 0.000941771657410425 0.0225130156662081 
2.74955917404368e-06 0.994023948456832 0.00127832559293534 0.0046949763910585 
0.0046949763910585 0.00127832559293534 0.994023948456832 2.74955917404368e-06 
0.0225130156662081 0.000941771657410425 5.84654821293414e-07 0.97654462802156 

0.977486646993901 0.000885795578863935 0.00406389195535549 0.0175636654718795 
0.00212668568670282 0.992975104968528 0.0011048320866312 0.00379337725813823 
0.00379337725813823 0.0011048320866312 0.992975104968528 0.00212668568670282 
0.0175636654718795 0.00406389195535549 0.000885795578863935 0.977486646993901 


