4 5

0.174758269218728 0.325241730781272 0.325241730781272 0.174758269218728 

0.988235709048687 0.00830696331465774 0.000596911208003657 0.00286041642865165 
0.00371147057644031 0.99190499894728 0.000473794095360636 0.00390973638091937 
0.00390973638091937 0.000473794095360636 0.99190499894728 0.00371147057644031 
0.00286041642865165 0.000596911208003657 0.00830696331465774 0.988235709048687 

0.994683544272479 0.00211631539958155 6.49202480442965e-06 0.00319364830313512 
0.000378258144682283 0.985535195966716 0.013438156631327 0.000648389257274177 
0.000648389257274177 0.013438156631327 0.985535195966716 0.000378258144682283 
0.00319364830313512 6.49202480442965e-06 0.00211631539958155 0.994683544272479 

0.986562714961642 0.00283881971780184 0.000172409083301876 0.0104260562372543 
0.000868391595398899 0.993620332905525 0.00508590773807671 0.000425367760999073 
0.000425367760999073 0.00508590773807671 0.993620332905525 0.000868391595398899 
0.0104260562372543 0.000172409083301876 0.00283881971780184 0.986562714961642 

0.998278796477629 0.000226461228413112 0.00100459145390693 0.000490150840050663 
0.0167253173307578 0.981893991465544 5.69514554893402e-06 0.001374996058149 
0.001374996058149 5.69514554893402e-06 0.981893991465544 0.0167253173307578 
0.000490150840050663 0.00100459145390693 0.000226461228413112 0.998278796477629 

0.98246793453144 6.95313236128593e-09 1.06612789455672e-09 0.0175320574493 
1.60114125682486e-06 0.997851444191867 0.00214688109478461 7.35720915070504e-08 
7.35720915070504e-08 0.00214688109478461 0.997851444191867 1.60114125682486e-06 
0.0175320574493 1.06612789455672e-09 6.95313236128593e-09 0.98246793453144 


