4 5

0.12758330674842 0.37241669325158 0.37241669325158 0.12758330674842 

0.471419514580256 0.135024498552481 0.307559879102759 0.0859961077645032 
0.12805133276306 0.312739296654798 0.190999674001206 0.368209696580935 
0.368209696580935 0.190999674001206 0.312739296654798 0.12805133276306 
0.0859961077645032 0.307559879102759 0.135024498552481 0.471419514580256 

0.729808563454299 0.12662733290996 0.0110188446527398 0.132545258983001 
0.286716010115088 0.357469125635048 0.309814788946229 0.0460000753036355 
0.0460000753036355 0.309814788946229 0.357469125635048 0.286716010115088 
0.132545258983001 0.0110188446527398 0.12662733290996 0.729808563454299 

0.48872554972633 0.00105838910508772 0.0699487913269139 0.440267269841668 
0.0201855037881457 0.547261565696164 0.119979683090728 0.312573247424962 
0.312573247424962 0.119979683090728 0.547261565696164 0.0201855037881457 
0.440267269841668 0.0699487913269139 0.00105838910508772 0.48872554972633 

0.299531004489068 0.28600153908268 0.161953373248409 0.252514083179844 
0.279235687888614 0.656528430355464 0.0157980391110696 0.0484378426448528 
0.0484378426448528 0.0157980391110696 0.656528430355464 0.279235687888614 
0.252514083179844 0.161953373248409 0.28600153908268 0.299531004489068 

0.25250668371775 0.089950606040994 0.547333839683787 0.110208870557469 
0.0302285477279862 0.577942950585871 0.268974600549217 0.122853901136926 
0.122853901136926 0.268974600549217 0.577942950585871 0.0302285477279862 
0.110208870557469 0.547333839683787 0.089950606040994 0.25250668371775 


