4 5

0.322536992956884 0.177463007043116 0.177463007043116 0.322536992956884 

0.976887898063868 0.00375183060216272 0.000471809161880558 0.0188884621720886 
0.0128860024620246 0.983755379143533 0.000937954756659309 0.00242066363778353 
0.00242066363778353 0.000937954756659309 0.983755379143533 0.0128860024620246 
0.0188884621720886 0.000471809161880558 0.00375183060216272 0.976887898063868 

0.983415992709057 0.0133386385234714 0.000744385132038203 0.00250098363543361 
0.000521547575960161 0.977171622855656 0.018093656545105 0.00421317302327836 
0.00421317302327836 0.018093656545105 0.977171622855656 0.000521547575960161 
0.00250098363543361 0.000744385132038203 0.0133386385234714 0.983415992709057 

0.977499423846956 1.81136149247441e-05 0.0104757300924959 0.0120067324456237 
0.000544075505171158 0.983113109649677 0.00511288612239802 0.0112299287227537 
0.0112299287227537 0.00511288612239802 0.983113109649677 0.000544075505171158 
0.0120067324456237 0.0104757300924959 1.81136149247441e-05 0.977499423846956 

0.988392805630163 0.00331285789495691 0.0067747238995797 0.0015196125753007 
0.0225050991422431 0.972163244625636 0.00495552513992376 0.000376131092197357 
0.000376131092197357 0.00495552513992376 0.972163244625636 0.0225050991422431 
0.0015196125753007 0.0067747238995797 0.00331285789495691 0.988392805630163 

0.971904728496662 0.00849967453768191 0.00188324723910377 0.0177123497265519 
0.00010486733010115 0.988766981142552 0.00811822537040585 0.00300992615694121 
0.00300992615694121 0.00811822537040585 0.988766981142552 0.00010486733010115 
0.0177123497265519 0.00188324723910377 0.00849967453768191 0.971904728496662 


