4 5

0.42833246907685 0.0716675309231505 0.0716675309231505 0.42833246907685 

0.844273433733544 0.0169478369593107 0.13259416671476 0.00618456259238515 
0.00709884266028621 0.366954944973408 0.275163912904363 0.350782299461942 
0.350782299461942 0.275163912904363 0.366954944973408 0.00709884266028621 
0.00618456259238515 0.13259416671476 0.0169478369593107 0.844273433733544 

0.451591655932533 0.179976749686577 0.026390159909677 0.342041434471213 
0.140703956519261 0.431926998098797 0.172108397364431 0.255260648017511 
0.255260648017511 0.172108397364431 0.431926998098797 0.140703956519261 
0.342041434471213 0.026390159909677 0.179976749686577 0.451591655932533 

0.538383232168874 0.0172861125839916 0.0155414421367623 0.428789213110372 
0.174077471631415 0.518912995812147 0.304888398393538 0.00212113416290004 
0.00212113416290004 0.304888398393538 0.518912995812147 0.174077471631415 
0.428789213110372 0.0155414421367623 0.0172861125839916 0.538383232168874 

0.333308583614663 0.489125549768956 0.0027349981224552 0.174830868493926 
0.163434570347456 0.74125939950331 0.0286218684023215 0.0666841617469118 
0.0666841617469118 0.0286218684023215 0.74125939950331 0.163434570347456 
0.174830868493926 0.0027349981224552 0.489125549768956 0.333308583614663 

0.497899141468015 0.0140849788522565 0.0877548509945893 0.40026102868514 
0.0442468406937211 0.589642033071665 0.089874170083493 0.276236956151121 
0.276236956151121 0.089874170083493 0.589642033071665 0.0442468406937211 
0.40026102868514 0.0877548509945893 0.0140849788522565 0.497899141468015 


