4 5

0.463609343278222 0.0363906567217782 0.0363906567217782 0.463609343278222 

0.995380385890469 0.000459139004643714 0.000558581139436256 0.00360189396545119 
0.00208595823777487 0.975205810797715 0.0220226408248098 0.000685590139700856 
0.000685590139700856 0.0220226408248098 0.975205810797715 0.00208595823777487 
0.00360189396545119 0.000558581139436256 0.000459139004643714 0.995380385890469 

0.988724668364112 0.00470831271296223 0.000161547536117312 0.00640547138680858 
0.00379157122445575 0.98165780464919 0.0144761769932185 7.44471331356263e-05 
7.44471331356263e-05 0.0144761769932185 0.98165780464919 0.00379157122445575 
0.00640547138680858 0.000161547536117312 0.00470831271296223 0.988724668364112 

0.977008439628885 0.0204476228901792 0.00014179315016391 0.00240214433077185 
0.00350768156181797 0.993361936347384 0.00237501535317564 0.000755366737622271 
0.000755366737622271 0.00237501535317564 0.993361936347384 0.00350768156181797 
0.00240214433077185 0.00014179315016391 0.0204476228901792 0.977008439628885 

0.989594500447729 0.00226950625618477 0.00101853310401473 0.00711746019207132 
0.000479382195994695 0.980731620955075 0.00953057608186242 0.00925842076706767 
0.00925842076706767 0.00953057608186242 0.980731620955075 0.000479382195994695 
0.00711746019207132 0.00101853310401473 0.00226950625618477 0.989594500447729 

0.985891379927492 0.00627912221467421 0.00111350343684656 0.00671599442098697 
0.00199313817746107 0.984384297765749 0.00287226690405745 0.0107502971527329 
0.0107502971527329 0.00287226690405745 0.984384297765749 0.00199313817746107 
0.00671599442098697 0.00111350343684656 0.00627912221467421 0.985891379927492 


