4 5

0.494363681180403 0.00563631881959736 0.00563631881959736 0.494363681180403 

0.993490661316942 0.000360055022719116 0.00093958833199255 0.00520969532834659 
0.00484686812776651 0.976967682815051 0.0169810936692121 0.00120435538797033 
0.00120435538797033 0.0169810936692121 0.976967682815051 0.00484686812776651 
0.00520969532834659 0.00093958833199255 0.000360055022719116 0.993490661316942 

0.988675946261687 0.000428287179767271 0.00691584274614533 0.00397992381240053 
0.0173176286910558 0.981579979741877 0.000508184459889094 0.00059420710717783 
0.00059420710717783 0.000508184459889094 0.981579979741877 0.0173176286910558 
0.00397992381240053 0.00691584274614533 0.000428287179767271 0.988675946261687 

0.982214360229177 0.000513703814116955 0.00136042905108759 0.0159115069056181 
0.00125876085704426 0.988167117608367 0.00455144420535813 0.00602267732923088 
0.00602267732923088 0.00455144420535813 0.988167117608367 0.00125876085704426 
0.0159115069056181 0.00136042905108759 0.000513703814116955 0.982214360229177 

0.975228150941231 0.00815287341147527 0.00200225407116243 0.0146167215761309 
0.00184075705727818 0.995227310788145 0.00291240042255703 1.95317320193802e-05 
1.95317320193802e-05 0.00291240042255703 0.995227310788145 0.00184075705727818 
0.0146167215761309 0.00200225407116243 0.00815287341147527 0.975228150941231 

0.991524261634446 0.00726896962788225 0.00116613315133641 4.06355863351582e-05 
0.00693262752639962 0.97880788903461 0.00138317292457557 0.0128763105144146 
0.0128763105144146 0.00138317292457557 0.97880788903461 0.00693262752639962 
4.06355863351582e-05 0.00116613315133641 0.00726896962788225 0.991524261634446 


