4 5

0.118069475865923 0.381930524134077 0.381930524134077 0.118069475865923 

0.434779836457776 0.435235963569723 0.0660968950041365 0.0638873049683645 
0.0372719095486164 0.545201815102889 0.408172295095628 0.00935398025286723 
0.00935398025286723 0.408172295095628 0.545201815102889 0.0372719095486164 
0.0638873049683645 0.0660968950041365 0.435235963569723 0.434779836457776 

0.514045994709114 0.00265958222424358 0.0285568507927081 0.454737572273934 
0.0901280627806556 0.610630304079437 0.294742798883042 0.00449883425686595 
0.00449883425686595 0.294742798883042 0.610630304079437 0.0901280627806556 
0.454737572273934 0.0285568507927081 0.00265958222424358 0.514045994709114 

0.40314763757481 0.27003524740011 0.0597680998810513 0.267049015144029 
0.226818768696642 0.676778692091164 0.0553097198502342 0.0410928193619595 
0.0410928193619595 0.0553097198502342 0.676778692091164 0.226818768696642 
0.267049015144029 0.0597680998810513 0.27003524740011 0.40314763757481 

0.675917221464378 0.0273095825751549 0.00877955686615321 0.287993639094314 
0.264549250624253 0.386107727897345 0.303408294904849 0.0459347265735526 
0.0459347265735526 0.303408294904849 0.386107727897345 0.264549250624253 
0.287993639094314 0.00877955686615321 0.0273095825751549 0.675917221464378 

0.944129133995906 0.00877721433829947 0.0175977349915588 0.029495916674236 
0.102887905727031 0.441767684398522 0.418386195599067 0.0369582142753804 
0.0369582142753804 0.418386195599067 0.441767684398522 0.102887905727031 
0.029495916674236 0.0175977349915588 0.00877721433829947 0.944129133995906 


