4 5

0.0649810007307678 0.435018999269232 0.435018999269232 0.0649810007307678 

0.985901622673855 0.00131580749028636 0.00605522382610014 0.00672734600975844 
0.000751116695692657 0.99425715833918 0.00274664377016731 0.00224508119496043 
0.00224508119496043 0.00274664377016731 0.99425715833918 0.000751116695692657 
0.00672734600975844 0.00605522382610014 0.00131580749028636 0.985901622673855 

0.991683567776911 0.000607583970968831 0.00271951623668143 0.00498933201543839 
0.00914698681291426 0.988442784144526 0.000225451220335182 0.00218477782222404 
0.00218477782222404 0.000225451220335182 0.988442784144526 0.00914698681291426 
0.00498933201543839 0.00271951623668143 0.000607583970968831 0.991683567776911 

0.991963630094813 0.00196672130031599 0.000549350914536851 0.00552029769033391 
0.00185289342914637 0.988204666909093 0.00950888875754435 0.000433550904216303 
0.000433550904216303 0.00950888875754435 0.988204666909093 0.00185289342914637 
0.00552029769033391 0.000549350914536851 0.00196672130031599 0.991963630094813 

0.981617793113716 0.00241689329016683 0.0106243830143129 0.00534093058180407 
5.08652830149055e-06 0.998571270182238 0.00130109669712303 0.000122546592337191 
0.000122546592337191 0.00130109669712303 0.998571270182238 5.08652830149055e-06 
0.00534093058180407 0.0106243830143129 0.00241689329016683 0.981617793113716 

0.994663465664079 0.00156040407202709 1.8634734761024e-05 0.00375749552913318 
0.00173703420003412 0.98554563452456 0.0124212643481644 0.000296066927241163 
0.000296066927241163 0.0124212643481644 0.98554563452456 0.00173703420003412 
0.00375749552913318 1.8634734761024e-05 0.00156040407202709 0.994663465664079 


