4 5

0.212616248289123 0.287383751710877 0.287383751710877 0.212616248289123 

0.509025072473365 0.0370241192619572 0.0103675593599507 0.443583248904727 
0.046107406584672 0.540233356077629 0.205462848384169 0.20819638895353 
0.20819638895353 0.205462848384169 0.540233356077629 0.046107406584672 
0.443583248904727 0.0103675593599507 0.0370241192619572 0.509025072473365 

0.240044757691036 0.372029262652257 0.228068006217672 0.159857973439035 
0.0266056563684318 0.789471822837738 0.115039423805895 0.0688830969879348 
0.0688830969879348 0.115039423805895 0.789471822837738 0.0266056563684318 
0.159857973439035 0.228068006217672 0.372029262652257 0.240044757691036 

0.253232948747224 0.0681068711121795 0.441390346694348 0.237269833446248 
0.145651399851015 0.613519431719518 0.22691120988467 0.0139179585447969 
0.0139179585447969 0.22691120988467 0.613519431719518 0.145651399851015 
0.237269833446248 0.441390346694348 0.0681068711121795 0.253232948747224 

0.51392061573465 0.0092520209526632 0.00777428726410922 0.469053076048578 
0.0807266278613814 0.675311237306302 0.196816451109372 0.0471456837229446 
0.0471456837229446 0.196816451109372 0.675311237306302 0.0807266278613814 
0.469053076048578 0.00777428726410922 0.0092520209526632 0.51392061573465 

0.661181680127487 0.108693318758442 0.22390432285689 0.00622067825718081 
0.0016340042652614 0.508527016909516 0.459458776392935 0.0303802024322875 
0.0303802024322875 0.459458776392935 0.508527016909516 0.0016340042652614 
0.00622067825718081 0.22390432285689 0.108693318758442 0.661181680127487 


