4 5

0.412428711424582 0.0875712885754183 0.0875712885754183 0.412428711424582 

0.479280762672339 0.0103509438026559 0.0531267164723219 0.457241577052683 
0.0314664277115724 0.922430145449725 0.036354857977056 0.00974856886164651 
0.00974856886164651 0.036354857977056 0.922430145449725 0.0314664277115724 
0.457241577052683 0.0531267164723219 0.0103509438026559 0.479280762672339 

0.748023005407888 0.0449241953821836 0.00332509930580385 0.203727699904124 
0.139308287484387 0.454028713324212 0.402078522971266 0.00458447622013557 
0.00458447622013557 0.402078522971266 0.454028713324212 0.139308287484387 
0.203727699904124 0.00332509930580385 0.0449241953821836 0.748023005407888 

0.440931929194634 0.123243144849072 0.359861679687879 0.075963246268416 
0.00860242664857142 0.558895447406947 0.136930090169634 0.295572035774847 
0.295572035774847 0.136930090169634 0.558895447406947 0.00860242664857142 
0.075963246268416 0.359861679687879 0.123243144849072 0.440931929194634 

0.622421114844224 0.0472372509429096 0.0982373495165867 0.232104284696279 
0.432062012840865 0.274978095002758 0.125733114612727 0.16722677754365 
0.16722677754365 0.125733114612727 0.274978095002758 0.432062012840865 
0.232104284696279 0.0982373495165867 0.0472372509429096 0.622421114844224 

0.370857759419631 0.458374812396047 0.00335430510155577 0.167413123082766 
0.11473500781278 0.633520429537938 0.219290635603268 0.0324539270460141 
0.0324539270460141 0.219290635603268 0.633520429537938 0.11473500781278 
0.167413123082766 0.00335430510155577 0.458374812396047 0.370857759419631 


