4 5

0.213136157835834 0.286863842164166 0.286863842164166 0.213136157835834 

0.564891616895488 0.0617948307860128 0.0037271032926176 0.369586449025881 
0.0186524613908509 0.4712403327996 0.384381755592606 0.125725450216943 
0.125725450216943 0.384381755592606 0.4712403327996 0.0186524613908509 
0.369586449025881 0.0037271032926176 0.0617948307860128 0.564891616895488 

0.558934993471633 0.0219861376432234 0.109876073000339 0.309202795884804 
0.0719271385910991 0.448898506030783 0.282872930893131 0.196301424484987 
0.196301424484987 0.282872930893131 0.448898506030783 0.0719271385910991 
0.309202795884804 0.109876073000339 0.0219861376432234 0.558934993471633 

0.723897756210469 0.0491844720237153 0.145595845055878 0.0813219267099377 
0.0197169292032323 0.470205075857621 0.418307005152322 0.0917709897868246 
0.0917709897868246 0.418307005152322 0.470205075857621 0.0197169292032323 
0.0813219267099377 0.145595845055878 0.0491844720237153 0.723897756210469 

0.195284071344276 0.703109321482791 0.0956526883557621 0.00595391881717024 
0.0445166086195895 0.857491458022164 0.0948154027923556 0.00317653056589088 
0.00317653056589088 0.0948154027923556 0.857491458022164 0.0445166086195895 
0.00595391881717024 0.0956526883557621 0.703109321482791 0.195284071344276 

0.81206005310117 0.00296209757232397 0.049901162400536 0.13507668692597 
0.00177816579477793 0.510910116680771 0.481872078488131 0.00543963903632009 
0.00543963903632009 0.481872078488131 0.510910116680771 0.00177816579477793 
0.13507668692597 0.049901162400536 0.00296209757232397 0.81206005310117 


