4 5

0.389933588216081 0.110066411783919 0.110066411783919 0.389933588216081 

0.997586483560775 0.00180094558815463 0.000357532811842095 0.000255038039228217 
0.0127260226176368 0.982595148440249 0.00126306809177246 0.00341576085034221 
0.00341576085034221 0.00126306809177246 0.982595148440249 0.0127260226176368 
0.000255038039228217 0.000357532811842095 0.00180094558815463 0.997586483560775 

0.989204401922809 0.00020204904084627 0.0100300812594973 0.000563467776847737 
0.000562563781430214 0.990932768119481 0.00846655026832721 3.81178307614087e-05 
3.81178307614087e-05 0.00846655026832721 0.990932768119481 0.000562563781430214 
0.000563467776847737 0.0100300812594973 0.00020204904084627 0.989204401922809 

0.983469553768473 0.00108750473762253 0.0149673888882209 0.00047555260568316 
0.00241856514586873 0.996688554413053 0.000128311484737076 0.000764568956341323 
0.000764568956341323 0.000128311484737076 0.996688554413053 0.00241856514586873 
0.00047555260568316 0.0149673888882209 0.00108750473762253 0.983469553768473 

0.990608130947643 0.00110270623900758 0.00560640450742319 0.00268275830592646 
0.00109005152906444 0.989540506428469 0.0092442091877154 0.000125232854751356 
0.000125232854751356 0.0092442091877154 0.989540506428469 0.00109005152906444 
0.00268275830592646 0.00560640450742319 0.00110270623900758 0.990608130947643 

0.996401128209061 0.00241180970579757 2.99964650606367e-05 0.00115706562008105 
2.78300724776873e-05 0.983854539711443 0.0150290159104186 0.00108861430566116 
0.00108861430566116 0.0150290159104186 0.983854539711443 2.78300724776873e-05 
0.00115706562008105 2.99964650606367e-05 0.00241180970579757 0.996401128209061 


