4 5

0.206938251969405 0.293061748030595 0.293061748030595 0.206938251969405 

0.982612779504541 0.0117589291125304 0.00168275136403129 0.00394554001889763 
0.00493221826014662 0.987695359507731 0.00227966418686615 0.00509275804525583 
0.00509275804525583 0.00227966418686615 0.987695359507731 0.00493221826014662 
0.00394554001889763 0.00168275136403129 0.0117589291125304 0.982612779504541 

0.989554191961654 0.000452869707547236 3.47941185227684e-06 0.00998945891894631 
0.000327650277099684 0.980918948731608 0.0187489118357673 4.48915552542781e-06 
4.48915552542781e-06 0.0187489118357673 0.980918948731608 0.000327650277099684 
0.00998945891894631 3.47941185227684e-06 0.000452869707547236 0.989554191961654 

0.996717719535363 0.00146723991760928 0.00178520835779111 2.98321892365228e-05 
0.00307077165240242 0.973830487082442 0.0185535462945898 0.00454519497056585 
0.00454519497056585 0.0185535462945898 0.973830487082442 0.00307077165240242 
2.98321892365228e-05 0.00178520835779111 0.00146723991760928 0.996717719535363 

0.987796734230932 0.00160590908077175 0.00684129901199092 0.00375605767630538 
0.00901174013191799 0.982491668934192 0.00553412790641061 0.00296246302747925 
0.00296246302747925 0.00553412790641061 0.982491668934192 0.00901174013191799 
0.00375605767630538 0.00684129901199092 0.00160590908077175 0.987796734230932 

0.976940760284759 0.00530922448936368 0.0146719991010049 0.0030780161248728 
0.00128880443492615 0.993378866717052 0.00519596143672335 0.000136367411298998 
0.000136367411298998 0.00519596143672335 0.993378866717052 0.00128880443492615 
0.0030780161248728 0.0146719991010049 0.00530922448936368 0.976940760284759 


