4 5

0.12632236618083 0.37367763381917 0.37367763381917 0.12632236618083 

0.733368563266465 0.00572902041242543 0.240020500006516 0.0208819163145939 
0.0660675736655483 0.251003521149554 0.00530334971051107 0.677625555474386 
0.677625555474386 0.00530334971051107 0.251003521149554 0.0660675736655483 
0.0208819163145939 0.240020500006516 0.00572902041242543 0.733368563266465 

0.438932525372808 0.310758815108656 0.0426360027081518 0.207672656810384 
0.279663336600999 0.500982155341069 0.197674610503212 0.0216798975547209 
0.0216798975547209 0.197674610503212 0.500982155341069 0.279663336600999 
0.207672656810384 0.0426360027081518 0.310758815108656 0.438932525372808 

0.570031260808215 0.0968027642195677 0.0167877913066583 0.316378183665559 
0.306265764435869 0.389156817843421 0.293664331614412 0.0109130861062982 
0.0109130861062982 0.293664331614412 0.389156817843421 0.306265764435869 
0.316378183665559 0.0167877913066583 0.0968027642195677 0.570031260808215 

0.639978467008089 0.0446987825692298 0.270728724893115 0.044594025529567 
0.0148650983742898 0.473457871984309 0.457691053740157 0.0539859759012443 
0.0539859759012443 0.457691053740157 0.473457871984309 0.0148650983742898 
0.044594025529567 0.270728724893115 0.0446987825692298 0.639978467008089 

0.433894975169528 0.0309877638052079 0.119884999068248 0.415232261957016 
0.02118721222533 0.670091869029903 0.192590483892762 0.116130434852005 
0.116130434852005 0.192590483892762 0.670091869029903 0.02118721222533 
0.415232261957016 0.119884999068248 0.0309877638052079 0.433894975169528 


