4 5

0.463486777269281 0.0365132227307186 0.0365132227307186 0.463486777269281 

0.98438302268781 0.00103065367559857 0.00966440484611125 0.00492191879047987 
0.00733853035614336 0.985886202729098 0.00607065106790039 0.000704615846858366 
0.000704615846858366 0.00607065106790039 0.985886202729098 0.00733853035614336 
0.00492191879047987 0.00966440484611125 0.00103065367559857 0.98438302268781 

0.989718246495915 0.00797011559653938 0.00174863816875892 0.000562999738786318 
0.0185741542976836 0.980677722873832 0.00022774539509568 0.000520377433388407 
0.000520377433388407 0.00022774539509568 0.980677722873832 0.0185741542976836 
0.000562999738786318 0.00174863816875892 0.00797011559653938 0.989718246495915 

0.986551800552565 0.00637061244590986 0.000581262433450912 0.00649632456807392 
0.000439298201304843 0.983767663437028 0.0115073013540973 0.00428573700756962 
0.00428573700756962 0.0115073013540973 0.983767663437028 0.000439298201304843 
0.00649632456807392 0.000581262433450912 0.00637061244590986 0.986551800552565 

0.974875125623851 3.6712067276558e-05 0.0135983296540352 0.0114898326548373 
2.68163234422245e-05 0.995546219425144 0.00333390133354833 0.00109306291786563 
0.00109306291786563 0.00333390133354833 0.995546219425144 2.68163234422245e-05 
0.0114898326548373 0.0135983296540352 3.6712067276558e-05 0.974875125623851 

0.995418344285547 0.00133443943237327 4.27633490203728e-05 0.00320445293305982 
0.000484079192530535 0.975140626202689 0.0208367500354107 0.00353854456936957 
0.00353854456936957 0.0208367500354107 0.975140626202689 0.000484079192530535 
0.00320445293305982 4.27633490203728e-05 0.00133443943237327 0.995418344285547 


