4 5

0.443499283748679 0.0565007162513211 0.0565007162513211 0.443499283748679 

0.993867923775913 0.00279482726270824 3.98306498305462e-05 0.00329741831154862 
0.000312062890133559 0.986281349507644 0.00750796275492732 0.00589862484729538 
0.00589862484729538 0.00750796275492732 0.986281349507644 0.000312062890133559 
0.00329741831154862 3.98306498305462e-05 0.00279482726270824 0.993867923775913 

0.990978980831828 0.00731866620236538 0.00170071946278843 1.63350301818355e-06 
0.00151696024553013 0.989148352737745 0.000260321631839922 0.00907436538488463 
0.00907436538488463 0.000260321631839922 0.989148352737745 0.00151696024553013 
1.63350301818355e-06 0.00170071946278843 0.00731866620236538 0.990978980831828 

0.99423051783052 2.25611573374215e-05 0.00194613774460664 0.00380078326753613 
7.08011301592238e-06 0.985954249048236 0.0102047528279305 0.00383391801081751 
0.00383391801081751 0.0102047528279305 0.985954249048236 7.08011301592238e-06 
0.00380078326753613 0.00194613774460664 2.25611573374215e-05 0.99423051783052 

0.987921603972775 0.010438798343443 0.000881603757721715 0.000757993926060796 
0.00606415492215259 0.992248215198991 0.00134519509272552 0.000342434786131194 
0.000342434786131194 0.00134519509272552 0.992248215198991 0.00606415492215259 
0.000757993926060796 0.000881603757721715 0.010438798343443 0.987921603972775 

0.985671247468981 0.000346697681059529 0.00315204052910525 0.0108300143208541 
0.00239517143634544 0.994513455489481 0.00299777593454881 9.35971396243578e-05 
9.35971396243578e-05 0.00299777593454881 0.994513455489481 0.00239517143634544 
0.0108300143208541 0.00315204052910525 0.000346697681059529 0.985671247468981 


