4 5

0.498476263252087 0.00152373674791306 0.00152373674791306 0.498476263252087 

0.989522016633801 0.00158861331216964 0.00229586223015543 0.00659350782387419 
0.000228258811148538 0.980907217389237 0.0177765881083982 0.00108793569121666 
0.00108793569121666 0.0177765881083982 0.980907217389237 0.000228258811148538 
0.00659350782387419 0.00229586223015543 0.00158861331216964 0.989522016633801 

0.992782113902801 0.000170860094778284 0.000642929208207972 0.00640409679421255 
0.00258882563959138 0.977667735788064 0.0167829517085843 0.00296048686376029 
0.00296048686376029 0.0167829517085843 0.977667735788064 0.00258882563959138 
0.00640409679421255 0.000642929208207972 0.000170860094778284 0.992782113902801 

0.993151683823817 0.000307027355262839 5.82234695615754e-05 0.00648306535135873 
0.011098579021672 0.977208959446187 0.009617642010396 0.00207481952174505 
0.00207481952174505 0.009617642010396 0.977208959446187 0.011098579021672 
0.00648306535135873 5.82234695615754e-05 0.000307027355262839 0.993151683823817 

0.987489239547302 0.00292992443679471 0.000282494501253537 0.00929834151465014 
0.000709781472425603 0.98279107032322 0.00156654237203779 0.0149326058323171 
0.0149326058323171 0.00156654237203779 0.98279107032322 0.000709781472425603 
0.00929834151465014 0.000282494501253537 0.00292992443679471 0.987489239547302 

0.97652883364243 0.000199718309024567 0.00115460359103168 0.022116844457514 
0.0047904903411856 0.994027019201322 0.00104545553158697 0.000137034925905242 
0.000137034925905242 0.00104545553158697 0.994027019201322 0.0047904903411856 
0.022116844457514 0.00115460359103168 0.000199718309024567 0.97652883364243 


