4 5

0.263052983907983 0.236947016092017 0.236947016092017 0.263052983907983 

0.424170944300276 0.0309087419245027 0.249105135159396 0.295815178615826 
0.0133885490665793 0.558138632228592 0.218224642977677 0.210248175727152 
0.210248175727152 0.218224642977677 0.558138632228592 0.0133885490665793 
0.295815178615826 0.249105135159396 0.0309087419245027 0.424170944300276 

0.495558616678908 0.00835457732518962 0.00118326283341897 0.494903543162484 
0.209963973734697 0.443333179070391 0.0787777746757814 0.26792507251913 
0.26792507251913 0.0787777746757814 0.443333179070391 0.209963973734697 
0.494903543162484 0.00118326283341897 0.00835457732518962 0.495558616678908 

0.50875477765979 0.0103551371807275 0.00389899376777938 0.476991091391703 
0.00768610443045072 0.498372819222947 0.487290334322834 0.00665074202376856 
0.00665074202376856 0.487290334322834 0.498372819222947 0.00768610443045072 
0.476991091391703 0.00389899376777938 0.0103551371807275 0.50875477765979 

0.928746521686307 0.0527173889247581 0.00167582514924807 0.0168602642396869 
0.00670624503350093 0.49593903925423 0.495286736336707 0.00206797937556179 
0.00206797937556179 0.495286736336707 0.49593903925423 0.00670624503350093 
0.0168602642396869 0.00167582514924807 0.0527173889247581 0.928746521686307 

0.395397024660456 0.161995086248336 0.378731235672861 0.0638766534183473 
0.0393081649433934 0.424079131477615 0.26628352860504 0.270329174973952 
0.270329174973952 0.26628352860504 0.424079131477615 0.0393081649433934 
0.0638766534183473 0.378731235672861 0.161995086248336 0.395397024660456 


