4 5

0.113682084716856 0.386317915283144 0.386317915283144 0.113682084716856 

0.964455122854086 0.0176706147219599 0.00559940474026528 0.0122748576836892 
0.000399763170606153 0.996300069960716 0.00109141415394198 0.00220875271473635 
0.00220875271473635 0.00109141415394198 0.996300069960716 0.000399763170606153 
0.0122748576836892 0.00559940474026528 0.0176706147219599 0.964455122854086 

0.963554763570033 0.00233636207688342 0.000105584727766951 0.0340032896253168 
4.16221487491069e-05 0.997754077191531 0.00220227239111359 2.02826860599423e-06 
2.02826860599423e-06 0.00220227239111359 0.997754077191531 4.16221487491069e-05 
0.0340032896253168 0.000105584727766951 0.00233636207688342 0.963554763570033 

0.964080511854371 0.00257945759432866 0.0219648586417541 0.0113751719095458 
0.00163092075008212 0.996672043732363 0.00117943817209287 0.000517597345462387 
0.000517597345462387 0.00117943817209287 0.996672043732363 0.00163092075008212 
0.0113751719095458 0.0219648586417541 0.00257945759432866 0.964080511854371 

0.984917352176228 6.45888651595958e-07 0.00733199242150137 0.00775000951361865 
1.76803503502444e-06 0.975718965208207 0.0152186657515529 0.00906060100520469 
0.00906060100520469 0.0152186657515529 0.975718965208207 1.76803503502444e-06 
0.00775000951361865 0.00733199242150137 6.45888651595958e-07 0.984917352176228 

0.980581644727814 0.00768452118400048 0.000223256401497178 0.0115105776866882 
0.00168715336929202 0.979977133338338 0.0125486360825133 0.00578707720985618 
0.00578707720985618 0.0125486360825133 0.979977133338338 0.00168715336929202 
0.0115105776866882 0.000223256401497178 0.00768452118400048 0.980581644727814 


