4 5

0.291442711604759 0.208557288395241 0.208557288395241 0.291442711604759 

0.480412866083866 0.403774111089699 0.0184104056245028 0.0974026172019328 
0.129143925291085 0.543645957354153 0.315814634212077 0.011395483142685 
0.011395483142685 0.315814634212077 0.543645957354153 0.129143925291085 
0.0974026172019328 0.0184104056245028 0.403774111089699 0.480412866083866 

0.462622341650865 0.156613199725577 0.0468390078368237 0.333925450786735 
0.0562406734665893 0.482149867414389 0.318114458949327 0.143495000169695 
0.143495000169695 0.318114458949327 0.482149867414389 0.0562406734665893 
0.333925450786735 0.0468390078368237 0.156613199725577 0.462622341650865 

0.225596130290608 0.125075403272149 0.592955885688626 0.0563725807486177 
0.0230939462341325 0.67425437433446 0.297563394843339 0.00508828458806925 
0.00508828458806925 0.297563394843339 0.67425437433446 0.0230939462341325 
0.0563725807486177 0.592955885688626 0.125075403272149 0.225596130290608 

0.316768043218307 0.194686228522637 0.317250371675173 0.171295356583884 
0.282663108977049 0.613377015659435 0.0656292677430723 0.0383306076204434 
0.0383306076204434 0.0656292677430723 0.613377015659435 0.282663108977049 
0.171295356583884 0.317250371675173 0.194686228522637 0.316768043218307 

0.459820732859724 0.134900565075319 0.0197357142920654 0.385542987772892 
0.124459295333484 0.567852949222945 0.167566332576732 0.140121422866838 
0.140121422866838 0.167566332576732 0.567852949222945 0.124459295333484 
0.385542987772892 0.0197357142920654 0.134900565075319 0.459820732859724 


