4 5

0.346430816338398 0.153569183661602 0.153569183661602 0.346430816338398 

0.977363289581388 0.00947123904706642 0.00311151949418682 0.0100539518773593 
0.000773692241958505 0.992997996389412 0.00131338422951482 0.00491492713911473 
0.00491492713911473 0.00131338422951482 0.992997996389412 0.000773692241958505 
0.0100539518773593 0.00311151949418682 0.00947123904706642 0.977363289581388 

0.985316295053567 0.000285196142591511 0.0134353311312344 0.000963177672607396 
0.0123964645560969 0.984922567385686 0.0019948512428154 0.000686116815401648 
0.000686116815401648 0.0019948512428154 0.984922567385686 0.0123964645560969 
0.000963177672607396 0.0134353311312344 0.000285196142591511 0.985316295053567 

0.993478388228743 0.00283667955124597 0.000381137578353927 0.00330379464165687 
0.000310468029688564 0.976971850098343 0.0169908407993259 0.0057268410726429 
0.0057268410726429 0.0169908407993259 0.976971850098343 0.000310468029688564 
0.00330379464165687 0.000381137578353927 0.00283667955124597 0.993478388228743 

0.988518913225023 0.00188905337841334 0.00495194105060098 0.00464009234596247 
0.00113665240528409 0.981872751367003 0.0166754445544079 0.000315151673304937 
0.000315151673304937 0.0166754445544079 0.981872751367003 0.00113665240528409 
0.00464009234596247 0.00495194105060098 0.00188905337841334 0.988518913225023 

0.994705350661799 0.000304005638913301 0.00274677846593286 0.00224386523335462 
0.0223639690753172 0.975625539222826 8.74594227266434e-05 0.00192303227913019 
0.00192303227913019 8.74594227266434e-05 0.975625539222826 0.0223639690753172 
0.00224386523335462 0.00274677846593286 0.000304005638913301 0.994705350661799 


