4 5

0.125183650525287 0.374816349474713 0.374816349474713 0.125183650525287 

0.994017002777597 0.000672292453461313 0.00102420144529672 0.00428650332364539 
0.000877438956595983 0.976386580477641 0.0124849796366218 0.0102510009291417 
0.0102510009291417 0.0124849796366218 0.976386580477641 0.000877438956595983 
0.00428650332364539 0.00102420144529672 0.000672292453461313 0.994017002777597 

0.993314623645696 0.000801156508980543 0.00114980963394746 0.00473441021137622 
0.000654767655955774 0.977188340518666 0.0196131065445794 0.00254378528079842 
0.00254378528079842 0.0196131065445794 0.977188340518666 0.000654767655955774 
0.00473441021137622 0.00114980963394746 0.000801156508980543 0.993314623645696 

0.988279125068678 0.000897901933590435 0.00889087568495647 0.00193209731277461 
0.0153887928659272 0.981982353806711 0.00139998019162674 0.00122887313573485 
0.00122887313573485 0.00139998019162674 0.981982353806711 0.0153887928659272 
0.00193209731277461 0.00889087568495647 0.000897901933590435 0.988279125068678 

0.981575762419983 7.61416957075095e-05 0.000338467159382306 0.0180096287249273 
0.000777410924636601 0.98887464223797 0.00964532108362964 0.000702625753763642 
0.000702625753763642 0.00964532108362964 0.98887464223797 0.000777410924636601 
0.0180096287249273 0.000338467159382306 7.61416957075095e-05 0.981575762419983 

0.992853078107204 2.35857534562151e-06 8.00894143149952e-05 0.00706447390313525 
0.000628185632648875 0.977695548938976 0.0216458471119007 3.04183164743297e-05 
3.04183164743297e-05 0.0216458471119007 0.977695548938976 0.000628185632648875 
0.00706447390313525 8.00894143149952e-05 2.35857534562151e-06 0.992853078107204 


