4 5

0.282951300847344 0.217048699152656 0.217048699152656 0.282951300847344 

0.98581246715845 0.00335525522546932 0.0104104620406423 0.000421815575438744 
0.00139674248185139 0.994326721752382 0.00319837466806383 0.00107816109770254 
0.00107816109770254 0.00319837466806383 0.994326721752382 0.00139674248185139 
0.000421815575438744 0.0104104620406423 0.00335525522546932 0.98581246715845 

0.998088516499066 0.000450341109065857 0.000855587223597885 0.000605555168270655 
0.00531780240817952 0.9820889277545 0.000598954281286146 0.0119943155560342 
0.0119943155560342 0.000598954281286146 0.9820889277545 0.00531780240817952 
0.000605555168270655 0.000855587223597885 0.000450341109065857 0.998088516499066 

0.985064764613743 0.000364246523824689 0.0010530374697865 0.0135179513926456 
7.60360903558079e-05 0.995163827650584 0.00435608776473334 0.000404048494326708 
0.000404048494326708 0.00435608776473334 0.995163827650584 7.60360903558079e-05 
0.0135179513926456 0.0010530374697865 0.000364246523824689 0.985064764613743 

0.995695109093748 0.00128998481306754 0.000267778334130372 0.00274712775905434 
0.0119451591134622 0.984457068751704 0.00112258942791865 0.00247518270691475 
0.00247518270691475 0.00112258942791865 0.984457068751704 0.0119451591134622 
0.00274712775905434 0.000267778334130372 0.00128998481306754 0.995695109093748 

0.987208018053215 0.00990297108802187 0.00266949965974504 0.000219511199017752 
0.000963638908778338 0.992923803838088 0.000989030733828389 0.00512352651930518 
0.00512352651930518 0.000989030733828389 0.992923803838088 0.000963638908778338 
0.000219511199017752 0.00266949965974504 0.00990297108802187 0.987208018053215 


