4 5

0.465517754317261 0.0344822456827387 0.0344822456827387 0.465517754317261 

0.988730888790865 0.000603684342926551 7.47769936739308e-06 0.0106579491668412 
0.00206853848587006 0.991448023470918 0.00607657753851415 0.000406860504697865 
0.000406860504697865 0.00607657753851415 0.991448023470918 0.00206853848587006 
0.0106579491668412 7.47769936739308e-06 0.000603684342926551 0.988730888790865 

0.98978000968142 0.000119314543989462 1.83644282518184e-06 0.0100988393317656 
7.13463428277254e-06 0.990417175000777 0.00953415374046918 4.15366244711903e-05 
4.15366244711903e-05 0.00953415374046918 0.990417175000777 7.13463428277254e-06 
0.0100988393317656 1.83644282518184e-06 0.000119314543989462 0.98978000968142 

0.993381418190904 0.000627696407805502 0.00249568216635373 0.00349520323493635 
0.000378970862785076 0.986771816804548 0.00617704402862729 0.00667216830403946 
0.00667216830403946 0.00617704402862729 0.986771816804548 0.000378970862785076 
0.00349520323493635 0.00249568216635373 0.000627696407805502 0.993381418190904 

0.983399804668169 0.000726435269870946 0.0138684361962461 0.00200532386571373 
0.00100530545051042 0.996750134491925 0.00224280767033619 1.75238722793629e-06 
1.75238722793629e-06 0.00224280767033619 0.996750134491925 0.00100530545051042 
0.00200532386571373 0.0138684361962461 0.000726435269870946 0.983399804668169 

0.998702783657514 0.000311398975169959 0.000342847721159782 0.000642969646155789 
0.000765181540533507 0.981629479854465 0.0175655861040686 3.97525009331357e-05 
3.97525009331357e-05 0.0175655861040686 0.981629479854465 0.000765181540533507 
0.000642969646155789 0.000342847721159782 0.000311398975169959 0.998702783657514 


