4 5

0.0694718693848699 0.43052813061513 0.43052813061513 0.0694718693848699 

0.977405638831933 0.0204826067465763 0.00150240656439806 0.000609347857092213 
0.00079439623103758 0.992904138921776 0.00160691767131238 0.00469454717587439 
0.00469454717587439 0.00160691767131238 0.992904138921776 0.00079439623103758 
0.000609347857092213 0.00150240656439806 0.0204826067465763 0.977405638831933 

0.991132804534274 0.000121038891556504 0.0019624760941191 0.0067836804800509 
0.00967232690989933 0.979196667642233 0.00894859021755451 0.00218241523031298 
0.00218241523031298 0.00894859021755451 0.979196667642233 0.00967232690989933 
0.0067836804800509 0.0019624760941191 0.000121038891556504 0.991132804534274 

0.973165821177739 0.000796264062707729 0.0256391576606129 0.000398757098940106 
0.00104376807224134 0.997212785972229 0.00151383804976596 0.000229607905763799 
0.000229607905763799 0.00151383804976596 0.997212785972229 0.00104376807224134 
0.000398757098940106 0.0256391576606129 0.000796264062707729 0.973165821177739 

0.975736324411262 0.00224586654042341 0.000400847930349396 0.0216169611179649 
0.00115847797424791 0.994826949363944 0.00184299741861593 0.00217157524319227 
0.00217157524319227 0.00184299741861593 0.994826949363944 0.00115847797424791 
0.0216169611179649 0.000400847930349396 0.00224586654042341 0.975736324411262 

0.984610214883559 0.0126079263975934 0.000685342092084597 0.0020965166267628 
0.00613500675445925 0.985727292690267 0.00801025545491124 0.000127445100362746 
0.000127445100362746 0.00801025545491124 0.985727292690267 0.00613500675445925 
0.0020965166267628 0.000685342092084597 0.0126079263975934 0.984610214883559 


