4 5

0.355500149191357 0.144499850808643 0.144499850808643 0.355500149191357 

0.977303446054693 2.75574480154295e-05 0.0207116043946014 0.00195739210269047 
0.00962663511585334 0.983129559961245 0.00724074979004646 3.05513285507424e-06 
3.05513285507424e-06 0.00724074979004646 0.983129559961245 0.00962663511585334 
0.00195739210269047 0.0207116043946014 2.75574480154295e-05 0.977303446054693 

0.985657279888516 0.00160048303241065 4.16016274461697e-05 0.0127006354516275 
0.00632858055106252 0.975027698164066 0.0180020094220461 0.000641711862825174 
0.000641711862825174 0.0180020094220461 0.975027698164066 0.00632858055106252 
0.0127006354516275 4.16016274461697e-05 0.00160048303241065 0.985657279888516 

0.988581652377253 0.00105694548597076 0.00564618293882084 0.00471521919795503 
0.0145009311539785 0.971992998317319 0.0117542630767959 0.00175180745190698 
0.00175180745190698 0.0117542630767959 0.971992998317319 0.0145009311539785 
0.00471521919795503 0.00564618293882084 0.00105694548597076 0.988581652377253 

0.97008859024149 0.000597974730929634 0.00022961911909965 0.029083815908481 
0.00117681086004475 0.990880605023631 0.00629628585033271 0.00164629826599125 
0.00164629826599125 0.00629628585033271 0.990880605023631 0.00117681086004475 
0.029083815908481 0.00022961911909965 0.000597974730929634 0.97008859024149 

0.997616937426509 0.000284612196001643 0.000151049448807261 0.00194740092868212 
0.000366679025028754 0.963643284498089 0.0327406761943203 0.00324936028256183 
0.00324936028256183 0.0327406761943203 0.963643284498089 0.000366679025028754 
0.00194740092868212 0.000151049448807261 0.000284612196001643 0.997616937426509 


