4 5

0.257346692844294 0.242653307155706 0.242653307155706 0.257346692844294 

0.989028121982811 0.00574006511410213 0.000172706601118295 0.00505910630196871 
0.0105036173851053 0.971538847896803 0.00553234041887446 0.0124251942992171 
0.0124251942992171 0.00553234041887446 0.971538847896803 0.0105036173851053 
0.00505910630196871 0.000172706601118295 0.00574006511410213 0.989028121982811 

0.976451484380052 0.00637397828508871 0.0105709400267736 0.00660359730808607 
0.0120618934693951 0.984075853792185 0.00277578576282911 0.0010864669755912 
0.0010864669755912 0.00277578576282911 0.984075853792185 0.0120618934693951 
0.00660359730808607 0.0105709400267736 0.00637397828508871 0.976451484380052 

0.982277936442026 0.0015684630242042 1.2221652214502e-05 0.0161413788815555 
0.0189580111679794 0.978286211432477 0.000370573200794311 0.00238520419874969 
0.00238520419874969 0.000370573200794311 0.978286211432477 0.0189580111679794 
0.0161413788815555 1.2221652214502e-05 0.0015684630242042 0.982277936442026 

0.969898146731286 0.000252872723154794 0.0156460792355322 0.0142029013100273 
0.00021325088460636 0.990765483850013 0.00776644013625849 0.00125482512912231 
0.00125482512912231 0.00776644013625849 0.990765483850013 0.00021325088460636 
0.0142029013100273 0.0156460792355322 0.000252872723154794 0.969898146731286 

0.991246829464969 8.59228741640704e-05 0.000102342743640425 0.00856490491722683 
0.000635791817180519 0.969758097120668 0.0294800311227925 0.000126079939359336 
0.000126079939359336 0.0294800311227925 0.969758097120668 0.000635791817180519 
0.00856490491722683 0.000102342743640425 8.59228741640704e-05 0.991246829464969 


