4 5

0.113471668446437 0.386528331553563 0.386528331553563 0.113471668446437 

0.979287372946162 0.000805148607700276 0.00158137275215257 0.018326105693985 
0.00248528897022453 0.98141280803174 0.0158392627930007 0.000262640205034922 
0.000262640205034922 0.0158392627930007 0.98141280803174 0.00248528897022453 
0.018326105693985 0.00158137275215257 0.000805148607700276 0.979287372946162 

0.970814834630355 0.0105532612577555 2.01481218784555e-05 0.0186117559900109 
0.00270310647113172 0.989912043501629 0.00737991439050845 4.93563673074492e-06 
4.93563673074492e-06 0.00737991439050845 0.989912043501629 0.00270310647113172 
0.0186117559900109 2.01481218784555e-05 0.0105532612577555 0.970814834630355 

0.968798184243836 0.016022834930731 0.00154607442422183 0.0136329064012111 
0.00658367236941324 0.991941360225545 0.00134608727267338 0.000128880132368581 
0.000128880132368581 0.00134608727267338 0.991941360225545 0.00658367236941324 
0.0136329064012111 0.00154607442422183 0.016022834930731 0.968798184243836 

0.996783727253212 0.00238179599662147 1.87986656710075e-05 0.000815678084495342 
0.0044975061916851 0.964398935365854 0.0309978775955316 0.000105680846929854 
0.000105680846929854 0.0309978775955316 0.964398935365854 0.0044975061916851 
0.000815678084495342 1.87986656710075e-05 0.00238179599662147 0.996783727253212 

0.970007511271274 0.018284322987266 0.00249214636182606 0.00921601937963351 
0.00428946179791221 0.990634755617064 0.00486580806029352 0.000209974524730167 
0.000209974524730167 0.00486580806029352 0.990634755617064 0.00428946179791221 
0.00921601937963351 0.00249214636182606 0.018284322987266 0.970007511271274 


