4 5

0.358055043499917 0.141944956500083 0.141944956500083 0.358055043499917 

0.484574034366168 0.0128919965815834 0.0476948104078376 0.454839158644411 
0.0388696566994693 0.806280061490781 0.141118178205343 0.0137321036044072 
0.0137321036044072 0.141118178205343 0.806280061490781 0.0388696566994693 
0.454839158644411 0.0476948104078376 0.0128919965815834 0.484574034366168 

0.511151423540684 0.0174445380885644 0.000178684540295555 0.471225353830456 
0.0508360006435663 0.72957227437661 0.214647171282635 0.00494455369718849 
0.00494455369718849 0.214647171282635 0.72957227437661 0.0508360006435663 
0.471225353830456 0.000178684540295555 0.0174445380885644 0.511151423540684 

0.965229335252052 0.00187997420156486 0.0290704144797547 0.00382027606662821 
0.758998933116628 0.154804167086895 0.0850375958801285 0.00115930391634822 
0.00115930391634822 0.0850375958801285 0.154804167086895 0.758998933116628 
0.00382027606662821 0.0290704144797547 0.00187997420156486 0.965229335252052 

0.924205859156536 0.0400380011334616 0.000632874211075211 0.0351232654989274 
0.0663680612353712 0.476175819530559 0.450295200685477 0.00716091854859259 
0.00716091854859259 0.450295200685477 0.476175819530559 0.0663680612353712 
0.0351232654989274 0.000632874211075211 0.0400380011334616 0.924205859156536 

0.507890392510765 0.000759645076469063 0.0384787442079586 0.452871218204807 
1.76359036109519e-05 0.673835693672321 0.304135949137806 0.0220107212862613 
0.0220107212862613 0.304135949137806 0.673835693672321 1.76359036109519e-05 
0.452871218204807 0.0384787442079586 0.000759645076469063 0.507890392510765 


