4 5

0.0822529817232862 0.417747018276714 0.417747018276714 0.0822529817232862 

0.467278661362742 0.0208201125952245 0.0498460773185522 0.462055148723482 
0.0913440058066458 0.73537768084301 0.078629593163445 0.0946487201868989 
0.0946487201868989 0.078629593163445 0.73537768084301 0.0913440058066458 
0.462055148723482 0.0498460773185522 0.0208201125952245 0.467278661362742 

0.486806901945697 0.049614897321922 0.00219206935627775 0.461386131376103 
0.194261319939082 0.53176376317932 0.186402747112284 0.0875721697693141 
0.0875721697693141 0.186402747112284 0.53176376317932 0.194261319939082 
0.461386131376103 0.00219206935627775 0.049614897321922 0.486806901945697 

0.508337465958608 0.00659787586127393 0.000869170593069776 0.484195487587048 
0.00682306081909583 0.547057094633576 0.441837290830197 0.004282553717131 
0.004282553717131 0.441837290830197 0.547057094633576 0.00682306081909583 
0.484195487587048 0.000869170593069776 0.00659787586127393 0.508337465958608 

0.956614172673781 0.000623848971550466 0.000485750848816269 0.0422762275058521 
0.143499196566683 0.224140362820997 0.218034834000556 0.414325606611764 
0.414325606611764 0.218034834000556 0.224140362820997 0.143499196566683 
0.0422762275058521 0.000485750848816269 0.000623848971550466 0.956614172673781 

0.423700097751075 0.159620467214206 0.08062966819366 0.336049766841059 
0.159096529857652 0.47806286688055 0.321433026612638 0.0414075766491592 
0.0414075766491592 0.321433026612638 0.47806286688055 0.159096529857652 
0.336049766841059 0.08062966819366 0.159620467214206 0.423700097751075 


