4 5

0.406983162392862 0.0930168376071379 0.0930168376071379 0.406983162392862 

0.975041419200598 0.0174168762146028 0.000337992467869672 0.00720371211692949 
6.0162245577829e-07 0.995324232558331 0.00458799895328377 8.7166865929542e-05 
8.7166865929542e-05 0.00458799895328377 0.995324232558331 6.0162245577829e-07 
0.00720371211692949 0.000337992467869672 0.0174168762146028 0.975041419200598 

0.9872075488569 0.00764686443198524 0.000730048356255133 0.00441553835485992 
0.0026267380771192 0.983145547276595 0.0136132592566999 0.000614455389585616 
0.000614455389585616 0.0136132592566999 0.983145547276595 0.0026267380771192 
0.00441553835485992 0.000730048356255133 0.00764686443198524 0.9872075488569 

0.993279248928559 0.000866775678301254 0.00238717586602048 0.00346679952711959 
0.00407909171184767 0.977154446422023 0.0156917223381369 0.00307473952799214 
0.00307473952799214 0.0156917223381369 0.977154446422023 0.00407909171184767 
0.00346679952711959 0.00238717586602048 0.000866775678301254 0.993279248928559 

0.990464044072125 0.00218384730741921 0.0012173726235289 0.00613473599692682 
6.05804958722698e-05 0.979975693519862 0.0180220415676111 0.00194168441665459 
0.00194168441665459 0.0180220415676111 0.979975693519862 6.05804958722698e-05 
0.00613473599692682 0.0012173726235289 0.00218384730741921 0.990464044072125 

0.987978433230498 0.000359554243439925 0.00494801368760255 0.00671399883845958 
0.0150974167019886 0.982285579108008 0.00228236485522948 0.00033463933477437 
0.00033463933477437 0.00228236485522948 0.982285579108008 0.0150974167019886 
0.00671399883845958 0.00494801368760255 0.000359554243439925 0.987978433230498 


