4 5

0.235687777865678 0.264312222134322 0.264312222134322 0.235687777865678 

0.904104555737414 0.0714465072402495 0.022434296331221 0.00201464069111584 
0.678805036628191 0.221386030460039 0.0926821143593992 0.00712681855237046 
0.00712681855237046 0.0926821143593992 0.221386030460039 0.678805036628191 
0.00201464069111584 0.022434296331221 0.0714465072402495 0.904104555737414 

0.237885432262067 0.686489565578978 0.0688177271770128 0.00680727498194202 
0.0210809626755536 0.771203391524615 0.0594742791729603 0.148241366626871 
0.148241366626871 0.0594742791729603 0.771203391524615 0.0210809626755536 
0.00680727498194202 0.0688177271770128 0.686489565578978 0.237885432262067 

0.464334727685184 0.093563690356552 0.000351874794681239 0.441749707163583 
0.000821242749694464 0.946109411856476 0.0515747289746362 0.00149461641919375 
0.00149461641919375 0.0515747289746362 0.946109411856476 0.000821242749694464 
0.441749707163583 0.000351874794681239 0.093563690356552 0.464334727685184 

0.493646492584827 0.12007664616757 0.0189869857923139 0.36728987545529 
0.00123964541119992 0.354410579876909 0.336909484857129 0.307440289854762 
0.307440289854762 0.336909484857129 0.354410579876909 0.00123964541119992 
0.36728987545529 0.0189869857923139 0.12007664616757 0.493646492584827 

0.686709722209231 0.0078819712953045 0.0117705583985218 0.293637748096943 
0.000101578041867847 0.514441713363025 0.465736545179645 0.0197201634154623 
0.0197201634154623 0.465736545179645 0.514441713363025 0.000101578041867847 
0.293637748096943 0.0117705583985218 0.0078819712953045 0.686709722209231 


