4 5

0.0257562765618786 0.474243723438121 0.474243723438121 0.0257562765618786 

0.966544309838229 3.62623096578244e-05 0.000280941880003367 0.0331384859721093 
0.000272091257304497 0.994642088827263 0.00473784689333051 0.000347973022102366 
0.000347973022102366 0.00473784689333051 0.994642088827263 0.000272091257304497 
0.0331384859721093 0.000280941880003367 3.62623096578244e-05 0.966544309838229 

0.986652800871878 0.000319672945857112 2.87650067002332e-05 0.0129987611755649 
0.005138571497507 0.974073870330992 0.0197826136951723 0.00100494447632844 
0.00100494447632844 0.0197826136951723 0.974073870330992 0.005138571497507 
0.0129987611755649 2.87650067002332e-05 0.000319672945857112 0.986652800871878 

0.966240479546473 0.0282905804255299 0.000834569020914853 0.00463437100708269 
0.000426362903746872 0.994388915093484 0.003236040128553 0.00194868187421593 
0.00194868187421593 0.003236040128553 0.994388915093484 0.000426362903746872 
0.00463437100708269 0.000834569020914853 0.0282905804255299 0.966240479546473 

0.964768969715498 0.000563280910390335 0.00950974296436406 0.0251580064097477 
0.000626943469488048 0.996219315700199 0.00312036613636058 3.33746939523178e-05 
3.33746939523178e-05 0.00312036613636058 0.996219315700199 0.000626943469488048 
0.0251580064097477 0.00950974296436406 0.000563280910390335 0.964768969715498 

0.978356949526454 0.0143403898982429 2.66540028976293e-06 0.00729999517501367 
0.00208533687759162 0.982149078984977 0.00979173901049529 0.00597384512693586 
0.00597384512693586 0.00979173901049529 0.982149078984977 0.00208533687759162 
0.00729999517501367 2.66540028976293e-06 0.0143403898982429 0.978356949526454 


