4 5

0.0443982090801001 0.4556017909199 0.4556017909199 0.0443982090801001 

0.622074855119014 0.153846043591087 0.156825943232244 0.0672531580576552 
0.0196656459662171 0.493060315096238 0.439858787859005 0.0474152510785397 
0.0474152510785397 0.439858787859005 0.493060315096238 0.0196656459662171 
0.0672531580576552 0.156825943232244 0.153846043591087 0.622074855119014 

0.969620869305045 0.000235743165936114 0.0168292383468903 0.0133141491821283 
0.746546109736581 0.159122613260232 0.089149727985635 0.00518154901755208 
0.00518154901755208 0.089149727985635 0.159122613260232 0.746546109736581 
0.0133141491821283 0.0168292383468903 0.000235743165936114 0.969620869305045 

0.86287568442471 0.0347998821942525 0.00311422333342036 0.099210210047617 
0.448612936000982 0.245899779591936 0.169377071082841 0.13611021332424 
0.13611021332424 0.169377071082841 0.245899779591936 0.448612936000982 
0.099210210047617 0.00311422333342036 0.0347998821942525 0.86287568442471 

0.622263148527957 0.0517747861766497 0.143211862701505 0.182750202593888 
0.0199865860059328 0.473592209273152 0.391719903605565 0.114701301115349 
0.114701301115349 0.391719903605565 0.473592209273152 0.0199865860059328 
0.182750202593888 0.143211862701505 0.0517747861766497 0.622263148527957 

0.251634259831051 0.0122882270815513 0.512638792043998 0.2234387210434 
0.0316622741432431 0.943659209775665 0.0238878026730238 0.000790713408068541 
0.000790713408068541 0.0238878026730238 0.943659209775665 0.0316622741432431 
0.2234387210434 0.512638792043998 0.0122882270815513 0.251634259831051 


