4 5

0.429441167041659 0.0705588329583406 0.0705588329583406 0.429441167041659 

0.971721143613061 0.00236162301886899 0.000237550138202045 0.0256796832298675 
0.000167745458551466 0.989099313821519 0.00185346650629276 0.00887947421363667 
0.00887947421363667 0.00185346650629276 0.989099313821519 0.000167745458551466 
0.0256796832298675 0.000237550138202045 0.00236162301886899 0.971721143613061 

0.974865779699278 0.00085899795895706 0.0173025716310619 0.00697265071070319 
0.000873590262626594 0.985678557929973 0.0133468644531231 0.000100987354276966 
0.000100987354276966 0.0133468644531231 0.985678557929973 0.000873590262626594 
0.00697265071070319 0.0173025716310619 0.00085899795895706 0.974865779699278 

0.982508541802648 0.00552750163293175 0.00164234016291815 0.0103216164015016 
0.0139930407166917 0.978048889636956 0.0061827350177614 0.00177533462859053 
0.00177533462859053 0.0061827350177614 0.978048889636956 0.0139930407166917 
0.0103216164015016 0.00164234016291815 0.00552750163293175 0.982508541802648 

0.979465569553143 0.0161496601724943 1.15738535699239e-05 0.00437319642079254 
0.007482625170367 0.981131446510709 0.0113761066720957 9.82164682874001e-06 
9.82164682874001e-06 0.0113761066720957 0.981131446510709 0.007482625170367 
0.00437319642079254 1.15738535699239e-05 0.0161496601724943 0.979465569553143 

0.973133611201515 0.00345746654495682 0.00116248363298299 0.0222464386205448 
0.0029019829194272 0.987626900202046 0.00925206716887 0.000219049709657057 
0.000219049709657057 0.00925206716887 0.987626900202046 0.0029019829194272 
0.0222464386205448 0.00116248363298299 0.00345746654495682 0.973133611201515 


