4 5

0.142698450828902 0.357301549171098 0.357301549171098 0.142698450828902 

0.994590327984747 0.00106812735878863 0.0038919273377725 0.000449617318691919 
3.89831328602563e-06 0.985631590542005 0.0140545435867855 0.000309967557922937 
0.000309967557922937 0.0140545435867855 0.985631590542005 3.89831328602563e-06 
0.000449617318691919 0.0038919273377725 0.00106812735878863 0.994590327984747 

0.985868814616206 0.0113799351525423 0.00178788156073367 0.000963368670517661 
0.000133811286205391 0.994259075287465 0.00215783541712833 0.00344927800920124 
0.00344927800920124 0.00215783541712833 0.994259075287465 0.000133811286205391 
0.000963368670517661 0.00178788156073367 0.0113799351525423 0.985868814616206 

0.995010944498214 0.000451125043194062 0.000627693819237934 0.00391023663935436 
0.00442397868152203 0.985129433198305 0.000646100221216583 0.00980048789895601 
0.00980048789895601 0.000646100221216583 0.985129433198305 0.00442397868152203 
0.00391023663935436 0.000627693819237934 0.000451125043194062 0.995010944498214 

0.988087965424234 0.000683256209436058 0.00490844603139922 0.0063203323349309 
0.00336964117742704 0.992058579142562 0.000469450945935423 0.00410232873407575 
0.00410232873407575 0.000469450945935423 0.992058579142562 0.00336964117742704 
0.0063203323349309 0.00490844603139922 0.000683256209436058 0.988087965424234 

0.989390813621585 0.00663550708755504 0.00157432434281287 0.00239935494804688 
0.00160217715486715 0.990733833412833 0.00111991704388636 0.00654407238841366 
0.00654407238841366 0.00111991704388636 0.990733833412833 0.00160217715486715 
0.00239935494804688 0.00157432434281287 0.00663550708755504 0.989390813621585 


