4 5

0.20237888477277 0.29762111522723 0.29762111522723 0.20237888477277 

0.484384070431096 0.000905718751280808 0.0429675163348158 0.471742694482807 
0.467314097981951 0.247733947184595 0.0160159746590844 0.268935980174369 
0.268935980174369 0.0160159746590844 0.247733947184595 0.467314097981951 
0.471742694482807 0.0429675163348158 0.000905718751280808 0.484384070431096 

0.427274994984484 0.285922751384568 0.267205962033583 0.0195962915973659 
0.0245339191973138 0.3629054650906 0.231314280085983 0.381246335626103 
0.381246335626103 0.231314280085983 0.3629054650906 0.0245339191973138 
0.0195962915973659 0.267205962033583 0.285922751384568 0.427274994984484 

0.511430335194223 0.0243638891511938 0.115774581300971 0.348431194353612 
0.00459335937555308 0.462022390423171 0.323081123552862 0.210303126648413 
0.210303126648413 0.323081123552862 0.462022390423171 0.00459335937555308 
0.348431194353612 0.115774581300971 0.0243638891511938 0.511430335194223 

0.1480964284528 0.551354414187651 0.186772095381258 0.113777061978291 
0.0588994370052698 0.561550288466924 0.282973117389238 0.0965771571385685 
0.0965771571385685 0.282973117389238 0.561550288466924 0.0588994370052698 
0.113777061978291 0.186772095381258 0.551354414187651 0.1480964284528 

0.637263950074534 0.023650627893614 0.00319470543355749 0.335890716598295 
0.0834252487543385 0.38733496068605 0.380659941505342 0.14857984905427 
0.14857984905427 0.380659941505342 0.38733496068605 0.0834252487543385 
0.335890716598295 0.00319470543355749 0.023650627893614 0.637263950074534 


