4 5

0.0859606474405155 0.414039352559485 0.414039352559485 0.0859606474405155 

0.987236541458715 0.00113189492402321 4.33933888734934e-05 0.011588170228388 
0.00577882581686142 0.992946843196362 0.00115105212013156 0.000123278866644854 
0.000123278866644854 0.00115105212013156 0.992946843196362 0.00577882581686142 
0.011588170228388 4.33933888734934e-05 0.00113189492402321 0.987236541458715 

0.983651010808089 0.000923410841336227 0.000282420035275408 0.0151431583152992 
2.09253974281424e-05 0.996613766561964 0.00325960903933092 0.000105699001276669 
0.000105699001276669 0.00325960903933092 0.996613766561964 2.09253974281424e-05 
0.0151431583152992 0.000282420035275408 0.000923410841336227 0.983651010808089 

0.991499632111839 0.00139976877925531 0.00666476426040339 0.000435834848502403 
0.0107840239933978 0.988619806355686 0.000246901477285566 0.000349268173630422 
0.000349268173630422 0.000246901477285566 0.988619806355686 0.0107840239933978 
0.000435834848502403 0.00666476426040339 0.00139976877925531 0.991499632111839 

0.982972846386394 0.0089158728811685 0.00598993455136339 0.00212134618107418 
0.00181836601743919 0.997197844360503 0.00082786196764123 0.000155927654416226 
0.000155927654416226 0.00082786196764123 0.997197844360503 0.00181836601743919 
0.00212134618107418 0.00598993455136339 0.0089158728811685 0.982972846386394 

0.99659143761346 5.99331260771642e-07 2.17144641546246e-05 0.00338624859112441 
1.18128770711345e-05 0.983689615868046 0.0161611907251574 0.00013738052972562 
0.00013738052972562 0.0161611907251574 0.983689615868046 1.18128770711345e-05 
0.00338624859112441 2.17144641546246e-05 5.99331260771642e-07 0.99659143761346 


