4 5

0.258851268561557 0.241148731438443 0.241148731438443 0.258851268561557 

0.595183162179686 0.185784111712771 0.0394946990410763 0.179538027066467 
0.585195997664201 0.31572430940567 0.0812950207860554 0.0177846721440744 
0.0177846721440744 0.0812950207860554 0.31572430940567 0.585195997664201 
0.179538027066467 0.0394946990410763 0.185784111712771 0.595183162179686 

0.830972467439833 0.00618756954523495 0.0547105443271419 0.10812941868779 
0.0210985257618306 0.402988884876518 0.387022147585418 0.188890441776234 
0.188890441776234 0.387022147585418 0.402988884876518 0.0210985257618306 
0.10812941868779 0.0547105443271419 0.00618756954523495 0.830972467439833 

0.381395948917919 0.0409924845897159 0.44751298364431 0.130098582848056 
0.0178507895358784 0.565949985402678 0.187324029615138 0.228875195446305 
0.228875195446305 0.187324029615138 0.565949985402678 0.0178507895358784 
0.130098582848056 0.44751298364431 0.0409924845897159 0.381395948917919 

0.909780153805786 0.0382879653573988 0.00392831859865693 0.0480035622381579 
0.000878912699582571 0.469303185213019 0.468501218300067 0.0613166837873316 
0.0613166837873316 0.468501218300067 0.469303185213019 0.000878912699582571 
0.0480035622381579 0.00392831859865693 0.0382879653573988 0.909780153805786 

0.826442766488696 0.00176457933773845 0.00235337900419429 0.169439275169371 
0.292494470892709 0.354565992849125 0.34943434147239 0.00350519478577629 
0.00350519478577629 0.34943434147239 0.354565992849125 0.292494470892709 
0.169439275169371 0.00235337900419429 0.00176457933773845 0.826442766488696 


