4 5

0.249290483188815 0.250709516811185 0.250709516811185 0.249290483188815 

0.368288224593921 0.282669238156329 0.0122780934655733 0.336764443784176 
7.08510963053576e-05 0.891750991318997 0.103275372994148 0.00490278459054969 
0.00490278459054969 0.103275372994148 0.891750991318997 7.08510963053576e-05 
0.336764443784176 0.0122780934655733 0.282669238156329 0.368288224593921 

0.511571328198412 0.000848135712348735 0.298877561918561 0.188702974170678 
0.000461941876073846 0.566556804512825 0.0862198644005015 0.3467613892106 
0.3467613892106 0.0862198644005015 0.566556804512825 0.000461941876073846 
0.188702974170678 0.298877561918561 0.000848135712348735 0.511571328198412 

0.471326212986253 0.0188259927921947 0.0666704286370973 0.443177365584455 
0.0153781880286013 0.841285564270672 0.143059470947216 0.00027677675351109 
0.00027677675351109 0.143059470947216 0.841285564270672 0.0153781880286013 
0.443177365584455 0.0666704286370973 0.0188259927921947 0.471326212986253 

0.592509349134646 0.0806204665690829 0.0121738807885061 0.314696303507766 
0.491173670724002 0.389809001011531 0.108864373701233 0.0101529545632339 
0.0101529545632339 0.108864373701233 0.389809001011531 0.491173670724002 
0.314696303507766 0.0121738807885061 0.0806204665690829 0.592509349134646 

0.530100590455615 0.0335569247010277 0.00664827932163729 0.42969420552172 
0.174983962745957 0.548668016794068 0.269117295880377 0.00723072457959761 
0.00723072457959761 0.269117295880377 0.548668016794068 0.174983962745957 
0.42969420552172 0.00664827932163729 0.0335569247010277 0.530100590455615 


