4 5

0.0366897197673097 0.46331028023269 0.46331028023269 0.0366897197673097 

0.996207174918166 2.51228696350776e-05 6.11144419161407e-05 0.00370658777028238 
1.17181316180955e-05 0.974480562668526 0.0254940796858875 1.36395139688809e-05 
1.36395139688809e-05 0.0254940796858875 0.974480562668526 1.17181316180955e-05 
0.00370658777028238 6.11144419161407e-05 2.51228696350776e-05 0.996207174918166 

0.974506473973593 3.58197867764089e-05 0.00173396710976876 0.0237237391298618 
0.00244890912645961 0.996129057388293 0.00136802565914046 5.4007826107158e-05 
5.4007826107158e-05 0.00136802565914046 0.996129057388293 0.00244890912645961 
0.0237237391298618 0.00173396710976876 3.58197867764089e-05 0.974506473973593 

0.986753103311582 0.00025981023387363 0.00643852240496172 0.00654856404958321 
8.58396655186067e-05 0.983603035480459 0.0130528912514901 0.0032582336025327 
0.0032582336025327 0.0130528912514901 0.983603035480459 8.58396655186067e-05 
0.00654856404958321 0.00643852240496172 0.00025981023387363 0.986753103311582 

0.988899731295705 2.88707955318532e-05 1.4165413425106e-05 0.0110572324953379 
0.00347555986247285 0.981408076192438 0.00391608382183001 0.011200280123259 
0.011200280123259 0.00391608382183001 0.981408076192438 0.00347555986247285 
0.0110572324953379 1.4165413425106e-05 2.88707955318532e-05 0.988899731295705 

0.992521811027957 1.10595408332878e-05 4.61694660590242e-05 0.00742095996515019 
0.00310574315731009 0.977939566164628 0.0173964437898244 0.00155824688823798 
0.00155824688823798 0.0173964437898244 0.977939566164628 0.00310574315731009 
0.00742095996515019 4.61694660590242e-05 1.10595408332878e-05 0.992521811027957 


