4 5

0.135748781263828 0.364251218736172 0.364251218736172 0.135748781263828 

0.972447739568474 0.0209064518921619 0.000474236298527782 0.00617157224083631 
7.87962179064092e-06 0.997961973410265 0.000432722429553611 0.00159742453839026 
0.00159742453839026 0.000432722429553611 0.997961973410265 7.87962179064092e-06 
0.00617157224083631 0.000474236298527782 0.0209064518921619 0.972447739568474 

0.980537013442203 0.0116182195276516 0.00716164187820193 0.000683125151943798 
0.0070768305941815 0.989800611827279 0.002337800210301 0.00078475736823815 
0.00078475736823815 0.002337800210301 0.989800611827279 0.0070768305941815 
0.000683125151943798 0.00716164187820193 0.0116182195276516 0.980537013442203 

0.988866962358637 0.00326164933975577 0.00522801022777068 0.00264337807383669 
0.0100847053453831 0.98144227177196 0.00793254349916633 0.000540479383490651 
0.000540479383490651 0.00793254349916633 0.98144227177196 0.0100847053453831 
0.00264337807383669 0.00522801022777068 0.00326164933975577 0.988866962358637 

0.984494103780908 0.00209771259214621 0.0100829335298113 0.0033252500971348 
0.000279678768978551 0.985831453776844 0.0131080949115219 0.000780772542655463 
0.000780772542655463 0.0131080949115219 0.985831453776844 0.000279678768978551 
0.0033252500971348 0.0100829335298113 0.00209771259214621 0.984494103780908 

0.989227646713625 0.010030676798836 0.000588809013046128 0.000152867474493446 
0.00856207386495682 0.98114699291504 0.00955079183621893 0.000740141383784708 
0.000740141383784708 0.00955079183621893 0.98114699291504 0.00856207386495682 
0.000152867474493446 0.000588809013046128 0.010030676798836 0.989227646713625 


