4 5

0.377351896022446 0.122648103977554 0.122648103977554 0.377351896022446 

0.424597518564485 0.133091831849568 0.0283738906935309 0.413936758892417 
0.0715980041212797 0.818442600460463 0.106631756522831 0.00332763889542567 
0.00332763889542567 0.106631756522831 0.818442600460463 0.0715980041212797 
0.413936758892417 0.0283738906935309 0.133091831849568 0.424597518564485 

0.548386106936749 0.00432288829216339 0.16337019396436 0.283920810806727 
0.115195253258141 0.324518765201369 0.131574167818521 0.428711813721968 
0.428711813721968 0.131574167818521 0.324518765201369 0.115195253258141 
0.283920810806727 0.16337019396436 0.00432288829216339 0.548386106936749 

0.876106625470067 0.0152914031854562 0.0702496600714822 0.0383523112729943 
0.0838845224503738 0.141925135725423 0.100696445878678 0.673493895945525 
0.673493895945525 0.100696445878678 0.141925135725423 0.0838845224503738 
0.0383523112729943 0.0702496600714822 0.0152914031854562 0.876106625470067 

0.610617151195107 0.226373994022752 0.0152739138900971 0.147734940892044 
0.204914524753873 0.444101837182785 0.349852897212812 0.0011307408505298 
0.0011307408505298 0.349852897212812 0.444101837182785 0.204914524753873 
0.147734940892044 0.0152739138900971 0.226373994022752 0.610617151195107 

0.620426804891136 0.0111807985255865 0.00949809182140163 0.358894304761876 
0.000794255988348905 0.494523174113976 0.493265220134774 0.0114173497629011 
0.0114173497629011 0.493265220134774 0.494523174113976 0.000794255988348905 
0.358894304761876 0.00949809182140163 0.0111807985255865 0.620426804891136 


