4 5

0.215948200202547 0.284051799797453 0.284051799797453 0.215948200202547 

0.989380600122547 0.000307725313366899 0.00714836371442315 0.00316331084966331 
0.00214831440023334 0.990762902641907 0.0022044715697071 0.00488431138815248 
0.00488431138815248 0.0022044715697071 0.990762902641907 0.00214831440023334 
0.00316331084966331 0.00714836371442315 0.000307725313366899 0.989380600122547 

0.994567781378125 0.00297090541830439 0.000172460097318724 0.00228885310625226 
0.00012509541271166 0.985647487681865 0.0134666002483894 0.000760816657033761 
0.000760816657033761 0.0134666002483894 0.985647487681865 0.00012509541271166 
0.00228885310625226 0.000172460097318724 0.00297090541830439 0.994567781378125 

0.990490017247851 0.00157067352257243 0.00673367676989203 0.00120563245968452 
0.00417758556800204 0.989658262163146 0.000118332816889832 0.00604581945196229 
0.00604581945196229 0.000118332816889832 0.989658262163146 0.00417758556800204 
0.00120563245968452 0.00673367676989203 0.00157067352257243 0.990490017247851 

0.989136500950844 0.000634871662686871 0.00683963121318805 0.00338899617328103 
0.00302043628324268 0.990989692083175 0.00596539235062188 2.4479282960443e-05 
2.4479282960443e-05 0.00596539235062188 0.990989692083175 0.00302043628324268 
0.00338899617328103 0.00683963121318805 0.000634871662686871 0.989136500950844 

0.988278691838552 0.00250120955212358 0.00636668765127529 0.00285341095804892 
0.00210713026031037 0.991871144448158 0.0001857257871275 0.00583599950440397 
0.00583599950440397 0.0001857257871275 0.991871144448158 0.00210713026031037 
0.00285341095804892 0.00636668765127529 0.00250120955212358 0.988278691838552 


