4 5

0.446908423677087 0.0530915763229132 0.0530915763229132 0.446908423677087 

0.968113413537304 0.00512297004754571 0.000621128251110924 0.0261424881640396 
0.000839868285613958 0.992804804700479 0.00152191489086517 0.0048334121230416 
0.0048334121230416 0.00152191489086517 0.992804804700479 0.000839868285613958 
0.0261424881640396 0.000621128251110924 0.00512297004754571 0.968113413537304 

0.967673111149194 0.0264223559571019 0.000525782332526327 0.00537875056117815 
4.57579501319309e-05 0.992918262270048 0.00544355357163384 0.00159242620818658 
0.00159242620818658 0.00544355357163384 0.992918262270048 4.57579501319309e-05 
0.00537875056117815 0.000525782332526327 0.0264223559571019 0.967673111149194 

0.994150673078524 0.000179983459768687 0.000680686116460191 0.00498865734524739 
0.001543558919711 0.9666735343944 0.0201842304241372 0.0115986762617514 
0.0115986762617514 0.0201842304241372 0.9666735343944 0.001543558919711 
0.00498865734524739 0.000680686116460191 0.000179983459768687 0.994150673078524 

0.970353380592224 7.47557452202925e-05 0.00046016208232926 0.0291117015802269 
0.00321183106439909 0.990608725009857 0.00609237398376689 8.70699419766603e-05 
8.70699419766603e-05 0.00609237398376689 0.990608725009857 0.00321183106439909 
0.0291117015802269 0.00046016208232926 7.47557452202925e-05 0.970353380592224 

0.989585863164506 6.47911381501559e-06 0.00031101703799652 0.0100966406836824 
0.00161874797966032 0.971327658179608 0.0270453909347116 8.20290602044705e-06 
8.20290602044705e-06 0.0270453909347116 0.971327658179608 0.00161874797966032 
0.0100966406836824 0.00031101703799652 6.47911381501559e-06 0.989585863164506 


