4 5

0.226039536064491 0.273960463935509 0.273960463935509 0.226039536064491 

0.603397602454715 0.135289148149913 0.0498242107248247 0.211489038670548 
0.00426766463278235 0.515512936023024 0.4598809882009 0.0203384111432931 
0.0203384111432931 0.4598809882009 0.515512936023024 0.00426766463278235 
0.211489038670548 0.0498242107248247 0.135289148149913 0.603397602454715 

0.419096757297832 0.0277200289667679 0.238634582203353 0.314548631532047 
0.0187323126698575 0.690758281647351 0.156422051723129 0.134087353959663 
0.134087353959663 0.156422051723129 0.690758281647351 0.0187323126698575 
0.314548631532047 0.238634582203353 0.0277200289667679 0.419096757297832 

0.565179794755827 0.254020440166775 0.0836761291856604 0.0971236358917377 
0.00118062214377075 0.516554936893219 0.462346463235444 0.0199179777275655 
0.0199179777275655 0.462346463235444 0.516554936893219 0.00118062214377075 
0.0971236358917377 0.0836761291856604 0.254020440166775 0.565179794755827 

0.51314876971195 0.00225554807990246 0.0340631702132991 0.450532511994848 
0.00220111374994225 0.65044629833997 0.347278619895095 7.3968014991827e-05 
7.3968014991827e-05 0.347278619895095 0.65044629833997 0.00220111374994225 
0.450532511994848 0.0340631702132991 0.00225554807990246 0.51314876971195 

0.786949056498399 0.00425337837060646 0.0103953357691409 0.198402229361853 
0.543066609084291 0.252046898776049 0.183565950395525 0.021320541744135 
0.021320541744135 0.183565950395525 0.252046898776049 0.543066609084291 
0.198402229361853 0.0103953357691409 0.00425337837060646 0.786949056498399 


