4 5

0.436669002170675 0.0633309978293255 0.0633309978293255 0.436669002170675 

0.502007378232687 0.000282564855589664 0.00330511036086365 0.49440494655086 
0.00395200846172792 0.657800712415772 0.309971795422979 0.0282754836995217 
0.0282754836995217 0.309971795422979 0.657800712415772 0.00395200846172792 
0.49440494655086 0.00330511036086365 0.000282564855589664 0.502007378232687 

0.663096311751184 0.00436905050763821 0.00238788454201282 0.330146753199165 
0.014710389914834 0.456863026874552 0.448967750420095 0.0794588327905195 
0.0794588327905195 0.448967750420095 0.456863026874552 0.014710389914834 
0.330146753199165 0.00238788454201282 0.00436905050763821 0.663096311751184 

0.422940779274452 0.0166172977407742 0.319142956832978 0.241298966151797 
0.00143357453032314 0.607921826849852 0.113712702244519 0.276931896375306 
0.276931896375306 0.113712702244519 0.607921826849852 0.00143357453032314 
0.241298966151797 0.319142956832978 0.0166172977407742 0.422940779274452 

0.145873671016572 0.316196878186884 0.535828854274299 0.0021005965222447 
0.0263600149603572 0.575939808075946 0.362351295976889 0.0353488809868082 
0.0353488809868082 0.362351295976889 0.575939808075946 0.0263600149603572 
0.0021005965222447 0.535828854274299 0.316196878186884 0.145873671016572 

0.550252979775432 0.0703567593923522 0.0191927389064151 0.360197521925801 
0.29944274636222 0.136236891451509 0.030648589824024 0.533671772362247 
0.533671772362247 0.030648589824024 0.136236891451509 0.29944274636222 
0.360197521925801 0.0191927389064151 0.0703567593923522 0.550252979775432 


