4 5

0.0133313601836562 0.486668639816344 0.486668639816344 0.0133313601836562 

0.372556684591115 0.244314744044196 0.0599585563255578 0.323170015039131 
0.0233530284706176 0.803838884072273 0.170834944453349 0.00197314300376046 
0.00197314300376046 0.170834944453349 0.803838884072273 0.0233530284706176 
0.323170015039131 0.0599585563255578 0.244314744044196 0.372556684591115 

0.404284627078574 0.162362633496689 0.0589034776632739 0.374449261761464 
0.0356848114480403 0.939776772187951 0.0141547098048538 0.0103837065591548 
0.0103837065591548 0.0141547098048538 0.939776772187951 0.0356848114480403 
0.374449261761464 0.0589034776632739 0.162362633496689 0.404284627078574 

0.421246676498193 0.143772534096526 0.0371224739645768 0.397858315440704 
0.000371852544387416 0.920778272358268 0.052138510858151 0.0267113642391933 
0.0267113642391933 0.052138510858151 0.920778272358268 0.000371852544387416 
0.397858315440704 0.0371224739645768 0.143772534096526 0.421246676498193 

0.794818780858774 0.076813064145648 0.0120354420297136 0.116332712965864 
0.00613699953120832 0.487548440156009 0.459950365260806 0.0463641950519765 
0.0463641950519765 0.459950365260806 0.487548440156009 0.00613699953120832 
0.116332712965864 0.0120354420297136 0.076813064145648 0.794818780858774 

0.925366626284108 0.0108243882533188 0.0010125566350762 0.0627964288274973 
0.0507484432592814 0.480613266816365 0.457235331814958 0.0114029581093958 
0.0114029581093958 0.457235331814958 0.480613266816365 0.0507484432592814 
0.0627964288274973 0.0010125566350762 0.0108243882533188 0.925366626284108 


