4 5

0.474600001820363 0.0253999981796369 0.0253999981796369 0.474600001820363 

0.713028314992762 0.000280840746613761 0.134578442430361 0.152112401830263 
0.0575843971125969 0.480868039035929 0.451226043188624 0.0103215206628496 
0.0103215206628496 0.451226043188624 0.480868039035929 0.0575843971125969 
0.152112401830263 0.134578442430361 0.000280840746613761 0.713028314992762 

0.505820544281135 0.0201915381826506 0.0718021056814279 0.402185811854786 
0.0404297365505793 0.556914135798352 0.272876399950629 0.129779727700439 
0.129779727700439 0.272876399950629 0.556914135798352 0.0404297365505793 
0.402185811854786 0.0718021056814279 0.0201915381826506 0.505820544281135 

0.598822765839221 0.0362796947532721 0.299987651341202 0.0649098880663055 
0.00498589780129982 0.517916326886442 0.456379210256119 0.0207185650561399 
0.0207185650561399 0.456379210256119 0.517916326886442 0.00498589780129982 
0.0649098880663055 0.299987651341202 0.0362796947532721 0.598822765839221 

0.895903112090248 0.00379356309429871 0.0574242881036326 0.0428790367118203 
0.386737586495924 0.192132013408779 0.106008136910896 0.315122263184402 
0.315122263184402 0.106008136910896 0.192132013408779 0.386737586495924 
0.0428790367118203 0.0574242881036326 0.00379356309429871 0.895903112090248 

0.526970957020534 0.0146542830922708 0.0394122063848673 0.418962553502328 
0.157819842493382 0.510048141805582 0.329968957992189 0.0021630577088473 
0.0021630577088473 0.329968957992189 0.510048141805582 0.157819842493382 
0.418962553502328 0.0394122063848673 0.0146542830922708 0.526970957020534 


