4 5

0.364837379544042 0.135162620455958 0.135162620455958 0.364837379544042 

0.979573877071137 0.00170974008761654 0.000304376039497458 0.0184120068017491 
0.00399275329484529 0.981021696089337 0.00542835106532302 0.00955719955049504 
0.00955719955049504 0.00542835106532302 0.981021696089337 0.00399275329484529 
0.0184120068017491 0.000304376039497458 0.00170974008761654 0.979573877071137 

0.987814130526413 0.000159433615829958 0.000759253393458807 0.0112671824642982 
0.00558809201034426 0.972787903097519 0.012044819164672 0.00957918572746487 
0.00957918572746487 0.012044819164672 0.972787903097519 0.00558809201034426 
0.0112671824642982 0.000759253393458807 0.000159433615829958 0.987814130526413 

0.983884892584406 0.00383124724016844 0.00544780000546389 0.00683606016996169 
1.37834765573386e-07 0.976683631028418 0.0117362395720921 0.0115799915647246 
0.0115799915647246 0.0117362395720921 0.976683631028418 1.37834765573386e-07 
0.00683606016996169 0.00544780000546389 0.00383124724016844 0.983884892584406 

0.984317373699485 0.00781321361406196 0.000173927314506705 0.00769548537194659 
0.000359288277419256 0.976175965451518 0.00942863834900726 0.0140361079220551 
0.0140361079220551 0.00942863834900726 0.976175965451518 0.000359288277419256 
0.00769548537194659 0.000173927314506705 0.00781321361406196 0.984317373699485 

0.970486286899283 0.00136966855321715 0.0024762794522171 0.0256677650952832 
0.000154968773785178 0.99038558130728 0.00694903667641533 0.00251041324251911 
0.00251041324251911 0.00694903667641533 0.99038558130728 0.000154968773785178 
0.0256677650952832 0.0024762794522171 0.00136966855321715 0.970486286899283 


