4 5

0.0463784205494449 0.453621579450555 0.453621579450555 0.0463784205494449 

0.883968178395612 0.00769913427945012 0.000185890373193505 0.108146796951745 
0.221079879570642 0.405614786956841 0.372841187329241 0.000464146143275571 
0.000464146143275571 0.372841187329241 0.405614786956841 0.221079879570642 
0.108146796951745 0.000185890373193505 0.00769913427945012 0.883968178395612 

0.426356076104515 0.158325569646505 0.3202718935014 0.0950464607475805 
0.0103150708651638 0.606732451909273 0.00245473343425984 0.380497743791303 
0.380497743791303 0.00245473343425984 0.606732451909273 0.0103150708651638 
0.0950464607475805 0.3202718935014 0.158325569646505 0.426356076104515 

0.281156170510457 0.199620831642336 0.364321537010042 0.154901460837165 
0.191847247838222 0.597970012391071 0.194993991980369 0.0151887477903376 
0.0151887477903376 0.194993991980369 0.597970012391071 0.191847247838222 
0.154901460837165 0.364321537010042 0.199620831642336 0.281156170510457 

0.543053838253788 0.121941529856735 0.0559144475701064 0.279090184319371 
0.0591108458314676 0.34469441161758 0.250052429602747 0.346142312948206 
0.346142312948206 0.250052429602747 0.34469441161758 0.0591108458314676 
0.279090184319371 0.0559144475701064 0.121941529856735 0.543053838253788 

0.640105037811196 0.0565875545585861 0.025890690913984 0.277416716716234 
0.593730272531857 0.28759613440256 0.030377725118218 0.0882958679473649 
0.0882958679473649 0.030377725118218 0.28759613440256 0.593730272531857 
0.277416716716234 0.025890690913984 0.0565875545585861 0.640105037811196 


