4 5

0.166996380547062 0.333003619452938 0.333003619452938 0.166996380547062 

0.702254027933957 0.0282366032703934 0.262359948630686 0.00714942016496456 
0.493235101181649 0.304217758564668 0.0589620897068506 0.143585050546833 
0.143585050546833 0.0589620897068506 0.304217758564668 0.493235101181649 
0.00714942016496456 0.262359948630686 0.0282366032703934 0.702254027933957 

0.701615489784521 0.0640921972275375 0.00512040080889515 0.229171912179047 
0.0165152683031121 0.365986256643544 0.337746284065787 0.279752190987557 
0.279752190987557 0.337746284065787 0.365986256643544 0.0165152683031121 
0.229171912179047 0.00512040080889515 0.0640921972275375 0.701615489784521 

0.51752761697656 0.0109777491538934 0.134313126530433 0.337181507339113 
0.125876234050784 0.464554532966069 0.113548956509095 0.296020276474053 
0.296020276474053 0.113548956509095 0.464554532966069 0.125876234050784 
0.337181507339113 0.134313126530433 0.0109777491538934 0.51752761697656 

0.226893445055691 0.583871704335478 0.0107047600927667 0.178530090516065 
0.00131725917161358 0.975571615998415 0.023082379350128 2.8745479843264e-05 
2.8745479843264e-05 0.023082379350128 0.975571615998415 0.00131725917161358 
0.178530090516065 0.0107047600927667 0.583871704335478 0.226893445055691 

0.553744260783331 0.258451222937593 0.0400112259440706 0.147793290335005 
0.0899189694991852 0.493468326494425 0.384505236013432 0.0321074679929584 
0.0321074679929584 0.384505236013432 0.493468326494425 0.0899189694991852 
0.147793290335005 0.0400112259440706 0.258451222937593 0.553744260783331 


