4 5

0.259093003696762 0.240906996303238 0.240906996303238 0.259093003696762 

0.507021410206484 0.0152307391090135 0.00208360130867319 0.47566424937583 
0.252440859276975 0.468054432511777 0.259343005852592 0.0201617023586558 
0.0201617023586558 0.259343005852592 0.468054432511777 0.252440859276975 
0.47566424937583 0.00208360130867319 0.0152307391090135 0.507021410206484 

0.640292681186531 0.063939093337263 0.00653402511161802 0.289234200364588 
0.394587342280107 0.198253593233803 0.150338309001639 0.256820755484451 
0.256820755484451 0.150338309001639 0.198253593233803 0.394587342280107 
0.289234200364588 0.00653402511161802 0.063939093337263 0.640292681186531 

0.535936247281532 0.102865485546986 0.00333916424983344 0.357859102921648 
0.533896403641812 0.397760096539918 0.0630660774400378 0.00527742237823248 
0.00527742237823248 0.0630660774400378 0.397760096539918 0.533896403641812 
0.357859102921648 0.00333916424983344 0.102865485546986 0.535936247281532 

0.646546037346405 0.079582835453062 0.00556922974254193 0.268301897457991 
0.478000379950652 0.311347963035132 0.203898839157193 0.00675281785702342 
0.00675281785702342 0.203898839157193 0.311347963035132 0.478000379950652 
0.268301897457991 0.00556922974254193 0.079582835453062 0.646546037346405 

0.449723437584974 0.0166920648955248 0.139874915784405 0.393709581735097 
0.0340033994405606 0.659763242272048 0.0196393757463342 0.286593982541057 
0.286593982541057 0.0196393757463342 0.659763242272048 0.0340033994405606 
0.393709581735097 0.139874915784405 0.0166920648955248 0.449723437584974 


