4 5

0.0569153567776084 0.443084643222392 0.443084643222392 0.0569153567776084 

0.489019281911917 0.00788113151935546 0.0160914659468115 0.487008120621916 
0.00420869455905007 0.676913911766132 0.256640960132746 0.0622364335420723 
0.0622364335420723 0.256640960132746 0.676913911766132 0.00420869455905007 
0.487008120621916 0.0160914659468115 0.00788113151935546 0.489019281911917 

0.479446249930663 0.0517125286104436 0.000183036802321478 0.468658184656572 
0.0410834627085528 0.593170438285139 0.365206725775424 0.000539373230884661 
0.000539373230884661 0.365206725775424 0.593170438285139 0.0410834627085528 
0.468658184656572 0.000183036802321478 0.0517125286104436 0.479446249930663 

0.473003904500115 0.00225809516382749 0.109277611637985 0.415460388698072 
0.000835016220676221 0.556942220404768 0.315897240935943 0.126325522438612 
0.126325522438612 0.315897240935943 0.556942220404768 0.000835016220676221 
0.415460388698072 0.109277611637985 0.00225809516382749 0.473003904500115 

0.42126975214009 0.048429716843495 0.133155299259474 0.397145231756941 
0.0577063662376159 0.60988316642216 0.150831987982231 0.181578479357993 
0.181578479357993 0.150831987982231 0.60988316642216 0.0577063662376159 
0.397145231756941 0.133155299259474 0.048429716843495 0.42126975214009 

0.365771342030658 0.0325516235705752 0.248642300127781 0.353034734270986 
0.0597911705546205 0.820227770534851 0.0155611974988168 0.104419861411712 
0.104419861411712 0.0155611974988168 0.820227770534851 0.0597911705546205 
0.353034734270986 0.248642300127781 0.0325516235705752 0.365771342030658 


