4 5

0.389434355427511 0.110565644572489 0.110565644572489 0.389434355427511 

0.982060725776144 0.0173564334192479 2.1413895052811e-05 0.000561426909555185 
0.00150391201943329 0.988199508360053 1.63436323644683e-05 0.0102802359881489 
0.0102802359881489 1.63436323644683e-05 0.988199508360053 0.00150391201943329 
0.000561426909555185 2.1413895052811e-05 0.0173564334192479 0.982060725776144 

0.987468190436005 0.00108119875509205 0.000898677485130612 0.0105519333237724 
0.00256541504658471 0.982922016998034 0.0141251202434137 0.000387447711967625 
0.000387447711967625 0.0141251202434137 0.982922016998034 0.00256541504658471 
0.0105519333237724 0.000898677485130612 0.00108119875509205 0.987468190436005 

0.974771856588622 0.0182821597105352 0.00604589601816176 0.000900087682680628 
0.00084897978345212 0.995594775378923 0.000911617680921628 0.00264462715670343 
0.00264462715670343 0.000911617680921628 0.995594775378923 0.00084897978345212 
0.000900087682680628 0.00604589601816176 0.0182821597105352 0.974771856588622 

0.987637801288685 0.00269887230253361 0.0014213474030589 0.00824197900572271 
0.0107037249436811 0.982664304361694 0.00107284457595247 0.00555912611867277 
0.00555912611867277 0.00107284457595247 0.982664304361694 0.0107037249436811 
0.00824197900572271 0.0014213474030589 0.00269887230253361 0.987637801288685 

0.995997959128104 0.000606366882751488 0.0019079612970895 0.00148771269205478 
0.00679824620423789 0.974392028809019 0.00576810709654851 0.0130416178901943 
0.0130416178901943 0.00576810709654851 0.974392028809019 0.00679824620423789 
0.00148771269205478 0.0019079612970895 0.000606366882751488 0.995997959128104 


