4 5

0.470712105045095 0.0292878949549049 0.0292878949549049 0.470712105045095 

0.839129231467511 0.0165381812886789 0.08187962570427 0.0624529615395399 
0.00843420516438552 0.441809066126522 0.432059850999007 0.117696877710085 
0.117696877710085 0.432059850999007 0.441809066126522 0.00843420516438552 
0.0624529615395399 0.08187962570427 0.0165381812886789 0.839129231467511 

0.174715844829315 0.44113719811586 0.220847024942451 0.163299932112374 
0.0155366813028832 0.669887545707988 0.312795910164541 0.00177986282458762 
0.00177986282458762 0.312795910164541 0.669887545707988 0.0155366813028832 
0.163299932112374 0.220847024942451 0.44113719811586 0.174715844829315 

0.496256592864465 0.00148541675711809 0.00658031570638575 0.495677674672031 
0.00949469414078619 0.890024142758026 0.0668468117494821 0.0336343513517053 
0.0336343513517053 0.0668468117494821 0.890024142758026 0.00949469414078619 
0.495677674672031 0.00658031570638575 0.00148541675711809 0.496256592864465 

0.727832839153708 0.00531916229417978 0.0242192021654419 0.242628796386671 
0.00707047341830629 0.471721218359619 0.469212658428993 0.0519956497930811 
0.0519956497930811 0.469212658428993 0.471721218359619 0.00707047341830629 
0.242628796386671 0.0242192021654419 0.00531916229417978 0.727832839153708 

0.624579500086486 0.0149142760056109 0.125230002352581 0.235276221555322 
0.0325176657873181 0.427951989182101 0.394929055876483 0.144601289154098 
0.144601289154098 0.394929055876483 0.427951989182101 0.0325176657873181 
0.235276221555322 0.125230002352581 0.0149142760056109 0.624579500086486 


