4 5

0.411032927571796 0.0889670724282041 0.0889670724282041 0.411032927571796 

0.989678936159336 0.00895674063594402 0.000865396258338437 0.000498926946381983 
0.00304777995356187 0.990455088904099 0.00248543958320774 0.00401169155913172 
0.00401169155913172 0.00248543958320774 0.990455088904099 0.00304777995356187 
0.000498926946381983 0.000865396258338437 0.00895674063594402 0.989678936159336 

0.997220158175567 1.96461760064106e-05 5.71861995943333e-05 0.00270300944883206 
0.00542168862180205 0.982973756727132 0.00873509972668796 0.00286945492437749 
0.00286945492437749 0.00873509972668796 0.982973756727132 0.00542168862180205 
0.00270300944883206 5.71861995943333e-05 1.96461760064106e-05 0.997220158175567 

0.992054937451144 0.00559896975514751 0.000746197163151937 0.00159989563055601 
0.00615104391800444 0.988098217461381 0.00506351385902781 0.000687224761586258 
0.000687224761586258 0.00506351385902781 0.988098217461381 0.00615104391800444 
0.00159989563055601 0.000746197163151937 0.00559896975514751 0.992054937451144 

0.986244485363608 0.0121227078712085 0.00145168744070978 0.000181119324474177 
0.00148464318504174 0.993893886528888 0.00104881907453536 0.00357265121153524 
0.00357265121153524 0.00104881907453536 0.993893886528888 0.00148464318504174 
0.000181119324474177 0.00145168744070978 0.0121227078712085 0.986244485363608 

0.99273391225949 0.000344205675260177 0.00440442162476739 0.00251746044048284 
0.000252474187178531 0.987421383634628 0.00380920479165497 0.00851693738653849 
0.00851693738653849 0.00380920479165497 0.987421383634628 0.000252474187178531 
0.00251746044048284 0.00440442162476739 0.000344205675260177 0.99273391225949 


