4 5

0.077274001785554 0.422725998214446 0.422725998214446 0.077274001785554 

0.97107800143544 0.0069246257705776 0.0127687156839743 0.00922865711000792 
0.000281342605352973 0.989508035500219 0.00907349297234661 0.0011371289220816 
0.0011371289220816 0.00907349297234661 0.989508035500219 0.000281342605352973 
0.00922865711000792 0.0127687156839743 0.0069246257705776 0.97107800143544 

0.982728979424542 0.000921811788572841 0.0122227327663341 0.00412647602055144 
0.0183214871915332 0.977707315088539 0.00392271583880305 4.84818811248185e-05 
4.84818811248185e-05 0.00392271583880305 0.977707315088539 0.0183214871915332 
0.00412647602055144 0.0122227327663341 0.000921811788572841 0.982728979424542 

0.982047901365291 0.000110944628420105 0.000320089709189166 0.0175210642970999 
0.0122496087478797 0.978551829952552 0.00904770880341682 0.000150852496151949 
0.000150852496151949 0.00904770880341682 0.978551829952552 0.0122496087478797 
0.0175210642970999 0.000320089709189166 0.000110944628420105 0.982047901365291 

0.973677344405491 0.000371608383049699 0.0015390497247271 0.0244119974867325 
0.000464475282123209 0.987142946628009 0.0115436113097654 0.000848966780102403 
0.000848966780102403 0.0115436113097654 0.987142946628009 0.000464475282123209 
0.0244119974867325 0.0015390497247271 0.000371608383049699 0.973677344405491 

0.980387888994687 0.000169381394357705 0.00644589642134222 0.0129968331896134 
0.00159793868527692 0.980233504177587 0.0152603188587068 0.00290823827842967 
0.00290823827842967 0.0152603188587068 0.980233504177587 0.00159793868527692 
0.0129968331896134 0.00644589642134222 0.000169381394357705 0.980387888994687 


