4 5

0.153894122457132 0.346105877542868 0.346105877542868 0.153894122457132 

0.983803687096275 0.0156124355788141 0.000573747616346562 1.01297085643437e-05 
0.000630521265134419 0.986439454818713 5.6295860168476e-05 0.0128737280559842 
0.0128737280559842 5.6295860168476e-05 0.986439454818713 0.000630521265134419 
1.01297085643437e-05 0.000573747616346562 0.0156124355788141 0.983803687096275 

0.973282770685514 0.000635199085328789 0.00797694132633602 0.0181050889028216 
0.00130697873566295 0.997264212619675 0.000711197274971265 0.000717611369690767 
0.000717611369690767 0.000711197274971265 0.997264212619675 0.00130697873566295 
0.0181050889028216 0.00797694132633602 0.000635199085328789 0.973282770685514 

0.985232899289304 0.00276282311932048 0.00722767311095278 0.00477660448042305 
3.80103718033613e-05 0.985086504920422 0.00891001012608833 0.00596547458168599 
0.00596547458168599 0.00891001012608833 0.985086504920422 3.80103718033613e-05 
0.00477660448042305 0.00722767311095278 0.00276282311932048 0.985232899289304 

0.982619660267128 0.0132150801019936 0.00123299796749885 0.00293226166337918 
0.00114660082966116 0.987692418722733 0.0110645490153233 9.64314322822863e-05 
9.64314322822863e-05 0.0110645490153233 0.987692418722733 0.00114660082966116 
0.00293226166337918 0.00123299796749885 0.0132150801019936 0.982619660267128 

0.986943574979239 0.000506516805853537 0.0101309287541143 0.00241897946079311 
0.000306632826381433 0.983421312889996 0.00392786841800807 0.0123441858656146 
0.0123441858656146 0.00392786841800807 0.983421312889996 0.000306632826381433 
0.00241897946079311 0.0101309287541143 0.000506516805853537 0.986943574979239 


