4 5

0.275843829731457 0.224156170268543 0.224156170268543 0.275843829731457 

0.996151207680135 0.00317652148628115 5.58896436147712e-05 0.000616381189969095 
0.00520044257291778 0.984059240562461 0.0105577266386901 0.000182590225931222 
0.000182590225931222 0.0105577266386901 0.984059240562461 0.00520044257291778 
0.000616381189969095 5.58896436147712e-05 0.00317652148628115 0.996151207680135 

0.992051651837157 0.00174339890919749 0.00033323076972992 0.00587171848391538 
0.00271315407823006 0.988077200105056 0.000853303111338855 0.00835634270537463 
0.00835634270537463 0.000853303111338855 0.988077200105056 0.00271315407823006 
0.00587171848391538 0.00033323076972992 0.00174339890919749 0.992051651837157 

0.98432120718708 0.00333213362361615 0.00498674382486166 0.00735991536444186 
0.000113387706663588 0.995849640179397 0.00305600873287226 0.000980963381066673 
0.000980963381066673 0.00305600873287226 0.995849640179397 0.000113387706663588 
0.00735991536444186 0.00498674382486166 0.00333213362361615 0.98432120718708 

0.997531605741163 0.00124429434151251 8.7330333647286e-05 0.00113676958367753 
0.0114297169715703 0.982646551918355 0.0037905189148425 0.00213321219523175 
0.00213321219523175 0.0037905189148425 0.982646551918355 0.0114297169715703 
0.00113676958367753 8.7330333647286e-05 0.00124429434151251 0.997531605741163 

0.996830789368657 7.30727431649453e-05 0.000419857366324863 0.0026762805218532 
0.0054069060076239 0.983376140196194 0.0105839802241469 0.000632973572035109 
0.000632973572035109 0.0105839802241469 0.983376140196194 0.0054069060076239 
0.0026762805218532 0.000419857366324863 7.30727431649453e-05 0.996830789368657 


