4 5

0.121911902213469 0.378088097786531 0.378088097786531 0.121911902213469 

0.973379199164383 0.00274280932596399 0.000229665664341078 0.0236483258453121 
0.00447344763085304 0.987402352943464 0.00799783830556761 0.000126361120115171 
0.000126361120115171 0.00799783830556761 0.987402352943464 0.00447344763085304 
0.0236483258453121 0.000229665664341078 0.00274280932596399 0.973379199164383 

0.974734970568529 0.000819474926400109 0.000945674332905378 0.0234998801721654 
0.00381643793801714 0.986001426435806 0.0052706494629447 0.00491148616323176 
0.00491148616323176 0.0052706494629447 0.986001426435806 0.00381643793801714 
0.0234998801721654 0.000945674332905378 0.000819474926400109 0.974734970568529 

0.990487538898501 0.000170522469688511 0.000334727760524018 0.00900721087128681 
0.0030054647914748 0.970152415523823 0.0132573342499773 0.0135847854347253 
0.0135847854347253 0.0132573342499773 0.970152415523823 0.0030054647914748 
0.00900721087128681 0.000334727760524018 0.000170522469688511 0.990487538898501 

0.980110346494461 0.00612450549292709 0.00147756654931997 0.0122875814632922 
0.00736774955560942 0.980481884351085 0.0118525240220742 0.000297842071231136 
0.000297842071231136 0.0118525240220742 0.980481884351085 0.00736774955560942 
0.0122875814632922 0.00147756654931997 0.00612450549292709 0.980110346494461 

0.997920273289387 0.000534240295785356 0.0011098361254453 0.000435650289382583 
0.00136799300531339 0.963389558204719 0.0338680585742153 0.00137439021575196 
0.00137439021575196 0.0338680585742153 0.963389558204719 0.00136799300531339 
0.000435650289382583 0.0011098361254453 0.000534240295785356 0.997920273289387 


