4 5

0.309584370814264 0.190415629185736 0.190415629185736 0.309584370814264 

0.354580885039132 0.0298328542133353 0.264932470827233 0.3506537899203 
0.31192273051115 0.334695944641914 0.282331089659249 0.0710502351876881 
0.0710502351876881 0.282331089659249 0.334695944641914 0.31192273051115 
0.3506537899203 0.264932470827233 0.0298328542133353 0.354580885039132 

0.620967617352189 0.127051978853464 0.0717015330687341 0.180278870725612 
0.274335323544633 0.405689271143422 0.291422409083357 0.0285529962285882 
0.0285529962285882 0.291422409083357 0.405689271143422 0.274335323544633 
0.180278870725612 0.0717015330687341 0.127051978853464 0.620967617352189 

0.353739330930436 0.348552579657849 0.0121128641751453 0.28559522523657 
0.0425634466247456 0.764851159548715 0.175480490944215 0.0171049028823248 
0.0171049028823248 0.175480490944215 0.764851159548715 0.0425634466247456 
0.28559522523657 0.0121128641751453 0.348552579657849 0.353739330930436 

0.49663396468244 0.0970217577636832 0.399875765276746 0.00646851227713077 
0.137262429718121 0.470661972675544 0.17882010145673 0.213255496149606 
0.213255496149606 0.17882010145673 0.470661972675544 0.137262429718121 
0.00646851227713077 0.399875765276746 0.0970217577636832 0.49663396468244 

0.795515855876979 0.0336637532152246 0.153817145639508 0.0170032452682884 
0.0152037694776811 0.447006499609433 0.390408374783583 0.147381356129303 
0.147381356129303 0.390408374783583 0.447006499609433 0.0152037694776811 
0.0170032452682884 0.153817145639508 0.0336637532152246 0.795515855876979 


