4 5

0.207982043619268 0.292017956380732 0.292017956380732 0.207982043619268 

0.984495527840944 8.51220054688788e-05 0.00297266197490849 0.0124466881786791 
5.13229130104523e-05 0.995724250428208 0.00161099736704967 0.00261342929173182 
0.00261342929173182 0.00161099736704967 0.995724250428208 5.13229130104523e-05 
0.0124466881786791 0.00297266197490849 8.51220054688788e-05 0.984495527840944 

0.986945811612668 0.000219433388780938 0.005792739566721 0.00704201543183031 
0.00313179299091119 0.993196435020531 0.00356042614455487 0.000111345844003041 
0.000111345844003041 0.00356042614455487 0.993196435020531 0.00313179299091119 
0.00704201543183031 0.005792739566721 0.000219433388780938 0.986945811612668 

0.990150093405262 0.000203759219793854 3.36121207461731e-05 0.00961253525419747 
6.17048211606027e-05 0.99004356036993 0.00967791506330584 0.000216819745603979 
0.000216819745603979 0.00967791506330584 0.99004356036993 6.17048211606027e-05 
0.00961253525419747 3.36121207461731e-05 0.000203759219793854 0.990150093405262 

0.982879725338571 0.00408821813821324 0.00240890207272782 0.0106231544504876 
2.37047784348266e-05 0.997335052808885 0.000993772455476605 0.00164746995720322 
0.00164746995720322 0.000993772455476605 0.997335052808885 2.37047784348266e-05 
0.0106231544504876 0.00240890207272782 0.00408821813821324 0.982879725338571 

0.999359572611696 0.000318527232152832 0.00014962678925271 0.000172273366898401 
0.00578685111742209 0.980830925623718 0.000857403374008747 0.0125248198848512 
0.0125248198848512 0.000857403374008747 0.980830925623718 0.00578685111742209 
0.000172273366898401 0.00014962678925271 0.000318527232152832 0.999359572611696 


