4 5

0.328159167664126 0.171840832335874 0.171840832335874 0.328159167664126 

0.626611418033425 0.0752264623092892 0.0014009995208529 0.296761120136433 
0.295480888546541 0.38730183084387 0.310561851997708 0.00665542861188168 
0.00665542861188168 0.310561851997708 0.38730183084387 0.295480888546541 
0.296761120136433 0.0014009995208529 0.0752264623092892 0.626611418033425 

0.466438150159332 0.00708413940389164 0.0604903697183905 0.465987340718386 
0.0555833404956226 0.700627461748674 0.237605541706487 0.00618365604921647 
0.00618365604921647 0.237605541706487 0.700627461748674 0.0555833404956226 
0.465987340718386 0.0604903697183905 0.00708413940389164 0.466438150159332 

0.290009824928709 0.159524423717392 0.281810355210896 0.268655396143002 
0.245622906237396 0.456619525486492 0.132610956474145 0.165146611801967 
0.165146611801967 0.132610956474145 0.456619525486492 0.245622906237396 
0.268655396143002 0.281810355210896 0.159524423717392 0.290009824928709 

0.497132502051412 0.000340364418013803 0.00951335881076473 0.49301377471981 
0.0314598510493843 0.76421106467989 0.203167069758094 0.00116201451263174 
0.00116201451263174 0.203167069758094 0.76421106467989 0.0314598510493843 
0.49301377471981 0.00951335881076473 0.000340364418013803 0.497132502051412 

0.48081922122711 0.0194909263900498 0.0275639971028796 0.472125855279961 
0.108860250688475 0.564454190826242 0.323471409018837 0.00321414946644668 
0.00321414946644668 0.323471409018837 0.564454190826242 0.108860250688475 
0.472125855279961 0.0275639971028796 0.0194909263900498 0.48081922122711 


