4 5

0.138621135265566 0.361378864734434 0.361378864734434 0.138621135265566 

0.966304393503568 1.66840343835603e-05 0.000169328389203396 0.0335095940728448 
0.00366831966811302 0.994892158558502 0.00139784562030026 4.16761530849981e-05 
4.16761530849981e-05 0.00139784562030026 0.994892158558502 0.00366831966811302 
0.0335095940728448 0.000169328389203396 1.66840343835603e-05 0.966304393503568 

0.980441872508055 9.05040585046817e-07 0.0002535835138958 0.0193036389374638 
0.000297645275842522 0.980287633014891 0.0166490376825164 0.00276568402675027 
0.00276568402675027 0.0166490376825164 0.980287633014891 0.000297645275842522 
0.0193036389374638 0.0002535835138958 9.05040585046817e-07 0.980441872508055 

0.973566952530612 0.00780248110138667 0.00280760342031598 0.0158229629476853 
0.0012764703069318 0.987071683857503 0.0100721941194945 0.00157965171607042 
0.00157965171607042 0.0100721941194945 0.987071683857503 0.0012764703069318 
0.0158229629476853 0.00280760342031598 0.00780248110138667 0.973566952530612 

0.965746452720048 0.00744754448509534 0.00060205009488755 0.0262039526999694 
0.000219478483860527 0.995238544607937 0.00214378958333356 0.00239818732486894 
0.00239818732486894 0.00214378958333356 0.995238544607937 0.000219478483860527 
0.0262039526999694 0.00060205009488755 0.00744754448509534 0.965746452720048 

0.966785874423578 0.0227898347671074 0.00514360586209455 0.00528068494722012 
0.000515090051319273 0.993847472518122 0.00136969585987712 0.00426774157068117 
0.00426774157068117 0.00136969585987712 0.993847472518122 0.000515090051319273 
0.00528068494722012 0.00514360586209455 0.0227898347671074 0.966785874423578 


