4 5

0.350304921623319 0.149695078376681 0.149695078376681 0.350304921623319 

0.97313329158223 0.0051324743646159 0.0105832679065961 0.011150966146558 
0.000625044301802398 0.99730935355381 0.00200919417192885 5.64079724591315e-05 
5.64079724591315e-05 0.00200919417192885 0.99730935355381 0.000625044301802398 
0.011150966146558 0.0105832679065961 0.0051324743646159 0.97313329158223 

0.989488060036084 0.00785747003101178 6.55068320035697e-05 0.00258896310090068 
0.0058433138902781 0.980818476958975 0.00514873341649219 0.00818947573425481 
0.00818947573425481 0.00514873341649219 0.980818476958975 0.0058433138902781 
0.00258896310090068 6.55068320035697e-05 0.00785747003101178 0.989488060036084 

0.986056473107931 0.000914465976660375 0.00884038921161264 0.00418867170379561 
0.000296302014092751 0.984276125750282 0.00866178429548786 0.0067657879401371 
0.0067657879401371 0.00866178429548786 0.984276125750282 0.000296302014092751 
0.00418867170379561 0.00884038921161264 0.000914465976660375 0.986056473107931 

0.982958889721917 0.00715467339676867 0.00270967420531754 0.00717676267599671 
0.00601487795016335 0.987359828682384 0.00610154412114783 0.00052374924630457 
0.00052374924630457 0.00610154412114783 0.987359828682384 0.00601487795016335 
0.00717676267599671 0.00270967420531754 0.00715467339676867 0.982958889721917 

0.993554327148204 2.06405325021738e-05 0.0021762486329262 0.00424878368636739 
0.000501670708941627 0.976827850714165 0.00983637041021124 0.0128341081666821 
0.0128341081666821 0.00983637041021124 0.976827850714165 0.000501670708941627 
0.00424878368636739 0.0021762486329262 2.06405325021738e-05 0.993554327148204 


