4 5

0.448457663995214 0.0515423360047862 0.0515423360047862 0.448457663995214 

0.467224891652807 0.128363230831974 0.0284397555524575 0.375972121962761 
0.134489309721532 0.606917131133581 0.20926635886519 0.0493272002796972 
0.0493272002796972 0.20926635886519 0.606917131133581 0.134489309721532 
0.375972121962761 0.0284397555524575 0.128363230831974 0.467224891652807 

0.510318790600627 0.00935196595306913 0.0294992061562028 0.450830037290101 
0.187202957577191 0.573226275621997 0.0712659500210797 0.168304816779732 
0.168304816779732 0.0712659500210797 0.573226275621997 0.187202957577191 
0.450830037290101 0.0294992061562028 0.00935196595306913 0.510318790600627 

0.463789942037463 0.0444618305036621 0.221794370451663 0.269953857007212 
0.0471562269722882 0.557371610745782 0.122859398870922 0.272612763411008 
0.272612763411008 0.122859398870922 0.557371610745782 0.0471562269722882 
0.269953857007212 0.221794370451663 0.0444618305036621 0.463789942037463 

0.499833001514017 0.0355731796826059 0.00019643905123562 0.464397379752142 
0.000337220001449104 0.744951843089786 0.222144259152034 0.0325666777567309 
0.0325666777567309 0.222144259152034 0.744951843089786 0.000337220001449104 
0.464397379752142 0.00019643905123562 0.0355731796826059 0.499833001514017 

0.244959720467633 0.259701147711008 0.295929269161121 0.199409862660239 
0.0119194169189379 0.955403918071049 0.0314534612693333 0.00122320374067929 
0.00122320374067929 0.0314534612693333 0.955403918071049 0.0119194169189379 
0.199409862660239 0.295929269161121 0.259701147711008 0.244959720467633 


