4 5

0.363579254015349 0.136420745984651 0.136420745984651 0.363579254015349 

0.995351227505437 0.00096822269946594 2.70030182276752e-05 0.00365354677686891 
1.52013862952413e-06 0.984896546506203 0.0149343021955067 0.000167631159661235 
0.000167631159661235 0.0149343021955067 0.984896546506203 1.52013862952413e-06 
0.00365354677686891 2.70030182276752e-05 0.00096822269946594 0.995351227505437 

0.989137249479371 1.4058928351222e-05 0.00152266707519782 0.00932602451708014 
0.000155771092420481 0.991046334180285 0.00879454689332337 3.34783397116313e-06 
3.34783397116313e-06 0.00879454689332337 0.991046334180285 0.000155771092420481 
0.00932602451708014 0.00152266707519782 1.4058928351222e-05 0.989137249479371 

0.993389176657183 2.58232723302787e-05 0.000105799642162812 0.00647920042832362 
0.000380773387899969 0.986825003179691 0.012743341973193 5.08814592163002e-05 
5.08814592163002e-05 0.012743341973193 0.986825003179691 0.000380773387899969 
0.00647920042832362 0.000105799642162812 2.58232723302787e-05 0.993389176657183 

0.992500398927184 0.00560317715414671 0.000259676249538265 0.00163674766913147 
0.00297272004493245 0.98762645649648 0.00145703969107958 0.00794378376750802 
0.00794378376750802 0.00145703969107958 0.98762645649648 0.00297272004493245 
0.00163674766913147 0.000259676249538265 0.00560317715414671 0.992500398927184 

0.983739506681062 0.000115312345831981 0.000755897844651104 0.0153892831284544 
3.9063497307556e-05 0.996528056511397 0.00326178615264233 0.000171093838653414 
0.000171093838653414 0.00326178615264233 0.996528056511397 3.9063497307556e-05 
0.0153892831284544 0.000755897844651104 0.000115312345831981 0.983739506681062 


