4 5

0.49387484928593 0.0061251507140696 0.0061251507140696 0.49387484928593 

0.992782628575257 5.54309706707688e-05 0.000479202304661439 0.00668273814941078 
0.00386194706888182 0.98735211500765 0.00178146636392779 0.00700447155954038 
0.00700447155954038 0.00178146636392779 0.98735211500765 0.00386194706888182 
0.00668273814941078 0.000479202304661439 5.54309706707688e-05 0.992782628575257 

0.987623090831756 0.00967640555744548 0.00040070924810503 0.00229979436269362 
0.00334399513553724 0.992520873876501 0.0020571838963252 0.0020779470916365 
0.0020779470916365 0.0020571838963252 0.992520873876501 0.00334399513553724 
0.00229979436269362 0.00040070924810503 0.00967640555744548 0.987623090831756 

0.994950363540779 9.16521720046585e-05 0.000424751354951041 0.00453323293226543 
0.0115897707412846 0.985186054775097 0.000767520608924543 0.00245665387469388 
0.00245665387469388 0.000767520608924543 0.985186054775097 0.0115897707412846 
0.00453323293226543 0.000424751354951041 9.16521720046585e-05 0.994950363540779 

0.997129537419823 9.0524949728025e-07 0.000219079129737148 0.00265047820094261 
0.000492719440217356 0.983159045227467 0.0163022639571485 4.597137516669e-05 
4.597137516669e-05 0.0163022639571485 0.983159045227467 0.000492719440217356 
0.00265047820094261 0.000219079129737148 9.0524949728025e-07 0.997129537419823 

0.992996445983286 0.000316312994948168 0.00389664531676092 0.00279059570500489 
0.0028566001248494 0.987166828079803 0.00994170456385601 3.48672314918737e-05 
3.48672314918737e-05 0.00994170456385601 0.987166828079803 0.0028566001248494 
0.00279059570500489 0.00389664531676092 0.000316312994948168 0.992996445983286 


