4 5

0.366603016736917 0.133396983263083 0.133396983263083 0.366603016736917 

0.990146447417302 0.000103193681267149 2.03794547991082e-05 0.00972997944663151 
0.000697791042848928 0.980283201922486 0.0161304811386957 0.00288852589596924 
0.00288852589596924 0.0161304811386957 0.980283201922486 0.000697791042848928 
0.00972997944663151 2.03794547991082e-05 0.000103193681267149 0.990146447417302 

0.988162789590539 0.000604914883449792 0.00459440863333053 0.00663788689268024 
0.00809990680718481 0.982145306680537 0.00972863968328153 2.61468289968784e-05 
2.61468289968784e-05 0.00972863968328153 0.982145306680537 0.00809990680718481 
0.00663788689268024 0.00459440863333053 0.000604914883449792 0.988162789590539 

0.986232660479987 0.00525018881133726 0.00177929717780129 0.00673785353087469 
0.00156298939934242 0.98412126509486 0.013792678176497 0.000523067329300838 
0.000523067329300838 0.013792678176497 0.98412126509486 0.00156298939934242 
0.00673785353087469 0.00177929717780129 0.00525018881133726 0.986232660479987 

0.992494281816917 0.0056805209535253 0.000484951068157083 0.00134024616140094 
0.0168431401015523 0.977893566801537 0.00476036105245925 0.000502932044451192 
0.000502932044451192 0.00476036105245925 0.977893566801537 0.0168431401015523 
0.00134024616140094 0.000484951068157083 0.0056805209535253 0.992494281816917 

0.986644951528473 0.000106000538231013 0.00160432092981993 0.0116447270034765 
0.000974478514568945 0.983695917875295 0.00823946041506374 0.00709014319507223 
0.00709014319507223 0.00823946041506374 0.983695917875295 0.000974478514568945 
0.0116447270034765 0.00160432092981993 0.000106000538231013 0.986644951528473 


