4 5

0.117949946084991 0.382050053915009 0.382050053915009 0.117949946084991 

0.974035932785811 5.14233048872145e-05 0.00402337120298197 0.0218892727063197 
0.00257777080143145 0.986690643745567 0.00731946993496002 0.00341211551804106 
0.00341211551804106 0.00731946993496002 0.986690643745567 0.00257777080143145 
0.0218892727063197 0.00402337120298197 5.14233048872145e-05 0.974035932785811 

0.979256746856485 0.00177898101583881 4.72221924262874e-05 0.0189170499352504 
0.0015029674842695 0.981446552440864 0.0152972983976544 0.00175318167721237 
0.00175318167721237 0.0152972983976544 0.981446552440864 0.0015029674842695 
0.0189170499352504 4.72221924262874e-05 0.00177898101583881 0.979256746856485 

0.982747129508894 0.00155533065636974 0.0156203871262254 7.71527085111634e-05 
0.0145331335007942 0.977709965430671 0.00761307876082112 0.000143822307713987 
0.000143822307713987 0.00761307876082112 0.977709965430671 0.0145331335007942 
7.71527085111634e-05 0.0156203871262254 0.00155533065636974 0.982747129508894 

0.989291248789923 0.00148097206370406 8.84606162485204e-05 0.00913931853012412 
0.00648127058833188 0.97142440294416 0.0188780550605097 0.00321627140699847 
0.00321627140699847 0.0188780550605097 0.97142440294416 0.00648127058833188 
0.00913931853012412 8.84606162485204e-05 0.00148097206370406 0.989291248789923 

0.994292648582269 0.00284701332995026 0.00120227888739237 0.0016580592003882 
0.000126636137648069 0.96640791099403 0.0121886436047242 0.0212768092635978 
0.0212768092635978 0.0121886436047242 0.96640791099403 0.000126636137648069 
0.0016580592003882 0.00120227888739237 0.00284701332995026 0.994292648582269 


