4 5

0.446947697899304 0.0530523021006957 0.0530523021006957 0.446947697899304 

0.726356250271256 0.0620302566177716 0.150253438068625 0.0613600550423478 
0.0289238630884407 0.501371547354948 0.468736164375578 0.000968425181032431 
0.000968425181032431 0.468736164375578 0.501371547354948 0.0289238630884407 
0.0613600550423478 0.150253438068625 0.0620302566177716 0.726356250271256 

0.486130036454627 0.0819934735718372 0.290289147818867 0.141587342154669 
0.00309121620691301 0.526817331945894 0.353831678759766 0.116259773087428 
0.116259773087428 0.353831678759766 0.526817331945894 0.00309121620691301 
0.141587342154669 0.290289147818867 0.0819934735718372 0.486130036454627 

0.454102766391974 0.179978658939861 0.0124380838792654 0.3534804907889 
0.197367384265651 0.555367954673092 0.0881589225798422 0.159105738481415 
0.159105738481415 0.0881589225798422 0.555367954673092 0.197367384265651 
0.3534804907889 0.0124380838792654 0.179978658939861 0.454102766391974 

0.218661855389813 0.0553298070202469 0.554573674658359 0.171434662931581 
0.0243283865188484 0.933252274806378 0.0354163871797027 0.00700295149507075 
0.00700295149507075 0.0354163871797027 0.933252274806378 0.0243283865188484 
0.171434662931581 0.554573674658359 0.0553298070202469 0.218661855389813 

0.506673336858205 0.00118715789417127 0.0245145987902049 0.467624906457419 
0.0688779163855475 0.718843616298964 0.0955791902596598 0.116699277055829 
0.116699277055829 0.0955791902596598 0.718843616298964 0.0688779163855475 
0.467624906457419 0.0245145987902049 0.00118715789417127 0.506673336858205 


