4 5

0.48063759424258 0.0193624057574198 0.0193624057574198 0.48063759424258 

0.994124411700839 0.000660691798147744 0.00509299033895307 0.000121906162060426 
0.00210903717245784 0.976290144457281 0.00939656217399887 0.0122042561962627 
0.0122042561962627 0.00939656217399887 0.976290144457281 0.00210903717245784 
0.000121906162060426 0.00509299033895307 0.000660691798147744 0.994124411700839 

0.987083149452116 0.000413242202392704 0.000265782927970405 0.0122378254175208 
0.000573295040690184 0.983327116719983 0.0144530191248503 0.00164656911447666 
0.00164656911447666 0.0144530191248503 0.983327116719983 0.000573295040690184 
0.0122378254175208 0.000265782927970405 0.000413242202392704 0.987083149452116 

0.98622336100858 0.00100600189446354 2.037872619054e-05 0.0127502583707662 
0.000316884902999918 0.984084582564063 0.000523662056225005 0.0150748704767126 
0.0150748704767126 0.000523662056225005 0.984084582564063 0.000316884902999918 
0.0127502583707662 2.037872619054e-05 0.00100600189446354 0.98622336100858 

0.98637951882384 0.000185135342317339 0.00153371627614741 0.0119016295576955 
0.00121015734784852 0.984025650279724 0.0145462888667828 0.000217903505644602 
0.000217903505644602 0.0145462888667828 0.984025650279724 0.00121015734784852 
0.0119016295576955 0.00153371627614741 0.000185135342317339 0.98637951882384 

0.978800022584348 0.000772900854034221 8.04291662126793e-05 0.020346647395405 
0.00482952695150427 0.991684154914066 0.00165969220969703 0.00182662592473295 
0.00182662592473295 0.00165969220969703 0.991684154914066 0.00482952695150427 
0.020346647395405 8.04291662126793e-05 0.000772900854034221 0.978800022584348 


