4 5

0.400441891746596 0.0995581082534045 0.0995581082534045 0.400441891746596 

0.680753664815978 0.00742015116951151 0.0222099292160681 0.289616254798442 
0.252161542402213 0.291783397333436 0.18684838864595 0.269206671618401 
0.269206671618401 0.18684838864595 0.291783397333436 0.252161542402213 
0.289616254798442 0.0222099292160681 0.00742015116951151 0.680753664815978 

0.392414377707012 0.207789329567472 0.0705904712665608 0.329205821458955 
0.00691058036336469 0.63331294875378 0.302253403649653 0.057523067233202 
0.057523067233202 0.302253403649653 0.63331294875378 0.00691058036336469 
0.329205821458955 0.0705904712665608 0.207789329567472 0.392414377707012 

0.775172902098209 0.136692415080942 0.0194297189471181 0.0687049638737307 
0.0219298478670933 0.504913521052072 0.470118995741083 0.00303763533975146 
0.00303763533975146 0.470118995741083 0.504913521052072 0.0219298478670933 
0.0687049638737307 0.0194297189471181 0.136692415080942 0.775172902098209 

0.779361753023201 0.0567439428692918 0.00704244939103786 0.156851854716469 
0.0620359027792939 0.487901634382348 0.449322183158919 0.000740279679439074 
0.000740279679439074 0.449322183158919 0.487901634382348 0.0620359027792939 
0.156851854716469 0.00704244939103786 0.0567439428692918 0.779361753023201 

0.471354117959193 0.00603592567837061 0.182054197624588 0.340555758737848 
0.000462491542996983 0.601932387714221 0.341217102601869 0.0563880181409127 
0.0563880181409127 0.341217102601869 0.601932387714221 0.000462491542996983 
0.340555758737848 0.182054197624588 0.00603592567837061 0.471354117959193 


