4 5

0.132674909196794 0.367325090803206 0.367325090803206 0.132674909196794 

0.907943249360302 0.0245881075657514 0.0213601701996865 0.0461084728742597 
0.0257914171638327 0.484918476879268 0.48441858613747 0.00487151981942931 
0.00487151981942931 0.48441858613747 0.484918476879268 0.0257914171638327 
0.0461084728742597 0.0213601701996865 0.0245881075657514 0.907943249360302 

0.40403193793687 0.0499637684806438 0.15189337394044 0.394110919642046 
0.0338867274055685 0.613825886747191 0.29172702130987 0.06056036453737 
0.06056036453737 0.29172702130987 0.613825886747191 0.0338867274055685 
0.394110919642046 0.15189337394044 0.0499637684806438 0.40403193793687 

0.760071440322408 0.00269889496393652 7.57592080964107e-05 0.237153905505559 
0.00186755161304355 0.487757783208008 0.487204769592911 0.0231698955860372 
0.0231698955860372 0.487204769592911 0.487757783208008 0.00186755161304355 
0.237153905505559 7.57592080964107e-05 0.00269889496393652 0.760071440322408 

0.912792858009727 7.67443116367184e-05 0.000410270572197351 0.0867201271064388 
0.00156664107562158 0.49935717062806 0.49895077235043 0.000125415945888624 
0.000125415945888624 0.49895077235043 0.49935717062806 0.00156664107562158 
0.0867201271064388 0.000410270572197351 7.67443116367184e-05 0.912792858009727 

0.270450825253015 0.161340705827769 0.482778220765433 0.0854302481537833 
0.0101010867170597 0.502823706202572 0.449883515891697 0.0371916911886711 
0.0371916911886711 0.449883515891697 0.502823706202572 0.0101010867170597 
0.0854302481537833 0.482778220765433 0.161340705827769 0.270450825253015 


