4 5

0.30927969457116 0.19072030542884 0.19072030542884 0.30927969457116 

0.995018583755846 4.46443370606475e-05 0.000128845441977324 0.00480792646511641 
0.000982178757907309 0.97555351822776 0.0215440123105305 0.00192029070380216 
0.00192029070380216 0.0215440123105305 0.97555351822776 0.000982178757907309 
0.00480792646511641 0.000128845441977324 4.46443370606475e-05 0.995018583755846 

0.982149963158911 0.0127617749647488 0.00256547198694457 0.00252278988939569 
0.000424383815385686 0.98811783858231 0.00333217362965943 0.00812560397264538 
0.00812560397264538 0.00333217362965943 0.98811783858231 0.000424383815385686 
0.00252278988939569 0.00256547198694457 0.0127617749647488 0.982149963158911 

0.99313478227151 0.000302168964948313 0.00131698373894925 0.00524606502459246 
4.82545198254052e-05 0.977426991127338 0.02251840160281 6.35275002655321e-06 
6.35275002655321e-06 0.02251840160281 0.977426991127338 4.82545198254052e-05 
0.00524606502459246 0.00131698373894925 0.000302168964948313 0.99313478227151 

0.977858294821513 0.00046176416869486 0.00692186516696076 0.0147580758428316 
0.000587963025697154 0.992556306286822 0.00681308845169099 4.26422357900171e-05 
4.26422357900171e-05 0.00681308845169099 0.992556306286822 0.000587963025697154 
0.0147580758428316 0.00692186516696076 0.00046176416869486 0.977858294821513 

0.974667096777845 0.00225161536714445 2.31240046252423e-05 0.0230581638503853 
2.33625201765238e-05 0.995955259714986 0.0039299519318261 9.14258330110433e-05 
9.14258330110433e-05 0.0039299519318261 0.995955259714986 2.33625201765238e-05 
0.0230581638503853 2.31240046252423e-05 0.00225161536714445 0.974667096777845 


