4 5

0.458740845206194 0.0412591547938064 0.0412591547938064 0.458740845206194 

0.354636615653367 0.281887009076827 0.0758492454456952 0.287627129824111 
0.197660383583609 0.647100928817953 0.123823038132503 0.031415649465935 
0.031415649465935 0.123823038132503 0.647100928817953 0.197660383583609 
0.287627129824111 0.0758492454456952 0.281887009076827 0.354636615653367 

0.488206363255978 0.0774612610631797 0.150233012092851 0.284099363587991 
0.0232884420959718 0.46424005131736 0.446680832668746 0.0657906739179227 
0.0657906739179227 0.446680832668746 0.46424005131736 0.0232884420959718 
0.284099363587991 0.150233012092851 0.0774612610631797 0.488206363255978 

0.419629850100902 0.00720997096375663 0.155808500087741 0.4173516788476 
0.0814169509847783 0.818251012770166 0.00991646008112179 0.0904155761639339 
0.0904155761639339 0.00991646008112179 0.818251012770166 0.0814169509847783 
0.4173516788476 0.155808500087741 0.00720997096375663 0.419629850100902 

0.474459229487506 0.0163893095515543 0.0357138007205396 0.4734376602404 
0.0191301454180452 0.754403606949947 0.197178425939328 0.0292878216926793 
0.0292878216926793 0.197178425939328 0.754403606949947 0.0191301454180452 
0.4734376602404 0.0357138007205396 0.0163893095515543 0.474459229487506 

0.425499788577952 0.451017907921824 0.0675268730967647 0.0559554304034598 
0.185189504516791 0.494370644584365 0.309925954390838 0.0105138965080065 
0.0105138965080065 0.309925954390838 0.494370644584365 0.185189504516791 
0.0559554304034598 0.0675268730967647 0.451017907921824 0.425499788577952 


