4 5

0.464861517073587 0.0351384829264134 0.0351384829264134 0.464861517073587 

0.978457061052312 0.00826094807752309 0.00112319371657388 0.012158797153591 
0.00834767161535024 0.982111140352584 0.00595505214756864 0.00358613588449738 
0.00358613588449738 0.00595505214756864 0.982111140352584 0.00834767161535024 
0.012158797153591 0.00112319371657388 0.00826094807752309 0.978457061052312 

0.994972781013645 1.30072834160928e-05 4.41276605660841e-08 0.00501416757527845 
1.37780823688247e-06 0.966173565619572 0.0316141515161364 0.00221090505605443 
0.00221090505605443 0.0316141515161364 0.966173565619572 1.37780823688247e-06 
0.00501416757527845 4.41276605660841e-08 1.30072834160928e-05 0.994972781013645 

0.989699574375118 0.00160901169577526 0.00216539581691361 0.00652601811219339 
0.0207710105625663 0.970859900244743 0.00319227068963845 0.00517681850305205 
0.00517681850305205 0.00319227068963845 0.970859900244743 0.0207710105625663 
0.00652601811219339 0.00216539581691361 0.00160901169577526 0.989699574375118 

0.990752314540963 0.000198866140429676 0.00380305130266729 0.00524576801594012 
0.0123415760220359 0.969927323539076 0.0172242381564138 0.000506862282474777 
0.000506862282474777 0.0172242381564138 0.969927323539076 0.0123415760220359 
0.00524576801594012 0.00380305130266729 0.000198866140429676 0.990752314540963 

0.975034541398941 0.012133236903976 0.00400241129466382 0.00882981040241915 
0.000592955749246808 0.985529019541596 0.0132137150018336 0.00066430970732387 
0.00066430970732387 0.0132137150018336 0.985529019541596 0.000592955749246808 
0.00882981040241915 0.00400241129466382 0.012133236903976 0.975034541398941 


