4 5

0.00817266199737787 0.491827338002622 0.491827338002622 0.00817266199737787 

0.993177295914271 0.000891471444781616 0.00377392033753189 0.00215731230341543 
0.00523838880323158 0.986967429791281 0.00715733929901108 0.000636842106476403 
0.000636842106476403 0.00715733929901108 0.986967429791281 0.00523838880323158 
0.00215731230341543 0.00377392033753189 0.000891471444781616 0.993177295914271 

0.981501210328677 0.00718131664822296 0.000939530599766151 0.010377942423334 
5.71809600833865e-05 0.998729852664841 0.00103167716748692 0.000181289207588814 
0.000181289207588814 0.00103167716748692 0.998729852664841 5.71809600833865e-05 
0.010377942423334 0.000939530599766151 0.00718131664822296 0.981501210328677 

0.989939765154888 0.000328523930550204 0.000678809671446803 0.00905290124311525 
0.00675802363139654 0.990207800307473 0.00287977601376277 0.00015440004736723 
0.00015440004736723 0.00287977601376277 0.990207800307473 0.00675802363139654 
0.00905290124311525 0.000678809671446803 0.000328523930550204 0.989939765154888 

0.986605887808239 0.000328806163643368 1.45781617756589e-05 0.0130507278663422 
0.00220778059141188 0.993600924860989 0.00384842627574267 0.00034286827185684 
0.00034286827185684 0.00384842627574267 0.993600924860989 0.00220778059141188 
0.0130507278663422 1.45781617756589e-05 0.000328806163643368 0.986605887808239 

0.984718339363968 0.00545623402207513 0.00544367500992487 0.0043817516040322 
0.000499310472080886 0.9954362130846 0.00198096032876688 0.00208351611455245 
0.00208351611455245 0.00198096032876688 0.9954362130846 0.000499310472080886 
0.0043817516040322 0.00544367500992487 0.00545623402207513 0.984718339363968 


