4 5

0.310578069300391 0.189421930699609 0.189421930699609 0.310578069300391 

0.931669815372105 0.0291125885200764 0.0135159570426326 0.0257016390651856 
0.0560833879525794 0.290637789206711 0.256426529750351 0.396852293090358 
0.396852293090358 0.256426529750351 0.290637789206711 0.0560833879525794 
0.0257016390651856 0.0135159570426326 0.0291125885200764 0.931669815372105 

0.37651284501889 0.259260443985548 0.0797908803419936 0.284435830653569 
0.076808174242981 0.597477021912296 0.228612280403907 0.0971025234408157 
0.0971025234408157 0.228612280403907 0.597477021912296 0.076808174242981 
0.284435830653569 0.0797908803419936 0.259260443985548 0.37651284501889 

0.541208486538996 0.0913593617646554 0.00216691760811007 0.365265234088238 
0.0601252910402271 0.53786483012064 0.389045210344891 0.0129646684942422 
0.0129646684942422 0.389045210344891 0.53786483012064 0.0601252910402271 
0.365265234088238 0.00216691760811007 0.0913593617646554 0.541208486538996 

0.443769430853892 0.140330980431562 0.0289154550605102 0.386984133654036 
0.124834010713913 0.745344018230946 0.0919310004322907 0.0378909706228501 
0.0378909706228501 0.0919310004322907 0.745344018230946 0.124834010713913 
0.386984133654036 0.0289154550605102 0.140330980431562 0.443769430853892 

0.371787784594286 0.418110043028692 0.146641223160278 0.0634609492167451 
0.00588738242140479 0.56627514905289 0.42456016703284 0.00327730149286482 
0.00327730149286482 0.42456016703284 0.56627514905289 0.00588738242140479 
0.0634609492167451 0.146641223160278 0.418110043028692 0.371787784594286 


