4 5

0.414857092080638 0.0851429079193622 0.0851429079193622 0.414857092080638 

0.99696909647062 0.00152928274902208 0.000426502569415019 0.00107511821094258 
0.00157905967216076 0.973426575321205 0.00623681551514649 0.0187575494914882 
0.0187575494914882 0.00623681551514649 0.973426575321205 0.00157905967216076 
0.00107511821094258 0.000426502569415019 0.00152928274902208 0.99696909647062 

0.990445141422507 0.00806999492047881 0.00103036318792323 0.000454500469090902 
0.00551424337299653 0.979959596134344 0.0144917932619976 3.43672306619956e-05 
3.43672306619956e-05 0.0144917932619976 0.979959596134344 0.00551424337299653 
0.000454500469090902 0.00103036318792323 0.00806999492047881 0.990445141422507 

0.980439933731798 0.00602641664948212 0.000362973386351601 0.0131706762323681 
0.00660486398362431 0.989941404858264 0.0032232301471723 0.000230501010938967 
0.000230501010938967 0.0032232301471723 0.989941404858264 0.00660486398362431 
0.0131706762323681 0.000362973386351601 0.00602641664948212 0.980439933731798 

0.974412569956282 0.000313036845290082 5.61398946875236e-05 0.0252182533037402 
2.42306956864235e-05 0.996267126905008 0.0030244234782289 0.000684218921076883 
0.000684218921076883 0.0030244234782289 0.996267126905008 2.42306956864235e-05 
0.0252182533037402 5.61398946875236e-05 0.000313036845290082 0.974412569956282 

0.987487383025824 0.00845088321117232 0.000524591055397879 0.00353714270760608 
0.00946891176017706 0.982853237968657 0.0067728750218925 0.00090497524927391 
0.00090497524927391 0.0067728750218925 0.982853237968657 0.00946891176017706 
0.00353714270760608 0.000524591055397879 0.00845088321117232 0.987487383025824 


