4 5

0.0464374414877966 0.453562558512203 0.453562558512203 0.0464374414877966 

0.391334274290217 0.131456831246973 0.0859227551391084 0.391286139323701 
0.00630910443715843 0.903346750698613 0.075231927915448 0.0151122169487808 
0.0151122169487808 0.075231927915448 0.903346750698613 0.00630910443715843 
0.391286139323701 0.0859227551391084 0.131456831246973 0.391334274290217 

0.334105806140915 0.0816406543146846 0.251557334771839 0.332696204772561 
0.00961651049761091 0.872198611824487 0.105270412719894 0.0129144649580082 
0.0129144649580082 0.105270412719894 0.872198611824487 0.00961651049761091 
0.332696204772561 0.251557334771839 0.0816406543146846 0.334105806140915 

0.287028519084808 0.224772822981933 0.31237330202118 0.175825355912079 
0.00198477894906274 0.49450028092822 0.43189556097049 0.0716193791522272 
0.0716193791522272 0.43189556097049 0.49450028092822 0.00198477894906274 
0.175825355912079 0.31237330202118 0.224772822981933 0.287028519084808 

0.679166802388504 0.00320836026637413 9.81518775752652e-05 0.317526685467546 
0.391377274930561 0.299158095925442 0.294350435994426 0.0151141931495706 
0.0151141931495706 0.294350435994426 0.299158095925442 0.391377274930561 
0.317526685467546 9.81518775752652e-05 0.00320836026637413 0.679166802388504 

0.501256602277394 0.000162593680117484 0.00310654756193387 0.495474256480554 
7.9185287362675e-05 0.528579312945051 0.469186367630717 0.00215513413686935 
0.00215513413686935 0.469186367630717 0.528579312945051 7.9185287362675e-05 
0.495474256480554 0.00310654756193387 0.000162593680117484 0.501256602277394 


