4 5

0.271668224944733 0.228331775055267 0.228331775055267 0.271668224944733 

0.996740178925363 0.000158111362568089 0.000287259591219627 0.00281445012084952 
0.000624028908993422 0.964451636635224 0.0315154390800207 0.00340889537576157 
0.00340889537576157 0.0315154390800207 0.964451636635224 0.000624028908993422 
0.00281445012084952 0.000287259591219627 0.000158111362568089 0.996740178925363 

0.983073562900813 8.85723562705646e-05 0.0082215979965108 0.00861626674640575 
0.000332142677230717 0.977605061136521 0.0210696615634254 0.000993134622822779 
0.000993134622822779 0.0210696615634254 0.977605061136521 0.000332142677230717 
0.00861626674640575 0.0082215979965108 8.85723562705646e-05 0.983073562900813 

0.984763992049469 0.00150260781713939 0.0134030454215758 0.000330354711815584 
0.003304035521286 0.975936297554944 0.000433923726368468 0.0203257431974013 
0.0203257431974013 0.000433923726368468 0.975936297554944 0.003304035521286 
0.000330354711815584 0.0134030454215758 0.00150260781713939 0.984763992049469 

0.98733313533048 1.89252826456357e-05 0.00055031951888734 0.0120976198679875 
0.000388199090044902 0.973525421839448 0.0255876314511209 0.000498747619385779 
0.000498747619385779 0.0255876314511209 0.973525421839448 0.000388199090044902 
0.0120976198679875 0.00055031951888734 1.89252826456357e-05 0.98733313533048 

0.991153665583726 0.00171320539362776 2.93301450526604e-05 0.00710379887759338 
2.82652236651249e-05 0.969834678949804 0.0293759055637024 0.000761150262828014 
0.000761150262828014 0.0293759055637024 0.969834678949804 2.82652236651249e-05 
0.00710379887759338 2.93301450526604e-05 0.00171320539362776 0.991153665583726 


