4 5

0.158996007987298 0.341003992012702 0.341003992012702 0.158996007987298 

0.553428223656779 0.119264299629927 0.0157643625211404 0.311543114192154 
0.0455413533146596 0.516701599321755 0.412635478694037 0.0251215686695491 
0.0251215686695491 0.412635478694037 0.516701599321755 0.0455413533146596 
0.311543114192154 0.0157643625211404 0.119264299629927 0.553428223656779 

0.925075012398968 0.0570372654007151 0.00699264021770064 0.0108950819826162 
0.080941490395273 0.363619507631784 0.339659362479863 0.21577963949308 
0.21577963949308 0.339659362479863 0.363619507631784 0.080941490395273 
0.0108950819826162 0.00699264021770064 0.0570372654007151 0.925075012398968 

0.787167385049216 0.119321402841938 0.0289598062974669 0.06455140581138 
0.00236199475421491 0.470898480443381 0.447592022037605 0.0791475027647995 
0.0791475027647995 0.447592022037605 0.470898480443381 0.00236199475421491 
0.06455140581138 0.0289598062974669 0.119321402841938 0.787167385049216 

0.235693064479753 0.620715919336518 0.137750275190073 0.00584074099365609 
0.0139204530299879 0.673797330975964 0.300216711070329 0.0120655049237198 
0.0120655049237198 0.300216711070329 0.673797330975964 0.0139204530299879 
0.00584074099365609 0.137750275190073 0.620715919336518 0.235693064479753 

0.275331934567233 0.480129301802233 0.230072731830713 0.01446603179982 
0.122740115091673 0.746251571655917 0.0823862895897868 0.048622023662623 
0.048622023662623 0.0823862895897868 0.746251571655917 0.122740115091673 
0.01446603179982 0.230072731830713 0.480129301802233 0.275331934567233 


