4 5

0.194674996426329 0.305325003573671 0.305325003573671 0.194674996426329 

0.995549412436655 0.000255978970067688 0.00124549485980052 0.00294911373347695 
0.00173323184461906 0.984601795640845 0.000811566681886755 0.0128534058326495 
0.0128534058326495 0.000811566681886755 0.984601795640845 0.00173323184461906 
0.00294911373347695 0.00124549485980052 0.000255978970067688 0.995549412436655 

0.986641526125782 0.000209060736071565 1.77424365301429e-05 0.0131316707016166 
2.58034830820517e-06 0.993578165029705 0.00634251649742962 7.67381245574808e-05 
7.67381245574808e-05 0.00634251649742962 0.993578165029705 2.58034830820517e-06 
0.0131316707016166 1.77424365301429e-05 0.000209060736071565 0.986641526125782 

0.982925626376768 0.0120690756140542 0.000998803842108771 0.00400649416706872 
6.74049428241899e-05 0.997237114592583 0.000337526527039667 0.00235795393755268 
0.00235795393755268 0.000337526527039667 0.997237114592583 6.74049428241899e-05 
0.00400649416706872 0.000998803842108771 0.0120690756140542 0.982925626376768 

0.990208272047724 0.000590781593998667 0.00616513834208504 0.00303580801619258 
0.00113552964334479 0.989937408780263 0.00323551067360983 0.00569155090278212 
0.00569155090278212 0.00323551067360983 0.989937408780263 0.00113552964334479 
0.00303580801619258 0.00616513834208504 0.000590781593998667 0.990208272047724 

0.984162790379184 0.00839724381632053 0.000162415534333969 0.00727755027016114 
9.86279351561052e-05 0.996005500066168 0.00324519453781463 0.000650677460861591 
0.000650677460861591 0.00324519453781463 0.996005500066168 9.86279351561052e-05 
0.00727755027016114 0.000162415534333969 0.00839724381632053 0.984162790379184 


