4 5

0.408787905122153 0.0912120948778465 0.0912120948778465 0.408787905122153 

0.977834679199013 0.00290509979197593 0.0143126135302059 0.00494760747880474 
0.00262437322390026 0.99252468510169 0.000692124020610696 0.00415881765379892 
0.00415881765379892 0.000692124020610696 0.99252468510169 0.00262437322390026 
0.00494760747880474 0.0143126135302059 0.00290509979197593 0.977834679199013 

0.995198120383723 0.000657629996755052 0.000276229357593813 0.00386802026192823 
0.00730580214283758 0.975292758520168 0.0172514434527296 0.000149995884265254 
0.000149995884265254 0.0172514434527296 0.975292758520168 0.00730580214283758 
0.00386802026192823 0.000276229357593813 0.000657629996755052 0.995198120383723 

0.982978022101826 0.000153495983056414 0.00790555760961326 0.00896292430550455 
0.00017732678736493 0.987364403830382 0.00492404253750756 0.00753422684474503 
0.00753422684474503 0.00492404253750756 0.987364403830382 0.00017732678736493 
0.00896292430550455 0.00790555760961326 0.000153495983056414 0.982978022101826 

0.975876210356863 0.0138758877627634 0.000971775367213016 0.00927612651316034 
1.73620962004974e-05 0.994485925673934 0.00253548859036512 0.00296122363950081 
0.00296122363950081 0.00253548859036512 0.994485925673934 1.73620962004974e-05 
0.00927612651316034 0.000971775367213016 0.0138758877627634 0.975876210356863 

0.975719273677515 0.00385437401676947 0.00174921539044237 0.0186771369152729 
0.00323528156488403 0.994791943014709 0.00133742623414224 0.000635349186264319 
0.000635349186264319 0.00133742623414224 0.994791943014709 0.00323528156488403 
0.0186771369152729 0.00174921539044237 0.00385437401676947 0.975719273677515 


