4 5

0.0684043187648058 0.431595681235194 0.431595681235194 0.0684043187648058 

0.224873224405187 0.0733710982638928 0.49783708569634 0.20391859163458 
0.0194277431440772 0.536877781064355 0.433796667829621 0.00989780796194616 
0.00989780796194616 0.433796667829621 0.536877781064355 0.0194277431440772 
0.20391859163458 0.49783708569634 0.0733710982638928 0.224873224405187 

0.514785377225591 0.0183626123335542 0.0538850195903354 0.412966990850519 
0.0301185414728268 0.487358194259759 0.463533534384303 0.0189897298831109 
0.0189897298831109 0.463533534384303 0.487358194259759 0.0301185414728268 
0.412966990850519 0.0538850195903354 0.0183626123335542 0.514785377225591 

0.439164187549063 0.0977139704441571 0.0299632639532986 0.433158578053482 
0.0161159553786398 0.752877540895222 0.218880879266034 0.0121256244601045 
0.0121256244601045 0.218880879266034 0.752877540895222 0.0161159553786398 
0.433158578053482 0.0299632639532986 0.0977139704441571 0.439164187549063 

0.484814106225997 0.214451612801933 0.00451992984825342 0.296214351123817 
0.128750574590569 0.516146119592817 0.353941241123934 0.00116206469268092 
0.00116206469268092 0.353941241123934 0.516146119592817 0.128750574590569 
0.296214351123817 0.00451992984825342 0.214451612801933 0.484814106225997 

0.626829003759004 0.131555335029179 0.100553348997144 0.141062312214673 
0.217433553975315 0.332199627518883 0.314679890542659 0.135686927963143 
0.135686927963143 0.314679890542659 0.332199627518883 0.217433553975315 
0.141062312214673 0.100553348997144 0.131555335029179 0.626829003759004 


