4 5

0.132678781752475 0.367321218247525 0.367321218247525 0.132678781752475 

0.444235322209673 0.00456537304478147 0.13246829839356 0.418731006351985 
0.00274131588117326 0.674109967336377 0.236545754476905 0.0866029623055442 
0.0866029623055442 0.236545754476905 0.674109967336377 0.00274131588117326 
0.418731006351985 0.13246829839356 0.00456537304478147 0.444235322209673 

0.426736637749151 0.0473570178630554 0.257035994867303 0.26887034952049 
0.0306061973613317 0.510774660419903 0.192097242240741 0.266521899978024 
0.266521899978024 0.192097242240741 0.510774660419903 0.0306061973613317 
0.26887034952049 0.257035994867303 0.0473570178630554 0.426736637749151 

0.68595247877013 0.0449282336153825 0.134629763203491 0.134489524410996 
0.0321778458847967 0.233494480303473 0.138682117963343 0.595645555848387 
0.595645555848387 0.138682117963343 0.233494480303473 0.0321778458847967 
0.134489524410996 0.134629763203491 0.0449282336153825 0.68595247877013 

0.463158432562229 0.102125534560301 0.0257530609946252 0.408962971882845 
0.268020210316274 0.406619262812043 0.196915710448898 0.128444816422786 
0.128444816422786 0.196915710448898 0.406619262812043 0.268020210316274 
0.408962971882845 0.0257530609946252 0.102125534560301 0.463158432562229 

0.47473662610076 0.0538461954425419 0.0128747510481325 0.458542427408565 
0.0310125474123565 0.528212072528094 0.43678498912952 0.00399039093002924 
0.00399039093002924 0.43678498912952 0.528212072528094 0.0310125474123565 
0.458542427408565 0.0128747510481325 0.0538461954425419 0.47473662610076 


