4 5

0.102621086291037 0.397378913708963 0.397378913708963 0.102621086291037 

0.991072006970102 0.00252289664021154 0.000805941565666721 0.00559915482401946 
0.000328393947162466 0.989100793444161 0.010466826540205 0.000103986068471594 
0.000103986068471594 0.010466826540205 0.989100793444161 0.000328393947162466 
0.00559915482401946 0.000805941565666721 0.00252289664021154 0.991072006970102 

0.982689156334914 0.0047835021174032 0.0049362019219038 0.00759113962577856 
0.000203114685312963 0.997500282400179 0.00186362315601429 0.000432979758494004 
0.000432979758494004 0.00186362315601429 0.997500282400179 0.000203114685312963 
0.00759113962577856 0.0049362019219038 0.0047835021174032 0.982689156334914 

0.986597189817923 0.000896985215309015 0.00394623223493373 0.00855959273183382 
0.00482689172232195 0.993557617787938 0.00154911271252017 6.63777772197689e-05 
6.63777772197689e-05 0.00154911271252017 0.993557617787938 0.00482689172232195 
0.00855959273183382 0.00394623223493373 0.000896985215309015 0.986597189817923 

0.982101708249505 0.00756681222981424 0.0103189095906355 1.25699300452253e-05 
0.000215006683995414 0.998074900874233 0.000688831618388452 0.00102126082338329 
0.00102126082338329 0.000688831618388452 0.998074900874233 0.000215006683995414 
1.25699300452253e-05 0.0103189095906355 0.00756681222981424 0.982101708249505 

0.986074619144267 7.30424861268219e-05 0.00122438891994937 0.0126279494496571 
5.20026547761157e-05 0.994135889073471 0.00492248781690269 0.000889620454850417 
0.000889620454850417 0.00492248781690269 0.994135889073471 5.20026547761157e-05 
0.0126279494496571 0.00122438891994937 7.30424861268219e-05 0.986074619144267 


