4 5

0.260484247119166 0.239515752880834 0.239515752880834 0.260484247119166 

0.989467919781551 0.00140717761311876 2.37807553432035e-05 0.00910112184998702 
0.000129562704339855 0.980998228001771 0.0188654842894052 6.72500448415754e-06 
6.72500448415754e-06 0.0188654842894052 0.980998228001771 0.000129562704339855 
0.00910112184998702 2.37807553432035e-05 0.00140717761311876 0.989467919781551 

0.975735320386731 0.000836283146828484 0.00349343998395813 0.0199349564824819 
0.000501868553296332 0.994797570831981 0.00260531931635083 0.00209524129837206 
0.00209524129837206 0.00260531931635083 0.994797570831981 0.000501868553296332 
0.0199349564824819 0.00349343998395813 0.000836283146828484 0.975735320386731 

0.986931128121638 0.00457860658041172 0.000151292321052196 0.00833897297689834 
0.0117661685871386 0.983386371314935 0.000435662998075625 0.00441179709985031 
0.00441179709985031 0.000435662998075625 0.983386371314935 0.0117661685871386 
0.00833897297689834 0.000151292321052196 0.00457860658041172 0.986931128121638 

0.97942498947418 0.00784486709993748 0.0120122988737443 0.000717844552137803 
2.68173371320163e-06 0.990874498482479 0.00902260965431545 0.000100210129492466 
0.000100210129492466 0.00902260965431545 0.990874498482479 2.68173371320163e-06 
0.000717844552137803 0.0120122988737443 0.00784486709993748 0.97942498947418 

0.975785785107238 0.00533291693837359 0.00298888754649194 0.0158924104078962 
0.00103279244666423 0.994673998550252 0.00161902894041371 0.0026741800626696 
0.0026741800626696 0.00161902894041371 0.994673998550252 0.00103279244666423 
0.0158924104078962 0.00298888754649194 0.00533291693837359 0.975785785107238 


