4 5

0.489973642397672 0.0100263576023281 0.0100263576023281 0.489973642397672 

0.54428439425887 0.0104626861311857 0.2234208414738 0.221832078136145 
0.00108871279314026 0.532051601911919 0.431812672457278 0.0350470128376628 
0.0350470128376628 0.431812672457278 0.532051601911919 0.00108871279314026 
0.221832078136145 0.2234208414738 0.0104626861311857 0.54428439425887 

0.519670761444114 0.000575902269154979 0.0390303493860179 0.440722986900714 
0.000783784799422338 0.620291266117013 0.378872937921001 5.20111625635696e-05 
5.20111625635696e-05 0.378872937921001 0.620291266117013 0.000783784799422338 
0.440722986900714 0.0390303493860179 0.000575902269154979 0.519670761444114 

0.879045087955721 0.0924558186898137 0.000931835820584037 0.0275672575338809 
0.0226580109182505 0.172814667318553 0.00687680502015336 0.797650516743043 
0.797650516743043 0.00687680502015336 0.172814667318553 0.0226580109182505 
0.0275672575338809 0.000931835820584037 0.0924558186898137 0.879045087955721 

0.569474532866074 0.0286850008274019 0.29773994263789 0.104100523668635 
0.0117179270059 0.489033485530692 0.280587450660982 0.218661136802426 
0.218661136802426 0.280587450660982 0.489033485530692 0.0117179270059 
0.104100523668635 0.29773994263789 0.0286850008274019 0.569474532866074 

0.498484280876649 0.108718004650326 0.0198932962456096 0.372904418227416 
0.00305745138183058 0.527989100956269 0.394684329602006 0.0742691180598951 
0.0742691180598951 0.394684329602006 0.527989100956269 0.00305745138183058 
0.372904418227416 0.0198932962456096 0.108718004650326 0.498484280876649 


