4 5

0.0306287866551429 0.469371213344857 0.469371213344857 0.0306287866551429 

0.631526733714381 0.000686956242174623 0.0355984363474973 0.332187873695947 
0.16108189748747 0.442025467072234 0.381236949109541 0.0156556863307559 
0.0156556863307559 0.381236949109541 0.442025467072234 0.16108189748747 
0.332187873695947 0.0355984363474973 0.000686956242174623 0.631526733714381 

0.476465505940219 0.0197321851017304 0.183314786851254 0.320487522106797 
0.145432795223758 0.518434282534733 0.0505346070626929 0.285598315178817 
0.285598315178817 0.0505346070626929 0.518434282534733 0.145432795223758 
0.320487522106797 0.183314786851254 0.0197321851017304 0.476465505940219 

0.231172825215949 0.551093271434726 0.127493650818768 0.0902402525305576 
0.000653490022079525 0.663400754619942 0.305415786284512 0.030529969073466 
0.030529969073466 0.305415786284512 0.663400754619942 0.000653490022079525 
0.0902402525305576 0.127493650818768 0.551093271434726 0.231172825215949 

0.588933570652242 0.000170361365572515 0.00184171325722633 0.409054354724959 
0.277917715483791 0.348715990507239 0.139862547545817 0.233503746463153 
0.233503746463153 0.139862547545817 0.348715990507239 0.277917715483791 
0.409054354724959 0.00184171325722633 0.000170361365572515 0.588933570652242 

0.164368807810056 0.741064326706996 0.0416467459792294 0.0529201195037195 
0.0121506905048819 0.931360535372648 0.0557415996994982 0.000747174422971591 
0.000747174422971591 0.0557415996994982 0.931360535372648 0.0121506905048819 
0.0529201195037195 0.0416467459792294 0.741064326706996 0.164368807810056 


