4 5

0.245497089927085 0.254502910072915 0.254502910072915 0.245497089927085 

0.964381167916053 0.00648392512167978 0.0291218772666539 1.3029695613398e-05 
0.000101131246142347 0.996355699756934 0.000927235569622487 0.00261593342730078 
0.00261593342730078 0.000927235569622487 0.996355699756934 0.000101131246142347 
1.3029695613398e-05 0.0291218772666539 0.00648392512167978 0.964381167916053 

0.976404279317025 0.0121155402832489 0.00781402432053509 0.00366615607919052 
0.0105665189168005 0.984161274717135 0.00458318714109623 0.000689019224968699 
0.000689019224968699 0.00458318714109623 0.984161274717135 0.0105665189168005 
0.00366615607919052 0.00781402432053509 0.0121155402832489 0.976404279317025 

0.97732161794346 6.12599999520692e-06 0.00226517500827457 0.0204070810482707 
0.00517471316076902 0.983364744203322 0.0114321893468688 2.83532890398203e-05 
2.83532890398203e-05 0.0114321893468688 0.983364744203322 0.00517471316076902 
0.0204070810482707 0.00226517500827457 6.12599999520692e-06 0.97732161794346 

0.980926948510531 0.000371591082970841 0.000947155583805053 0.0177543048226935 
0.00238836523636002 0.979675882138337 0.0082000310278843 0.00973572159741883 
0.00973572159741883 0.0082000310278843 0.979675882138337 0.00238836523636002 
0.0177543048226935 0.000947155583805053 0.000371591082970841 0.980926948510531 

0.964988544137201 0.00122629870409036 0.00530598507260066 0.0284791720861083 
0.000236158909561885 0.996096613114856 0.00126547354453155 0.00240175443105059 
0.00240175443105059 0.00126547354453155 0.996096613114856 0.000236158909561885 
0.0284791720861083 0.00530598507260066 0.00122629870409036 0.964988544137201 


