4 5

0.449933206429705 0.050066793570295 0.050066793570295 0.449933206429705 

0.618672803310734 0.0145432824957567 0.200318936770585 0.166464977422924 
0.0800609312582298 0.3607041557496 0.275107403164615 0.284127509827556 
0.284127509827556 0.275107403164615 0.3607041557496 0.0800609312582298 
0.166464977422924 0.200318936770585 0.0145432824957567 0.618672803310734 

0.484492659142418 0.00626888117708818 0.0550940012136217 0.454144458466872 
0.0544771380702949 0.500359259737175 0.237391947523223 0.207771654669308 
0.207771654669308 0.237391947523223 0.500359259737175 0.0544771380702949 
0.454144458466872 0.0550940012136217 0.00626888117708818 0.484492659142418 

0.493729543106254 0.00895834708322857 0.00478056536201504 0.492531544448502 
0.146025065036243 0.637851690864217 0.111829955396634 0.104293288702906 
0.104293288702906 0.111829955396634 0.637851690864217 0.146025065036243 
0.492531544448502 0.00478056536201504 0.00895834708322857 0.493729543106254 

0.549691461147935 0.00754790103135828 0.00812779513725236 0.434632842683455 
0.00476521720254192 0.4598821192871 0.456269738390446 0.0790829251199118 
0.0790829251199118 0.456269738390446 0.4598821192871 0.00476521720254192 
0.434632842683455 0.00812779513725236 0.00754790103135828 0.549691461147935 

0.368290671885312 0.207404762526579 0.0743720653976842 0.349932500190425 
0.115235473764708 0.855176176438208 0.0247356762306753 0.00485267356640836 
0.00485267356640836 0.0247356762306753 0.855176176438208 0.115235473764708 
0.349932500190425 0.0743720653976842 0.207404762526579 0.368290671885312 


