4 5

0.129296771832742 0.370703228167258 0.370703228167258 0.129296771832742 

0.397138570982767 0.118134790149327 0.250475714583401 0.234250924284505 
0.0519163844744204 0.55075639040221 0.387118547030046 0.0102086780933235 
0.0102086780933235 0.387118547030046 0.55075639040221 0.0519163844744204 
0.234250924284505 0.250475714583401 0.118134790149327 0.397138570982767 

0.52437862669135 4.94079487882511e-05 0.00693739124385764 0.468634574116004 
0.0258714641144373 0.604870873530014 0.11823273545394 0.251024926901609 
0.251024926901609 0.11823273545394 0.604870873530014 0.0258714641144373 
0.468634574116004 0.00693739124385764 4.94079487882511e-05 0.52437862669135 

0.641759637862308 0.281061930598941 0.0104112645294237 0.0667671670093277 
0.45768275996093 0.42011945040209 0.0683286639448401 0.0538691256921396 
0.0538691256921396 0.0683286639448401 0.42011945040209 0.45768275996093 
0.0667671670093277 0.0104112645294237 0.281061930598941 0.641759637862308 

0.39206300452074 0.0670406247514897 0.201230109543175 0.339666261184595 
0.0151158390469667 0.717552839179257 0.266821262267763 0.000510059506012769 
0.000510059506012769 0.266821262267763 0.717552839179257 0.0151158390469667 
0.339666261184595 0.201230109543175 0.0670406247514897 0.39206300452074 

0.611244558190165 0.100825176290783 0.0697113443492827 0.218218921169769 
0.015251206337884 0.504913133212774 0.446665709786341 0.0331699506630008 
0.0331699506630008 0.446665709786341 0.504913133212774 0.015251206337884 
0.218218921169769 0.0697113443492827 0.100825176290783 0.611244558190165 


