4 5

0.144970586406998 0.355029413593002 0.355029413593002 0.144970586406998 

0.486572901582435 0.0309479836339612 0.00323152713466879 0.479247587648935 
0.00798043721567119 0.685698546974863 0.305393730738301 0.000927285071164704 
0.000927285071164704 0.305393730738301 0.685698546974863 0.00798043721567119 
0.479247587648935 0.00323152713466879 0.0309479836339612 0.486572901582435 

0.295079119200688 0.306107860901533 0.176096901138657 0.222716118759122 
0.200814597897783 0.620564375505248 0.167605971573694 0.0110150550232751 
0.0110150550232751 0.167605971573694 0.620564375505248 0.200814597897783 
0.222716118759122 0.176096901138657 0.306107860901533 0.295079119200688 

0.493080752173536 0.186734022161534 0.0125926416581687 0.307592584006761 
0.269023174171738 0.443688622073441 0.222938521005952 0.0643496827488691 
0.0643496827488691 0.222938521005952 0.443688622073441 0.269023174171738 
0.307592584006761 0.0125926416581687 0.186734022161534 0.493080752173536 

0.561392738645615 0.203820097788556 0.0457475285012517 0.189039635064578 
0.272177838865577 0.302855502695627 0.24232575131516 0.182640907123636 
0.182640907123636 0.24232575131516 0.302855502695627 0.272177838865577 
0.189039635064578 0.0457475285012517 0.203820097788556 0.561392738645615 

0.535917655319418 0.00618832712284579 0.000152686600743294 0.457741330956993 
0.241848425380893 0.408156654840974 0.347365172009243 0.00262974776889059 
0.00262974776889059 0.347365172009243 0.408156654840974 0.241848425380893 
0.457741330956993 0.000152686600743294 0.00618832712284579 0.535917655319418 


