4 5

0.175060026813298 0.324939973186702 0.324939973186702 0.175060026813298 

0.515767166274169 0.00792553761740694 0.0264264315020551 0.449880864606369 
0.311616453326818 0.155237449800255 0.0968390700505488 0.436307026822378 
0.436307026822378 0.0968390700505488 0.155237449800255 0.311616453326818 
0.449880864606369 0.0264264315020551 0.00792553761740694 0.515767166274169 

0.526434370450921 0.0614636534490539 0.357112724779384 0.0549892513206406 
0.0510888309699425 0.445364502496263 0.429250725443829 0.0742959410899659 
0.0742959410899659 0.429250725443829 0.445364502496263 0.0510888309699425 
0.0549892513206406 0.357112724779384 0.0614636534490539 0.526434370450921 

0.404212020143769 0.0970213381870956 0.099739329269198 0.399027312399937 
0.0601575983889056 0.49189740501639 0.415145746440644 0.0327992501540601 
0.0327992501540601 0.415145746440644 0.49189740501639 0.0601575983889056 
0.399027312399937 0.099739329269198 0.0970213381870956 0.404212020143769 

0.455977717991983 0.0527952073502463 0.302150867530179 0.189076207127592 
0.0195667225861126 0.472144210955006 0.169960899172093 0.338328167286788 
0.338328167286788 0.169960899172093 0.472144210955006 0.0195667225861126 
0.189076207127592 0.302150867530179 0.0527952073502463 0.455977717991983 

0.489354349081329 0.000881757697940751 0.0212020778076366 0.488561815413094 
0.0056963588896174 0.964053658408493 0.00457301210591593 0.0256769705959734 
0.0256769705959734 0.00457301210591593 0.964053658408493 0.0056963588896174 
0.488561815413094 0.0212020778076366 0.000881757697940751 0.489354349081329 


