4 5

0.495918001513928 0.00408199848607183 0.00408199848607183 0.495918001513928 

0.465190160557355 0.00102855590440229 0.0692537725726963 0.464527510965546 
0.0030375787080263 0.987861251892275 0.00183459310988154 0.00726657628981679 
0.00726657628981679 0.00183459310988154 0.987861251892275 0.0030375787080263 
0.464527510965546 0.0692537725726963 0.00102855590440229 0.465190160557355 

0.247995464669068 0.00668823744941982 0.712235843078031 0.0330804548034818 
0.0139729502801955 0.726194365000615 0.0478581836069857 0.211974501112204 
0.211974501112204 0.0478581836069857 0.726194365000615 0.0139729502801955 
0.0330804548034818 0.712235843078031 0.00668823744941982 0.247995464669068 

0.419049385813217 0.396592304427257 0.0646271375370622 0.119731172222464 
0.365727973592772 0.500407599675608 0.111818205197659 0.0220462215339603 
0.0220462215339603 0.111818205197659 0.500407599675608 0.365727973592772 
0.119731172222464 0.0646271375370622 0.396592304427257 0.419049385813217 

0.476392354118286 0.000190495517373046 0.127999792214571 0.39541735814977 
0.00418771480072494 0.517157651669462 0.409625240840256 0.0690293926895566 
0.0690293926895566 0.409625240840256 0.517157651669462 0.00418771480072494 
0.39541735814977 0.127999792214571 0.000190495517373046 0.476392354118286 

0.679937223162867 0.00838108273130503 0.0204239613241834 0.291257732781644 
0.02570439220778 0.484626558928463 0.484339849936889 0.00532919892686767 
0.00532919892686767 0.484339849936889 0.484626558928463 0.02570439220778 
0.291257732781644 0.0204239613241834 0.00838108273130503 0.679937223162867 


