4 5

0.390486095566303 0.109513904433697 0.109513904433697 0.390486095566303 

0.739114862655921 0.0304191913517095 0.00553886271860451 0.224927083273765 
0.323513555792177 0.348097350554042 0.274321373014252 0.0540677206395294 
0.0540677206395294 0.274321373014252 0.348097350554042 0.323513555792177 
0.224927083273765 0.00553886271860451 0.0304191913517095 0.739114862655921 

0.468687067742221 0.0084941343008627 0.0994437349469952 0.423375063009921 
0.00982498884514005 0.729067599860184 0.241918167982335 0.0191892433123408 
0.0191892433123408 0.241918167982335 0.729067599860184 0.00982498884514005 
0.423375063009921 0.0994437349469952 0.0084941343008627 0.468687067742221 

0.512705049802478 0.0125219266372409 0.16863366725649 0.306139356303792 
0.330265308627108 0.354746803404812 0.082582759470953 0.232405128497127 
0.232405128497127 0.082582759470953 0.354746803404812 0.330265308627108 
0.306139356303792 0.16863366725649 0.0125219266372409 0.512705049802478 

0.585336738082166 0.189963913741438 0.00698709959081008 0.217712248585586 
0.00316926635861306 0.501668134985097 0.454646861750158 0.0405157369061313 
0.0405157369061313 0.454646861750158 0.501668134985097 0.00316926635861306 
0.217712248585586 0.00698709959081008 0.189963913741438 0.585336738082166 

0.497161308949271 0.265055891662334 0.00243379163415733 0.235349007754237 
0.0102031068120774 0.528587750651824 0.439917016070363 0.0212921264657351 
0.0212921264657351 0.439917016070363 0.528587750651824 0.0102031068120774 
0.235349007754237 0.00243379163415733 0.265055891662334 0.497161308949271 


