4 5

0.254419389879331 0.245580610120669 0.245580610120669 0.254419389879331 

0.973030505042409 0.021001752357664 0.00369453938961172 0.00227320321031488 
0.000651855359843453 0.99736500503233 0.000763971340736191 0.00121916826709025 
0.00121916826709025 0.000763971340736191 0.99736500503233 0.000651855359843453 
0.00227320321031488 0.00369453938961172 0.021001752357664 0.973030505042409 

0.980725802189453 7.75377384486015e-05 0.000258416163742387 0.0189382439083564 
0.00099616385898908 0.989743901998514 0.00906825310578574 0.000191681036711261 
0.000191681036711261 0.00906825310578574 0.989743901998514 0.00099616385898908 
0.0189382439083564 0.000258416163742387 7.75377384486015e-05 0.980725802189453 

0.98192955673629 0.0140503722306738 0.000431191748216721 0.00358887928481993 
0.00367474526243099 0.988391213234602 0.00733816863974024 0.000595872863226439 
0.000595872863226439 0.00733816863974024 0.988391213234602 0.00367474526243099 
0.00358887928481993 0.000431191748216721 0.0140503722306738 0.98192955673629 

0.987137642644907 5.79243623508975e-05 0.00481172841980589 0.00799270457293588 
0.0101293208046563 0.983143856534524 0.0042582193317659 0.00246860332905392 
0.00246860332905392 0.0042582193317659 0.983143856534524 0.0101293208046563 
0.00799270457293588 0.00481172841980589 5.79243623508975e-05 0.987137642644907 

0.974946907908504 3.90423070408992e-05 0.0192235464297946 0.00579050335466058 
0.00289784179126845 0.995404414132814 0.00154485711518965 0.000152886960727966 
0.000152886960727966 0.00154485711518965 0.995404414132814 0.00289784179126845 
0.00579050335466058 0.0192235464297946 3.90423070408992e-05 0.974946907908504 


