4 5

0.368743149796501 0.131256850203499 0.131256850203499 0.368743149796501 

0.471054575082846 0.00521044754803755 0.0599264827359346 0.463808494633182 
0.00420356126686508 0.857481073731854 0.0322626094208232 0.106052755580458 
0.106052755580458 0.0322626094208232 0.857481073731854 0.00420356126686508 
0.463808494633182 0.0599264827359346 0.00521044754803755 0.471054575082846 

0.448473928710424 0.301033793515113 0.00870160726540936 0.241790670509054 
0.229726129001407 0.492511109707289 0.230503376611917 0.0472593846793875 
0.0472593846793875 0.230503376611917 0.492511109707289 0.229726129001407 
0.241790670509054 0.00870160726540936 0.301033793515113 0.448473928710424 

0.497903658224255 0.0050736450614807 0.000172833370807951 0.496849863343456 
0.0320186155159974 0.714485441712533 0.24999475099361 0.00350119177785948 
0.00350119177785948 0.24999475099361 0.714485441712533 0.0320186155159974 
0.496849863343456 0.000172833370807951 0.0050736450614807 0.497903658224255 

0.590165529801388 0.159634540525687 0.0421293133373909 0.208070616335535 
0.0141870640776272 0.495021300417166 0.489832260004495 0.000959375500711642 
0.000959375500711642 0.489832260004495 0.495021300417166 0.0141870640776272 
0.208070616335535 0.0421293133373909 0.159634540525687 0.590165529801388 

0.763486614236744 0.103394722433249 0.0443174573862591 0.0888012059437485 
0.106501577249778 0.413263168407062 0.409403187857295 0.0708320664858654 
0.0708320664858654 0.409403187857295 0.413263168407062 0.106501577249778 
0.0888012059437485 0.0443174573862591 0.103394722433249 0.763486614236744 


