4 5

0.0589526181574911 0.441047381842509 0.441047381842509 0.0589526181574911 

0.978699747799091 0.00434697512407926 0.00586547976445392 0.0110877973123762 
0.00151044690225217 0.991659845823543 0.00682949711374631 2.1016045863363e-07 
2.1016045863363e-07 0.00682949711374631 0.991659845823543 0.00151044690225217 
0.0110877973123762 0.00586547976445392 0.00434697512407926 0.978699747799091 

0.985414739178916 0.000159050085229384 1.73041731614864e-06 0.0144244803185384 
0.000203643307771408 0.985001198453601 0.0130470516394144 0.0017481065992128 
0.0017481065992128 0.0130470516394144 0.985001198453601 0.000203643307771408 
0.0144244803185384 1.73041731614864e-06 0.000159050085229384 0.985414739178916 

0.987187315773288 0.00127897260153586 0.00090177909490974 0.0106319325302661 
0.00157998813615374 0.983157132418752 0.0101758933465577 0.00508698609853613 
0.00508698609853613 0.0101758933465577 0.983157132418752 0.00157998813615374 
0.0106319325302661 0.00090177909490974 0.00127897260153586 0.987187315773288 

0.987089222134679 0.000368682338150361 0.000910114941347729 0.0116319805858228 
0.000104217664951742 0.98333912191259 0.0160982196896 0.000458440732858481 
0.000458440732858481 0.0160982196896 0.98333912191259 0.000104217664951742 
0.0116319805858228 0.000910114941347729 0.000368682338150361 0.987089222134679 

0.989534382552297 0.000895899032093448 0.007970449311369 0.00159926910424091 
0.0041970910805757 0.980834192371004 7.99011432682795e-05 0.0148888154051525 
0.0148888154051525 7.99011432682795e-05 0.980834192371004 0.0041970910805757 
0.00159926910424091 0.007970449311369 0.000895899032093448 0.989534382552297 


