4 5

0.483373333117925 0.0166266668820754 0.0166266668820754 0.483373333117925 

0.849771407054719 0.0267993244365311 0.0664393855160567 0.0569898829926929 
0.0492012621452093 0.286071790261227 0.261487394525307 0.403239553068257 
0.403239553068257 0.261487394525307 0.286071790261227 0.0492012621452093 
0.0569898829926929 0.0664393855160567 0.0267993244365311 0.849771407054719 

0.515573227240093 0.0359136402628622 0.00528830795774473 0.4432248245393 
0.00139383075359736 0.463518284076179 0.457014177764892 0.0780737074053322 
0.0780737074053322 0.457014177764892 0.463518284076179 0.00139383075359736 
0.4432248245393 0.00528830795774473 0.0359136402628622 0.515573227240093 

0.416787563926716 0.163974091502843 0.0130812124487544 0.406157132121687 
0.0381072646941063 0.838062780389855 0.11547325279358 0.00835670212245779 
0.00835670212245779 0.11547325279358 0.838062780389855 0.0381072646941063 
0.406157132121687 0.0130812124487544 0.163974091502843 0.416787563926716 

0.423788289888783 0.000180525473311835 0.217280604745534 0.358750579892371 
0.0275557188806106 0.726003287704779 0.0321376644800616 0.214303328934549 
0.214303328934549 0.0321376644800616 0.726003287704779 0.0275557188806106 
0.358750579892371 0.217280604745534 0.000180525473311835 0.423788289888783 

0.580879105762025 0.0423640241631816 0.0519407545268537 0.32481611554794 
0.0203883316114194 0.455894281876935 0.441529682359784 0.0821877041518618 
0.0821877041518618 0.441529682359784 0.455894281876935 0.0203883316114194 
0.32481611554794 0.0519407545268537 0.0423640241631816 0.580879105762025 


