4 5

0.445224046241492 0.054775953758508 0.054775953758508 0.445224046241492 

0.758297195093365 0.107548439864458 0.0146904597269312 0.119463905315246 
0.0886386094178444 0.321526806038451 0.293535500891683 0.296299083652023 
0.296299083652023 0.293535500891683 0.321526806038451 0.0886386094178444 
0.119463905315246 0.0146904597269312 0.107548439864458 0.758297195093365 

0.46554818002617 0.030198453198904 0.131234850032484 0.373018516742441 
0.0354738680889576 0.588461734774461 0.364519968824817 0.0115444283117645 
0.0115444283117645 0.364519968824817 0.588461734774461 0.0354738680889576 
0.373018516742441 0.131234850032484 0.030198453198904 0.46554818002617 

0.421790059705094 0.00810572567641951 0.217658856560706 0.35244535805778 
0.0569652120498594 0.612400682927035 0.29717298001536 0.0334611250077455 
0.0334611250077455 0.29717298001536 0.612400682927035 0.0569652120498594 
0.35244535805778 0.217658856560706 0.00810572567641951 0.421790059705094 

0.516545550645289 0.005589157076709 0.0830368333355039 0.394828458942498 
0.0557338919460786 0.53274464188545 0.200746512448155 0.210774953720316 
0.210774953720316 0.200746512448155 0.53274464188545 0.0557338919460786 
0.394828458942498 0.0830368333355039 0.005589157076709 0.516545550645289 

0.472578965172822 0.00164992958081886 0.124319126496547 0.401451978749812 
0.00327685266078896 0.738367291140674 0.092366780482577 0.165989075715959 
0.165989075715959 0.092366780482577 0.738367291140674 0.00327685266078896 
0.401451978749812 0.124319126496547 0.00164992958081886 0.472578965172822 


