4 5

0.266845321981236 0.233154678018764 0.233154678018764 0.266845321981236 

0.77350517209421 0.0539373578718871 0.00296693705792407 0.169590532975979 
0.000335639250884926 0.487683826072994 0.485417514561642 0.0265630201144791 
0.0265630201144791 0.485417514561642 0.487683826072994 0.000335639250884926 
0.169590532975979 0.00296693705792407 0.0539373578718871 0.77350517209421 

0.434511630391166 0.0352680922859444 0.158057354908619 0.37216292241427 
0.00852364991440688 0.646754129299385 0.0911474065903667 0.253574814195842 
0.253574814195842 0.0911474065903667 0.646754129299385 0.00852364991440688 
0.37216292241427 0.158057354908619 0.0352680922859444 0.434511630391166 

0.790224724913597 0.0174400876973743 0.00631880662620311 0.186016380762826 
0.068426259613487 0.461882506070656 0.45628300721859 0.0134082270972664 
0.0134082270972664 0.45628300721859 0.461882506070656 0.068426259613487 
0.186016380762826 0.00631880662620311 0.0174400876973743 0.790224724913597 

0.516636393797954 5.0997045069115e-05 3.22954098824185e-05 0.483280313747094 
0.000153377324202661 0.529407365479633 0.453831553492289 0.0166077037038757 
0.0166077037038757 0.453831553492289 0.529407365479633 0.000153377324202661 
0.483280313747094 3.22954098824185e-05 5.0997045069115e-05 0.516636393797954 

0.558600881584014 0.0379604005964535 0.00065044071960893 0.402788277099923 
0.228757555139876 0.397817876693138 0.330295817498399 0.0431287506685864 
0.0431287506685864 0.330295817498399 0.397817876693138 0.228757555139876 
0.402788277099923 0.00065044071960893 0.0379604005964535 0.558600881584014 


