4 5

0.167987722670659 0.332012277329341 0.332012277329341 0.167987722670659 

0.503149589813609 0.00144907377501325 7.30667626961307e-05 0.495328269648682 
0.139450343370239 0.625745027076992 0.231414461422133 0.00339016813063608 
0.00339016813063608 0.231414461422133 0.625745027076992 0.139450343370239 
0.495328269648682 7.30667626961307e-05 0.00144907377501325 0.503149589813609 

0.663721000642554 0.278266272841368 0.0565810027931629 0.00143172372291439 
0.0122118186127548 0.480981525980256 0.479916476432749 0.0268901789742403 
0.0268901789742403 0.479916476432749 0.480981525980256 0.0122118186127548 
0.00143172372291439 0.0565810027931629 0.278266272841368 0.663721000642554 

0.368340847721712 0.0698194227024852 0.391057339814532 0.170782389761271 
0.0457672089674252 0.520387673074575 0.242987867940681 0.190857250017319 
0.190857250017319 0.242987867940681 0.520387673074575 0.0457672089674252 
0.170782389761271 0.391057339814532 0.0698194227024852 0.368340847721712 

0.499155245760806 0.00740363248992567 0.00200975403662777 0.491431367712641 
0.00138411823963432 0.655103088218165 0.333417684392765 0.0100951091494358 
0.0100951091494358 0.333417684392765 0.655103088218165 0.00138411823963432 
0.491431367712641 0.00200975403662777 0.00740363248992567 0.499155245760806 

0.415562514394844 0.181047615142509 0.317332913707666 0.086056956754982 
0.0117839580406955 0.498850307126277 0.487565490903027 0.00180024393000034 
0.00180024393000034 0.487565490903027 0.498850307126277 0.0117839580406955 
0.086056956754982 0.317332913707666 0.181047615142509 0.415562514394844 


