4 5

0.37428272375837 0.12571727624163 0.12571727624163 0.37428272375837 

0.613752186065805 0.254286749314459 0.0717651221845964 0.060195942435139 
0.446099056594911 0.411312136021545 0.0497267288561966 0.0928620785273475 
0.0928620785273475 0.0497267288561966 0.411312136021545 0.446099056594911 
0.060195942435139 0.0717651221845964 0.254286749314459 0.613752186065805 

0.703250189058977 0.00345286133552 0.00162553520856859 0.291671414396935 
0.416801933483493 0.245488093316243 0.12170467324444 0.216005299955825 
0.216005299955825 0.12170467324444 0.245488093316243 0.416801933483493 
0.291671414396935 0.00162553520856859 0.00345286133552 0.703250189058977 

0.433892582550763 0.234039815292908 0.0145662010039327 0.317501401152396 
0.000598426596896476 0.489147268678735 0.419989802994748 0.0902645017296207 
0.0902645017296207 0.419989802994748 0.489147268678735 0.000598426596896476 
0.317501401152396 0.0145662010039327 0.234039815292908 0.433892582550763 

0.593933132768739 0.073269784127215 0.000151354786695264 0.332645728317351 
0.0452803793492249 0.523451401387231 0.431245421168083 2.27980954613689e-05 
2.27980954613689e-05 0.431245421168083 0.523451401387231 0.0452803793492249 
0.332645728317351 0.000151354786695264 0.073269784127215 0.593933132768739 

0.193277278298654 0.0715483062949313 0.606404058998112 0.128770356408303 
0.0143846716797099 0.903374359020696 0.0805400019014345 0.00170096739816011 
0.00170096739816011 0.0805400019014345 0.903374359020696 0.0143846716797099 
0.128770356408303 0.606404058998112 0.0715483062949313 0.193277278298654 


