4 5

0.0619450932135805 0.438054906786419 0.438054906786419 0.0619450932135805 

0.985789260173182 0.000153403626110425 0.0102211628238505 0.00383617337685671 
4.99079287482377e-05 0.994383144909231 0.00111427668411568 0.0044526704779049 
0.0044526704779049 0.00111427668411568 0.994383144909231 4.99079287482377e-05 
0.00383617337685671 0.0102211628238505 0.000153403626110425 0.985789260173182 

0.998557782317149 0.000282460730381242 0.000162193933554598 0.000997563018915681 
5.37056081264627e-05 0.981762070615895 0.0169888788574479 0.0011953449185309 
0.0011953449185309 0.0169888788574479 0.981762070615895 5.37056081264627e-05 
0.000997563018915681 0.000162193933554598 0.000282460730381242 0.998557782317149 

0.988212556962821 0.00694556163726185 0.00310614400491432 0.00173573739500249 
0.000482980347993287 0.991918559252785 0.000221357281857737 0.00737710311736432 
0.00737710311736432 0.000221357281857737 0.991918559252785 0.000482980347993287 
0.00173573739500249 0.00310614400491432 0.00694556163726185 0.988212556962821 

0.982025526402171 0.00495637828217245 0.000183723306030655 0.0128343720096257 
0.000274895340407541 0.998226574163397 0.000440020898920479 0.00105850959727521 
0.00105850959727521 0.000440020898920479 0.998226574163397 0.000274895340407541 
0.0128343720096257 0.000183723306030655 0.00495637828217245 0.982025526402171 

0.981422726893506 0.00819453276526984 0.00177708005156795 0.00860566028965665 
0.000195413898337331 0.99879346316012 0.000827797594145807 0.00018332534739673 
0.00018332534739673 0.000827797594145807 0.99879346316012 0.000195413898337331 
0.00860566028965665 0.00177708005156795 0.00819453276526984 0.981422726893506 


