4 5

0.415369027410634 0.0846309725893661 0.0846309725893661 0.415369027410634 

0.980900430980439 0.00319880973069574 0.0139842542212642 0.00191650506760083 
0.000301152866230713 0.979721315202635 0.00554740100886658 0.0144301309222674 
0.0144301309222674 0.00554740100886658 0.979721315202635 0.000301152866230713 
0.00191650506760083 0.0139842542212642 0.00319880973069574 0.980900430980439 

0.973209112561555 0.000125166657971592 0.00567569401784772 0.0209900267626259 
0.0107350017543138 0.987470765054998 0.00153633376229095 0.000257899428397703 
0.000257899428397703 0.00153633376229095 0.987470765054998 0.0107350017543138 
0.0209900267626259 0.00567569401784772 0.000125166657971592 0.973209112561555 

0.982817738089558 0.00942705760649672 0.000270812208349714 0.00748439209559548 
0.00157680798480726 0.977636013428249 0.00225337059612019 0.0185338079908235 
0.0185338079908235 0.00225337059612019 0.977636013428249 0.00157680798480726 
0.00748439209559548 0.000270812208349714 0.00942705760649672 0.982817738089558 

0.979204176291937 0.00198919910691595 0.0109372505854276 0.00786937401571947 
0.000283325528408514 0.981422551751899 0.000731829023837394 0.0175622936958548 
0.0175622936958548 0.000731829023837394 0.981422551751899 0.000283325528408514 
0.00786937401571947 0.0109372505854276 0.00198919910691595 0.979204176291937 

0.97404480005979 0.0177868874855406 0.00480695507793003 0.00336135737673954 
0.00033675017070169 0.986491285229851 0.013162952524404 9.01207504353874e-06 
9.01207504353874e-06 0.013162952524404 0.986491285229851 0.00033675017070169 
0.00336135737673954 0.00480695507793003 0.0177868874855406 0.97404480005979 


