4 5

0.445300777093507 0.0546992229064927 0.0546992229064927 0.445300777093507 

0.457164205838773 0.0591038902528139 0.336004779703665 0.147727124204748 
0.0323260580798628 0.528792337732053 0.315297403923738 0.123584200264347 
0.123584200264347 0.315297403923738 0.528792337732053 0.0323260580798628 
0.147727124204748 0.336004779703665 0.0591038902528139 0.457164205838773 

0.593766555185115 0.0543638898639761 0.149530866496239 0.20233868845467 
0.0213348534837797 0.513719961830327 0.455456908480004 0.00948827620588968 
0.00948827620588968 0.455456908480004 0.513719961830327 0.0213348534837797 
0.20233868845467 0.149530866496239 0.0543638898639761 0.593766555185115 

0.474696487920867 0.0058193532082365 0.234548502173346 0.284935656697551 
0.00852326121102097 0.609219976077817 0.143811411791413 0.238445350919749 
0.238445350919749 0.143811411791413 0.609219976077817 0.00852326121102097 
0.284935656697551 0.234548502173346 0.0058193532082365 0.474696487920867 

0.514276519468747 0.00234747806410535 0.00369646479290425 0.479679537674243 
0.00273851192841405 0.765092813974732 0.22965066376825 0.00251801032860395 
0.00251801032860395 0.22965066376825 0.765092813974732 0.00273851192841405 
0.479679537674243 0.00369646479290425 0.00234747806410535 0.514276519468747 

0.466957567360634 0.0203229743416338 0.127240504075355 0.385478954222377 
0.00257700700121111 0.63494438432386 0.344477578871443 0.0180010298034862 
0.0180010298034862 0.344477578871443 0.63494438432386 0.00257700700121111 
0.385478954222377 0.127240504075355 0.0203229743416338 0.466957567360634 


