4 5

0.0892998889321461 0.410700111067854 0.410700111067854 0.0892998889321461 

0.771187223555522 0.056263292929308 0.116842324160804 0.0557071593543658 
0.430076693859143 0.243657720763346 0.0576486510850444 0.268616934292467 
0.268616934292467 0.0576486510850444 0.243657720763346 0.430076693859143 
0.0557071593543658 0.116842324160804 0.056263292929308 0.771187223555522 

0.470936959041893 0.290106554034945 0.0252544766995253 0.213702010223637 
0.00032803218024367 0.547329184158493 0.447333025072812 0.005009758588451 
0.005009758588451 0.447333025072812 0.547329184158493 0.00032803218024367 
0.213702010223637 0.0252544766995253 0.290106554034945 0.470936959041893 

0.717003381054787 0.257711728364195 0.00637257313333484 0.0189123174476832 
0.00445208754569409 0.303647536540345 0.00913817712580148 0.682762198788159 
0.682762198788159 0.00913817712580148 0.303647536540345 0.00445208754569409 
0.0189123174476832 0.00637257313333484 0.257711728364195 0.717003381054787 

0.380063973068888 0.175033871263733 0.376244500022894 0.0686576556444854 
0.00143788108449638 0.564028507526294 0.409115582688269 0.0254180287009413 
0.0254180287009413 0.409115582688269 0.564028507526294 0.00143788108449638 
0.0686576556444854 0.376244500022894 0.175033871263733 0.380063973068888 

0.460437103887481 0.094602606097862 0.00532354087096988 0.439636749143687 
0.00547475045059372 0.796147046239973 0.0971786319771089 0.101199571332324 
0.101199571332324 0.0971786319771089 0.796147046239973 0.00547475045059372 
0.439636749143687 0.00532354087096988 0.094602606097862 0.460437103887481 


