4 5

0.0498932732734829 0.450106726726517 0.450106726726517 0.0498932732734829 

0.992709469141524 0.00272069062624898 0.00154714653300451 0.00302269369922203 
0.00107079703787659 0.967900785214658 0.00297477903278631 0.0280536387146794 
0.0280536387146794 0.00297477903278631 0.967900785214658 0.00107079703787659 
0.00302269369922203 0.00154714653300451 0.00272069062624898 0.992709469141524 

0.993065090269251 0.000744509561115014 0.000598872924575756 0.00559152724505785 
0.00992149227428854 0.967577178419545 0.00963022938105113 0.0128710999251158 
0.0128710999251158 0.00963022938105113 0.967577178419545 0.00992149227428854 
0.00559152724505785 0.000598872924575756 0.000744509561115014 0.993065090269251 

0.980851731394984 0.0155991228883907 0.00156035482040701 0.00198879089621862 
0.00790104591368858 0.979727513321607 0.00995305102787264 0.00241838973683226 
0.00241838973683226 0.00995305102787264 0.979727513321607 0.00790104591368858 
0.00198879089621862 0.00156035482040701 0.0155991228883907 0.980851731394984 

0.987466040631152 0.00166767969207241 0.00429627535183937 0.00657000432493604 
0.00588531221663452 0.97309992024347 0.00624749260578372 0.0147672749341117 
0.0147672749341117 0.00624749260578372 0.97309992024347 0.00588531221663452 
0.00657000432493604 0.00429627535183937 0.00166767969207241 0.987466040631152 

0.976389775288193 0.00194966573384542 0.0145374863629076 0.00712307261505418 
0.000127018772160211 0.984197099536465 0.00775589339947208 0.00791998829190293 
0.00791998829190293 0.00775589339947208 0.984197099536465 0.000127018772160211 
0.00712307261505418 0.0145374863629076 0.00194966573384542 0.976389775288193 


