4 5

0.165508661535569 0.334491338464431 0.334491338464431 0.165508661535569 

0.972968856025454 0.00542377441917422 0.00563469851834405 0.0159726710370275 
0.0106892995516878 0.987681500334321 0.000298950016460464 0.00133025009753078 
0.00133025009753078 0.000298950016460464 0.987681500334321 0.0106892995516878 
0.0159726710370275 0.00563469851834405 0.00542377441917422 0.972968856025454 

0.965044685933141 0.0026625761865672 0.000314389699634239 0.0319783481806571 
0.00263457855635603 0.996145558667078 0.00110610093780494 0.000113761838760595 
0.000113761838760595 0.00110610093780494 0.996145558667078 0.00263457855635603 
0.0319783481806571 0.000314389699634239 0.0026625761865672 0.965044685933141 

0.977017822471723 1.79472015200402e-05 0.00257334414916655 0.0203908861775907 
0.0140680034020892 0.983606291085454 0.00226237440631644 6.33311061401095e-05 
6.33311061401095e-05 0.00226237440631644 0.983606291085454 0.0140680034020892 
0.0203908861775907 0.00257334414916655 1.79472015200402e-05 0.977017822471723 

0.969183059710891 7.66108236070404e-05 0.000110855608111257 0.0306294738573905 
0.00066579154588612 0.991837708102713 0.00205402299328405 0.00544247735811672 
0.00544247735811672 0.00205402299328405 0.991837708102713 0.00066579154588612 
0.0306294738573905 0.000110855608111257 7.66108236070404e-05 0.969183059710891 

0.98015865524708 0.00352941282668667 0.00406993248027072 0.0122419994459623 
0.00331165681346438 0.980392216112092 0.000414280393075062 0.0158818466813688 
0.0158818466813688 0.000414280393075062 0.980392216112092 0.00331165681346438 
0.0122419994459623 0.00406993248027072 0.00352941282668667 0.98015865524708 


