4 5

0.452725684968755 0.0472743150312454 0.0472743150312454 0.452725684968755 

0.570602856498381 0.285498584453664 0.000106735587347223 0.143791823460608 
0.106221424499337 0.51750215106764 0.376044248879994 0.000232175553029436 
0.000232175553029436 0.376044248879994 0.51750215106764 0.106221424499337 
0.143791823460608 0.000106735587347223 0.285498584453664 0.570602856498381 

0.50116729229537 0.00302615095964901 0.0267977732123464 0.469008783532634 
0.00818839106503822 0.793785965187181 0.171768072953889 0.026257570793892 
0.026257570793892 0.171768072953889 0.793785965187181 0.00818839106503822 
0.469008783532634 0.0267977732123464 0.00302615095964901 0.50116729229537 

0.506993172723174 0.000488200158318602 0.490147159530141 0.0023714675883667 
0.472329156844873 0.524806132579449 0.00285570263669321 9.00793898520047e-06 
9.00793898520047e-06 0.00285570263669321 0.524806132579449 0.472329156844873 
0.0023714675883667 0.490147159530141 0.000488200158318602 0.506993172723174 

0.271924076770801 0.0551767330325932 0.444222480694769 0.228676709501837 
0.00395360093388414 0.911388085725683 0.0836743888251978 0.000983924515234936 
0.000983924515234936 0.0836743888251978 0.911388085725683 0.00395360093388414 
0.228676709501837 0.444222480694769 0.0551767330325932 0.271924076770801 

0.769472187209984 0.00121210873520027 0.0338492518669082 0.195466452187908 
0.0473710795069069 0.492091029888697 0.459954096289631 0.000583794314764751 
0.000583794314764751 0.459954096289631 0.492091029888697 0.0473710795069069 
0.195466452187908 0.0338492518669082 0.00121210873520027 0.769472187209984 


