4 5

0.0536804087460041 0.446319591253996 0.446319591253996 0.0536804087460041 

0.990061241942903 0.000316956174613605 0.00219726007424723 0.00742454180823587 
0.0161991069002382 0.970494453337882 0.000892109052414269 0.0124143307094653 
0.0124143307094653 0.000892109052414269 0.970494453337882 0.0161991069002382 
0.00742454180823587 0.00219726007424723 0.000316956174613605 0.990061241942903 

0.975010999851043 0.0203719775734299 0.000850299801885857 0.00376672277364165 
0.0112183806419217 0.98565779217037 0.000942416992831097 0.00218141019487725 
0.00218141019487725 0.000942416992831097 0.98565779217037 0.0112183806419217 
0.00376672277364165 0.000850299801885857 0.0203719775734299 0.975010999851043 

0.97610343580045 0.00764003987327185 0.00682125851987517 0.00943526580640303 
0.00514698523983542 0.984456945652439 0.00199064187580472 0.00840542723192056 
0.00840542723192056 0.00199064187580472 0.984456945652439 0.00514698523983542 
0.00943526580640303 0.00682125851987517 0.00764003987327185 0.97610343580045 

0.97453195288649 0.00659362745065549 0.00287224572133084 0.016002173941524 
0.00417444525581023 0.986083260670082 0.00193201492824335 0.00781027914586463 
0.00781027914586463 0.00193201492824335 0.986083260670082 0.00417444525581023 
0.016002173941524 0.00287224572133084 0.00659362745065549 0.97453195288649 

0.966627445259309 0.00465290757480897 0.0107798283765116 0.0179398187893707 
7.30619622415713e-05 0.99417050953723 0.0025742159534245 0.00318221254710425 
0.00318221254710425 0.0025742159534245 0.99417050953723 7.30619622415713e-05 
0.0179398187893707 0.0107798283765116 0.00465290757480897 0.966627445259309 


