4 5

0.413356302655302 0.086643697344698 0.086643697344698 0.413356302655302 

0.995812265500647 0.00402153845047404 3.56023193168712e-05 0.000130593729561979 
0.0314385888491172 0.964956997685663 0.000187443459484349 0.00341697000573553 
0.00341697000573553 0.000187443459484349 0.964956997685663 0.0314385888491172 
0.000130593729561979 3.56023193168712e-05 0.00402153845047404 0.995812265500647 

0.978187943191699 0.00666086519385408 0.000242440755134501 0.0149087508593125 
0.00453264278075104 0.982433965034741 0.012173689847799 0.00085970233670908 
0.00085970233670908 0.012173689847799 0.982433965034741 0.00453264278075104 
0.0149087508593125 0.000242440755134501 0.00666086519385408 0.978187943191699 

0.978228872691381 0.000345245926263089 0.00145370127441177 0.0199721801079446 
0.000257683184866109 0.982487893201911 0.014465294256386 0.00278912935683736 
0.00278912935683736 0.014465294256386 0.982487893201911 0.000257683184866109 
0.0199721801079446 0.00145370127441177 0.000345245926263089 0.978228872691381 

0.983805397385095 0.00198299370633962 0.00846779864478017 0.00574381026378518 
0.0196014653076342 0.976678190632995 0.00180217239025293 0.00191817166911823 
0.00191817166911823 0.00180217239025293 0.976678190632995 0.0196014653076342 
0.00574381026378518 0.00846779864478017 0.00198299370633962 0.983805397385095 

0.970104812054404 0.00064035296852692 0.0270409494660943 0.00221388551097523 
9.32129558802982e-06 0.990589635149716 0.00273804170476549 0.00666300184993055 
0.00666300184993055 0.00273804170476549 0.990589635149716 9.32129558802982e-06 
0.00221388551097523 0.0270409494660943 0.00064035296852692 0.970104812054404 


