4 5

0.360400172416121 0.139599827583879 0.139599827583879 0.360400172416121 

0.555832837115785 0.0261959208401788 0.0143398592844281 0.403631382759608 
0.00585295893246057 0.483549011640119 0.34305562077596 0.16754240865146 
0.16754240865146 0.34305562077596 0.483549011640119 0.00585295893246057 
0.403631382759608 0.0143398592844281 0.0261959208401788 0.555832837115785 

0.510743554450776 6.69197848966741e-05 0.209766513338326 0.279423012426001 
0.000202632109021245 0.559488960968437 0.213722074292381 0.226586332630161 
0.226586332630161 0.213722074292381 0.559488960968437 0.000202632109021245 
0.279423012426001 0.209766513338326 6.69197848966741e-05 0.510743554450776 

0.507433818625052 0.00396480859206392 0.0580245915619701 0.430576781220914 
0.116483385707155 0.549222693331477 0.260172021889472 0.0741218990718953 
0.0741218990718953 0.260172021889472 0.549222693331477 0.116483385707155 
0.430576781220914 0.0580245915619701 0.00396480859206392 0.507433818625052 

0.566170953840939 0.201997869461414 0.0701027707921798 0.161728405905468 
0.235277690799172 0.441699079598324 0.278434694144302 0.0445885354582028 
0.0445885354582028 0.278434694144302 0.441699079598324 0.235277690799172 
0.161728405905468 0.0701027707921798 0.201997869461414 0.566170953840939 

0.404546248409421 0.0952860009566965 0.161744307303164 0.338423443330719 
0.0916023904296422 0.685705489851865 0.0710339351399564 0.151658184578536 
0.151658184578536 0.0710339351399564 0.685705489851865 0.0916023904296422 
0.338423443330719 0.161744307303164 0.0952860009566965 0.404546248409421 


