4 5

0.130239707999863 0.369760292000137 0.369760292000137 0.130239707999863 

0.983942593662536 0.00869496486657572 0.000157047639334667 0.00720539383155361 
0.000901273132933669 0.976741090842774 0.0215620202657643 0.000795615758528243 
0.000795615758528243 0.0215620202657643 0.976741090842774 0.000901273132933669 
0.00720539383155361 0.000157047639334667 0.00869496486657572 0.983942593662536 

0.978445937312449 0.00654263158697947 0.00355858474318789 0.0114528463573841 
0.00165024274242113 0.982160671890185 0.0157631381020554 0.0004259472653387 
0.0004259472653387 0.0157631381020554 0.982160671890185 0.00165024274242113 
0.0114528463573841 0.00355858474318789 0.00654263158697947 0.978445937312449 

0.981991897304165 0.000391000463454986 0.000876227171038509 0.016740875061341 
0.000686713502811655 0.978727230811652 0.0184641122075718 0.00212194347796416 
0.00212194347796416 0.0184641122075718 0.978727230811652 0.000686713502811655 
0.016740875061341 0.000876227171038509 0.000391000463454986 0.981991897304165 

0.992291267411665 0.00427604843879018 0.000550577574340592 0.00288210657520449 
0.000208627630510831 0.968675044370618 0.0283680452576553 0.00274828274121569 
0.00274828274121569 0.0283680452576553 0.968675044370618 0.000208627630510831 
0.00288210657520449 0.000550577574340592 0.00427604843879018 0.992291267411665 

0.991534092479223 0.00079254665354083 0.00173731362045743 0.0059360472467786 
0.0213540790911569 0.969043750386847 0.00342393154795168 0.00617823897404491 
0.00617823897404491 0.00342393154795168 0.969043750386847 0.0213540790911569 
0.0059360472467786 0.00173731362045743 0.00079254665354083 0.991534092479223 


