4 5

0.0140469886828214 0.485953011317179 0.485953011317179 0.0140469886828214 

0.971072247134765 0.000658906179555453 0.000163792577130272 0.0281050541085491 
0.0036592482804201 0.989845354907607 0.00584729521713456 0.00064810159483873 
0.00064810159483873 0.00584729521713456 0.989845354907607 0.0036592482804201 
0.0281050541085491 0.000163792577130272 0.000658906179555453 0.971072247134765 

0.983323154194388 0.0141905660324626 8.67217233890836e-05 0.00239955804976028 
8.58258008650144e-06 0.977142990595739 0.0105622281899923 0.0122861986341826 
0.0122861986341826 0.0105622281899923 0.977142990595739 8.58258008650144e-06 
0.00239955804976028 8.67217233890836e-05 0.0141905660324626 0.983323154194388 

0.965622337818647 0.000426680260624796 0.00251485074260168 0.0314361311781263 
0.00168328845137157 0.995527215348743 0.00268413869131151 0.000105357508573752 
0.000105357508573752 0.00268413869131151 0.995527215348743 0.00168328845137157 
0.0314361311781263 0.00251485074260168 0.000426680260624796 0.965622337818647 

0.969753009219728 7.19681067732521e-05 0.0105504895327902 0.0196245331407088 
0.00732421133469265 0.990960177344542 0.00170331064625057 1.23006745150578e-05 
1.23006745150578e-05 0.00170331064625057 0.990960177344542 0.00732421133469265 
0.0196245331407088 0.0105504895327902 7.19681067732521e-05 0.969753009219728 

0.97562823160535 0.00365217500754489 0.0153173867027898 0.00540220668431585 
0.0100025643659431 0.984888081347544 0.00233533896195048 0.00277401532456265 
0.00277401532456265 0.00233533896195048 0.984888081347544 0.0100025643659431 
0.00540220668431585 0.0153173867027898 0.00365217500754489 0.97562823160535 


