4 5

0.0573490068782121 0.442650993121788 0.442650993121788 0.0573490068782121 

0.984991738297076 0.00578128107695735 0.000679808235191043 0.00854717239077568 
0.00254170405815805 0.975720314096767 0.0216277321626517 0.000110249682423084 
0.000110249682423084 0.0216277321626517 0.975720314096767 0.00254170405815805 
0.00854717239077568 0.000679808235191043 0.00578128107695735 0.984991738297076 

0.983182230048051 0.000356422510187139 0.00815312605090607 0.00830822139085613 
0.00655975814597529 0.977386798658294 0.015390056423112 0.000663386772618814 
0.000663386772618814 0.015390056423112 0.977386798658294 0.00655975814597529 
0.00830822139085613 0.00815312605090607 0.000356422510187139 0.983182230048051 

0.989409895203058 0.00858863953200203 0.00138671092592904 0.000614754339010537 
0.000554695635911191 0.971360971101597 0.0231945511207787 0.00488978214171283 
0.00488978214171283 0.0231945511207787 0.971360971101597 0.000554695635911191 
0.000614754339010537 0.00138671092592904 0.00858863953200203 0.989409895203058 

0.968723134734327 0.0021749486520369 0.00887167250137958 0.0202302441122565 
0.0043556027813953 0.992047877209554 0.00259232095228246 0.00100419905676856 
0.00100419905676856 0.00259232095228246 0.992047877209554 0.0043556027813953 
0.0202302441122565 0.00887167250137958 0.0021749486520369 0.968723134734327 

0.964403703741915 0.00109216726646524 0.032318859020829 0.00218526997079083 
0.000255300717272624 0.996364413550505 0.000120061486546696 0.00326022424567598 
0.00326022424567598 0.000120061486546696 0.996364413550505 0.000255300717272624 
0.00218526997079083 0.032318859020829 0.00109216726646524 0.964403703741915 


