4 5

0.0631977417506278 0.436802258249372 0.436802258249372 0.0631977417506278 

0.993870786379436 0.003233854492586 0.00156244576317639 0.00133291336480207 
0.00817281341105837 0.97648239623085 0.00349987855252815 0.0118449118055633 
0.0118449118055633 0.00349987855252815 0.97648239623085 0.00817281341105837 
0.00133291336480207 0.00156244576317639 0.003233854492586 0.993870786379436 

0.990732382099157 0.00327524462523559 0.000525221833375175 0.00546715144223242 
0.00494744535615198 0.979587175272697 0.00749552198652664 0.0079698573846242 
0.0079698573846242 0.00749552198652664 0.979587175272697 0.00494744535615198 
0.00546715144223242 0.000525221833375175 0.00327524462523559 0.990732382099157 

0.976089372579543 0.0107755516976513 0.00132953670446243 0.0118055390183437 
0.000870881966650327 0.99430961576215 0.00412733359096551 0.000692168680234008 
0.000692168680234008 0.00412733359096551 0.99430961576215 0.000870881966650327 
0.0118055390183437 0.00132953670446243 0.0107755516976513 0.976089372579543 

0.991952264505329 0.00553610992090459 0.000645773874161759 0.00186585169960474 
0.000885844955537453 0.978340879948739 0.00288559286196433 0.0178876822337588 
0.0178876822337588 0.00288559286196433 0.978340879948739 0.000885844955537453 
0.00186585169960474 0.000645773874161759 0.00553610992090459 0.991952264505329 

0.978804844976382 0.00359238854397857 5.26078686381615e-05 0.0175501586110017 
2.76399161386926e-05 0.99164902998387 0.00769642960042294 0.00062690049956798 
0.00062690049956798 0.00769642960042294 0.99164902998387 2.76399161386926e-05 
0.0175501586110017 5.26078686381615e-05 0.00359238854397857 0.978804844976382 


