4 5

0.301749171572737 0.198250828427263 0.198250828427263 0.301749171572737 

0.991481323485904 0.000831782315293649 0.000998074424486884 0.0066888197743159 
0.00760224882759934 0.969319290551633 0.021811056990667 0.00126740363010032 
0.00126740363010032 0.021811056990667 0.969319290551633 0.00760224882759934 
0.0066888197743159 0.000998074424486884 0.000831782315293649 0.991481323485904 

0.982302218930627 0.0153667003965909 0.00207169268153084 0.000259387991250748 
0.00702695698172704 0.978313072267292 0.0141811113696874 0.000478859381293461 
0.000478859381293461 0.0141811113696874 0.978313072267292 0.00702695698172704 
0.000259387991250748 0.00207169268153084 0.0153667003965909 0.982302218930627 

0.993595446330542 0.00370358551200359 0.00263312272151447 6.78454359397396e-05 
0.000621332156604808 0.967086161750392 0.00877302872697983 0.0235194773660232 
0.0235194773660232 0.00877302872697983 0.967086161750392 0.000621332156604808 
6.78454359397396e-05 0.00263312272151447 0.00370358551200359 0.993595446330542 

0.98208686331946 0.000595337377720634 0.0131992803683927 0.00411851893442633 
0.0160395468076224 0.978352020076596 0.00492878644793743 0.000679646667844628 
0.000679646667844628 0.00492878644793743 0.978352020076596 0.0160395468076224 
0.00411851893442633 0.0131992803683927 0.000595337377720634 0.98208686331946 

0.991212048463258 0.00126899929703536 0.00180869872760783 0.00571025351209853 
0.00129248451661932 0.969666371964402 0.0254741106931965 0.00356703282578221 
0.00356703282578221 0.0254741106931965 0.969666371964402 0.00129248451661932 
0.00571025351209853 0.00180869872760783 0.00126899929703536 0.991212048463258 


