4 5

0.365067130653188 0.134932869346812 0.134932869346812 0.365067130653188 

0.996417101745049 0.0018358756344817 2.71077380345204e-05 0.00171991488243456 
9.26360084872579e-05 0.983732922533899 0.00392450409978828 0.0122499373578256 
0.0122499373578256 0.00392450409978828 0.983732922533899 9.26360084872579e-05 
0.00171991488243456 2.71077380345204e-05 0.0018358756344817 0.996417101745049 

0.990275255503037 0.00741400641428562 0.00220529324694303 0.000105444835733937 
0.00126363974280678 0.989855555772895 0.00517773601498606 0.00370306846931187 
0.00370306846931187 0.00517773601498606 0.989855555772895 0.00126363974280678 
0.000105444835733937 0.00220529324694303 0.00741400641428562 0.990275255503037 

0.986339469355803 8.35454062347346e-05 0.00121709781028928 0.0123598874276725 
0.000360826539810136 0.993860128929841 0.00297824852005329 0.00280079601029563 
0.00280079601029563 0.00297824852005329 0.993860128929841 0.000360826539810136 
0.0123598874276725 0.00121709781028928 8.35454062347346e-05 0.986339469355803 

0.989272646764368 1.87167218337189e-05 0.00779140741011276 0.00291722910368575 
0.00801614386238898 0.99083262029597 0.00113384816316492 1.73876784759688e-05 
1.73876784759688e-05 0.00113384816316492 0.99083262029597 0.00801614386238898 
0.00291722910368575 0.00779140741011276 1.87167218337189e-05 0.989272646764368 

0.992932227108066 0.000675676632179238 0.0052197277088594 0.00117236855089581 
1.53594084906783e-05 0.987230384540266 0.00618762044362564 0.00656663560761811 
0.00656663560761811 0.00618762044362564 0.987230384540266 1.53594084906783e-05 
0.00117236855089581 0.0052197277088594 0.000675676632179238 0.992932227108066 


