4 5

0.366828231024556 0.133171768975444 0.133171768975444 0.366828231024556 

0.491548444631416 0.0187102601426149 0.0017543346844494 0.487986960541519 
0.000264469968932634 0.510386682909612 0.475852540267432 0.0134963068540229 
0.0134963068540229 0.475852540267432 0.510386682909612 0.000264469968932634 
0.487986960541519 0.0017543346844494 0.0187102601426149 0.491548444631416 

0.594321529672821 0.0108707924111073 0.0520944644002158 0.342713213515855 
0.00100781119536894 0.489271476734584 0.483709851091311 0.0260108609787355 
0.0260108609787355 0.483709851091311 0.489271476734584 0.00100781119536894 
0.342713213515855 0.0520944644002158 0.0108707924111073 0.594321529672821 

0.447403105637475 0.47485925403735 0.0177525225025679 0.0599851178226073 
0.0364865661116274 0.492706926011028 0.460241545076193 0.0105649628011513 
0.0105649628011513 0.460241545076193 0.492706926011028 0.0364865661116274 
0.0599851178226073 0.0177525225025679 0.47485925403735 0.447403105637475 

0.523328798891975 0.0171976990350759 0.0379529962557713 0.421520505817178 
0.117598592251552 0.383734896312538 0.378565026724154 0.120101484711755 
0.120101484711755 0.378565026724154 0.383734896312538 0.117598592251552 
0.421520505817178 0.0379529962557713 0.0171976990350759 0.523328798891975 

0.486107383012073 0.0995589329241791 0.0102220942431856 0.404111589820562 
0.0454730161272244 0.503393463529285 0.450112599161047 0.0010209211824427 
0.0010209211824427 0.450112599161047 0.503393463529285 0.0454730161272244 
0.404111589820562 0.0102220942431856 0.0995589329241791 0.486107383012073 


