4 5

0.0702805055771023 0.429719494422898 0.429719494422898 0.0702805055771023 

0.401297394705043 0.0430324931840412 0.339911274145514 0.215758837965402 
0.114600638010935 0.4629163720713 0.0696667316624415 0.352816258255324 
0.352816258255324 0.0696667316624415 0.4629163720713 0.114600638010935 
0.215758837965402 0.339911274145514 0.0430324931840412 0.401297394705043 

0.395853313206881 0.158276884555885 0.0943845220185652 0.351485280218669 
0.284891752520433 0.517178635231691 0.153213204252636 0.0447164079952398 
0.0447164079952398 0.153213204252636 0.517178635231691 0.284891752520433 
0.351485280218669 0.0943845220185652 0.158276884555885 0.395853313206881 

0.614063966825992 0.180074484457669 0.113244996453842 0.0926165522624979 
0.124540604945889 0.426528441526425 0.413883018056828 0.0350479354708581 
0.0350479354708581 0.413883018056828 0.426528441526425 0.124540604945889 
0.0926165522624979 0.113244996453842 0.180074484457669 0.614063966825992 

0.638942933575678 0.00284352190253442 0.0609265641635383 0.297286980358249 
0.0651279763046168 0.300066917973292 0.242372391639206 0.392432714082885 
0.392432714082885 0.242372391639206 0.300066917973292 0.0651279763046168 
0.297286980358249 0.0609265641635383 0.00284352190253442 0.638942933575678 

0.527330600794396 0.067317614110347 0.0153705435530607 0.389981241542197 
0.0341387663631196 0.490644489567535 0.475035367731095 0.000181376338249557 
0.000181376338249557 0.475035367731095 0.490644489567535 0.0341387663631196 
0.389981241542197 0.0153705435530607 0.067317614110347 0.527330600794396 


