4 5

0.249464944354258 0.250535055645742 0.250535055645742 0.249464944354258 

0.986506922286174 0.012873006979674 0.000244285899607652 0.00037578483454459 
0.00144164167260891 0.983741424520281 6.42883489160306e-06 0.0148105049722187 
0.0148105049722187 6.42883489160306e-06 0.983741424520281 0.00144164167260891 
0.00037578483454459 0.000244285899607652 0.012873006979674 0.986506922286174 

0.992484180870832 0.00223029254520757 0.000452555311035605 0.0048329712729247 
0.000770476144257118 0.978029928378809 0.0208377771763312 0.000361818300602287 
0.000361818300602287 0.0208377771763312 0.978029928378809 0.000770476144257118 
0.0048329712729247 0.000452555311035605 0.00223029254520757 0.992484180870832 

0.983699413807209 0.0018095670261162 5.87267688580189e-05 0.0144322923978164 
7.60009906479063e-05 0.986640423188398 0.00380943434099817 0.00947414147995635 
0.00947414147995635 0.00380943434099817 0.986640423188398 7.60009906479063e-05 
0.0144322923978164 5.87267688580189e-05 0.0018095670261162 0.983699413807209 

0.97307840834201 0.000304703286641876 0.000477557504509414 0.0261393308668386 
2.47158734245825e-05 0.99765538010574 0.000107222541707419 0.00221268147912843 
0.00221268147912843 0.000107222541707419 0.99765538010574 2.47158734245825e-05 
0.0261393308668386 0.000477557504509414 0.000304703286641876 0.97307840834201 

0.973899095421101 0.00109866142846679 0.00712147935130172 0.0178807637991305 
0.000642330262374303 0.996637598376903 0.000682790993531579 0.00203728036719126 
0.00203728036719126 0.000682790993531579 0.996637598376903 0.000642330262374303 
0.0178807637991305 0.00712147935130172 0.00109866142846679 0.973899095421101 


