4 5

0.111316402908415 0.388683597091585 0.388683597091585 0.111316402908415 

0.975353831050153 0.0165902010820164 0.00032754995103961 0.0077284179167913 
0.00815128894433758 0.985257683425412 0.0063600388714295 0.000230988758821001 
0.000230988758821001 0.0063600388714295 0.985257683425412 0.00815128894433758 
0.0077284179167913 0.00032754995103961 0.0165902010820164 0.975353831050153 

0.988807018288317 1.81541282516585e-05 0.00240256196084179 0.00877226562259004 
0.00559413792323616 0.97195923186451 0.0222923362205144 0.000154293991739044 
0.000154293991739044 0.0222923362205144 0.97195923186451 0.00559413792323616 
0.00877226562259004 0.00240256196084179 1.81541282516585e-05 0.988807018288317 

0.987417772065803 0.00156213355911197 0.000267411799546126 0.0107526825755386 
0.00214908325675825 0.973282645620455 0.0191288935008546 0.00543937762193178 
0.00543937762193178 0.0191288935008546 0.973282645620455 0.00214908325675825 
0.0107526825755386 0.000267411799546126 0.00156213355911197 0.987417772065803 

0.998952770867439 0.000593914522729037 0.000448981352072849 4.33325775933691e-06 
0.0329809612266182 0.961830134995225 0.00517852816669201 1.03756114643305e-05 
1.03756114643305e-05 0.00517852816669201 0.961830134995225 0.0329809612266182 
4.33325775933691e-06 0.000448981352072849 0.000593914522729037 0.998952770867439 

0.976882967009196 0.0132243694110041 0.00227174741992976 0.00762091615987026 
0.0027102023143763 0.983649652557703 0.00988593485613831 0.00375421027178218 
0.00375421027178218 0.00988593485613831 0.983649652557703 0.0027102023143763 
0.00762091615987026 0.00227174741992976 0.0132243694110041 0.976882967009196 


