4 5

0.393370055011474 0.106629944988526 0.106629944988526 0.393370055011474 

0.744233704694383 0.071487895129253 0.00313826881557829 0.181140131360786 
0.112828326845975 0.433824778746053 0.423045834641065 0.0303010597669068 
0.0303010597669068 0.423045834641065 0.433824778746053 0.112828326845975 
0.181140131360786 0.00313826881557829 0.071487895129253 0.744233704694383 

0.453985777024121 0.00483526365554962 0.148758485755714 0.392420473564615 
0.00526478387203794 0.588588368544479 0.266372864672466 0.139773982911017 
0.139773982911017 0.266372864672466 0.588588368544479 0.00526478387203794 
0.392420473564615 0.148758485755714 0.00483526365554962 0.453985777024121 

0.713531151319029 0.0045464211984657 0.059330604940384 0.222591822542121 
0.00742683628459303 0.453355126132014 0.442578618743665 0.096639418839728 
0.096639418839728 0.442578618743665 0.453355126132014 0.00742683628459303 
0.222591822542121 0.059330604940384 0.0045464211984657 0.713531151319029 

0.838830124940138 8.06194053153616e-05 0.00110250026969103 0.159986755384856 
0.00148527454769022 0.489108303226059 0.488573116887217 0.0208333053390333 
0.0208333053390333 0.488573116887217 0.489108303226059 0.00148527454769022 
0.159986755384856 0.00110250026969103 8.06194053153616e-05 0.838830124940138 

0.470299627870545 0.0202570964416652 0.0445261285329719 0.464917147154818 
0.0132514872728548 0.502816071215213 0.480852683602526 0.00307975790940653 
0.00307975790940653 0.480852683602526 0.502816071215213 0.0132514872728548 
0.464917147154818 0.0445261285329719 0.0202570964416652 0.470299627870545 


