4 5

0.264811702887528 0.235188297112472 0.235188297112472 0.264811702887528 

0.988338837106634 3.10925254114675e-05 0.000296801145019489 0.0113332692229346 
0.000136156835167103 0.991841691380811 0.0048227417910377 0.00319940999298385 
0.00319940999298385 0.0048227417910377 0.991841691380811 0.000136156835167103 
0.0113332692229346 0.000296801145019489 3.10925254114675e-05 0.988338837106634 

0.994622859072493 0.00205147005005371 0.00304545305831292 0.000280217819140394 
0.00432017120644173 0.985538681199487 0.00634193067337646 0.00379921692069469 
0.00379921692069469 0.00634193067337646 0.985538681199487 0.00432017120644173 
0.000280217819140394 0.00304545305831292 0.00205147005005371 0.994622859072493 

0.988105144882444 0.00097860314020373 0.0106585881358445 0.000257663841507549 
0.00169496174810231 0.992022461865664 0.00572926487490766 0.000553311511325695 
0.000553311511325695 0.00572926487490766 0.992022461865664 0.00169496174810231 
0.000257663841507549 0.0106585881358445 0.00097860314020373 0.988105144882444 

0.98800198277851 0.000195838509497965 0.00461292408943307 0.00718925462255865 
1.15388250476837e-05 0.992155603234081 0.00644279961552258 0.00139005832534854 
0.00139005832534854 0.00644279961552258 0.992155603234081 1.15388250476837e-05 
0.00718925462255865 0.00461292408943307 0.000195838509497965 0.98800198277851 

0.998949885650642 0.000243700760362249 0.000493564903122727 0.000312848685873168 
0.0124042487703556 0.981250481763323 0.00597441475396376 0.000370854712357451 
0.000370854712357451 0.00597441475396376 0.981250481763323 0.0124042487703556 
0.000312848685873168 0.000493564903122727 0.000243700760362249 0.998949885650642 


