4 5

0.292128819273785 0.207871180726215 0.207871180726215 0.292128819273785 

0.801331793213102 0.019124578002872 0.00326023347735897 0.176283395306667 
0.000274394558436275 0.508242408097895 0.478177213481125 0.0133059838625442 
0.0133059838625442 0.478177213481125 0.508242408097895 0.000274394558436275 
0.176283395306667 0.00326023347735897 0.019124578002872 0.801331793213102 

0.454360979054635 0.10357837512244 0.0118933926248196 0.430167253198105 
0.0208488562331439 0.633910048285946 0.153941237222106 0.191299858258805 
0.191299858258805 0.153941237222106 0.633910048285946 0.0208488562331439 
0.430167253198105 0.0118933926248196 0.10357837512244 0.454360979054635 

0.548394935751975 0.0226560251119013 0.0878503114708051 0.341098727665319 
0.0810604105345656 0.428188467465408 0.17513723365999 0.315613888340037 
0.315613888340037 0.17513723365999 0.428188467465408 0.0810604105345656 
0.341098727665319 0.0878503114708051 0.0226560251119013 0.548394935751975 

0.53580833265899 0.319188565808146 0.000936071741162142 0.144067029791702 
0.0879720354148373 0.52143270145326 0.378889794774885 0.011705468357018 
0.011705468357018 0.378889794774885 0.52143270145326 0.0879720354148373 
0.144067029791702 0.000936071741162142 0.319188565808146 0.53580833265899 

0.659077317879893 0.00276516961630211 0.000171942244761377 0.337985570259044 
0.0218397032976569 0.327752907609978 0.227761336650457 0.422646052441908 
0.422646052441908 0.227761336650457 0.327752907609978 0.0218397032976569 
0.337985570259044 0.000171942244761377 0.00276516961630211 0.659077317879893 


