4 5

0.266916466294788 0.233083533705212 0.233083533705212 0.266916466294788 

0.6107914288242 0.0173681438182276 0.0062855489458402 0.365554878411732 
2.36334244505892e-05 0.534852882128273 0.458118725665338 0.00700475878193859 
0.00700475878193859 0.458118725665338 0.534852882128273 2.36334244505892e-05 
0.365554878411732 0.0062855489458402 0.0173681438182276 0.6107914288242 

0.894468638270095 0.00651397378551076 0.0735796597158275 0.0254377282285669 
0.115811352362541 0.206254780360511 0.017311744298165 0.660622122978783 
0.660622122978783 0.017311744298165 0.206254780360511 0.115811352362541 
0.0254377282285669 0.0735796597158275 0.00651397378551076 0.894468638270095 

0.89891151683248 0.013705650200708 0.00037196257535759 0.0870108703914543 
0.246370475031921 0.37706659406694 0.341576816804206 0.0349861140969338 
0.0349861140969338 0.341576816804206 0.37706659406694 0.246370475031921 
0.0870108703914543 0.00037196257535759 0.013705650200708 0.89891151683248 

0.705182581705043 0.120607436965522 0.160723113908353 0.0134868674210827 
0.0174247013357514 0.318544123872023 0.124198915754196 0.539832259038029 
0.539832259038029 0.124198915754196 0.318544123872023 0.0174247013357514 
0.0134868674210827 0.160723113908353 0.120607436965522 0.705182581705043 

0.502773132421693 0.028650523365128 0.0023765867885304 0.466199757424648 
0.112418257597145 0.7704400574279 0.105332173449957 0.0118095115249981 
0.0118095115249981 0.105332173449957 0.7704400574279 0.112418257597145 
0.466199757424648 0.0023765867885304 0.028650523365128 0.502773132421693 


