4 5

0.0351192113012075 0.464880788698792 0.464880788698792 0.0351192113012075 

0.994704083604716 0.000559876186305883 0.00184324107737681 0.00289279913160118 
0.0018639317368874 0.985446067135198 0.00366847608373128 0.00902152504418293 
0.00902152504418293 0.00366847608373128 0.985446067135198 0.0018639317368874 
0.00289279913160118 0.00184324107737681 0.000559876186305883 0.994704083604716 

0.991364894475777 0.00126869348285204 0.00506924518118738 0.00229716686018322 
0.00142809253390954 0.98877887911692 0.0037810924923285 0.0060119358568421 
0.0060119358568421 0.0037810924923285 0.98877887911692 0.00142809253390954 
0.00229716686018322 0.00506924518118738 0.00126869348285204 0.991364894475777 

0.981899226919794 0.00302062356200536 0.0131872089967525 0.00189294052144778 
9.10109611551459e-05 0.998289135553685 0.000213189979770823 0.00140666350538944 
0.00140666350538944 0.000213189979770823 0.998289135553685 9.10109611551459e-05 
0.00189294052144778 0.0131872089967525 0.00302062356200536 0.981899226919794 

0.992100474526921 0.000288626018432166 3.08947852495279e-05 0.0075800046693974 
0.00173645369642934 0.988033079732101 0.000167351052460685 0.0100631155190087 
0.0100631155190087 0.000167351052460685 0.988033079732101 0.00173645369642934 
0.0075800046693974 3.08947852495279e-05 0.000288626018432166 0.992100474526921 

0.989897760734561 0.00670691620803656 0.00142616498427603 0.00196915807312592 
0.00283091824979994 0.990232723456794 0.000172199535597772 0.00676415875780792 
0.00676415875780792 0.000172199535597772 0.990232723456794 0.00283091824979994 
0.00196915807312592 0.00142616498427603 0.00670691620803656 0.989897760734561 


