4 5

0.207006462384015 0.292993537615985 0.292993537615985 0.207006462384015 

0.975921279451055 0.0013699435775344 0.0205195449813302 0.00218923199008014 
0.00614045431130537 0.984612136250621 0.00467969241456417 0.00456771702350991 
0.00456771702350991 0.00467969241456417 0.984612136250621 0.00614045431130537 
0.00218923199008014 0.0205195449813302 0.0013699435775344 0.975921279451055 

0.987355543510795 0.000723792397571283 0.000264331948258116 0.0116563321433754 
0.000249739321734302 0.973501074669264 0.0256988785001496 0.000550307508851908 
0.000550307508851908 0.0256988785001496 0.973501074669264 0.000249739321734302 
0.0116563321433754 0.000264331948258116 0.000723792397571283 0.987355543510795 

0.9663792978707 0.025909986458806 0.00406798726311099 0.00364272840738278 
0.00252286015087417 0.994295812215124 0.00277856271327914 0.000402764920722375 
0.000402764920722375 0.00277856271327914 0.994295812215124 0.00252286015087417 
0.00364272840738278 0.00406798726311099 0.025909986458806 0.9663792978707 

0.979147759228322 0.000335613332586716 7.20009446186542e-05 0.0204446264944728 
0.000490007005215362 0.981591710583382 0.0157725314990027 0.00214575091240014 
0.00214575091240014 0.0157725314990027 0.981591710583382 0.000490007005215362 
0.0204446264944728 7.20009446186542e-05 0.000335613332586716 0.979147759228322 

0.971207336601712 0.000229836281375013 0.00860627629571748 0.0199565508211954 
8.12230675595106e-05 0.989551625864473 0.00306289288495093 0.00730425818301619 
0.00730425818301619 0.00306289288495093 0.989551625864473 8.12230675595106e-05 
0.0199565508211954 0.00860627629571748 0.000229836281375013 0.971207336601712 


