4 5

0.108108207001351 0.391891792998649 0.391891792998649 0.108108207001351 

0.738530285019197 0.0103594177550148 0.0121613317348171 0.238948965490971 
0.0138184961370924 0.479876368790746 0.438771022053874 0.0675341130182872 
0.0675341130182872 0.438771022053874 0.479876368790746 0.0138184961370924 
0.238948965490971 0.0121613317348171 0.0103594177550148 0.738530285019197 

0.794595770166006 0.0330083938625554 0.0884823213438466 0.0839135146275916 
0.633093300281704 0.216323229383581 0.0107621184006824 0.139821351934033 
0.139821351934033 0.0107621184006824 0.216323229383581 0.633093300281704 
0.0839135146275916 0.0884823213438466 0.0330083938625554 0.794595770166006 

0.368777253296973 0.0791874215786966 0.325506455333138 0.226528869791193 
0.0159743715470721 0.733391141155798 0.0358035667347491 0.214830920562381 
0.214830920562381 0.0358035667347491 0.733391141155798 0.0159743715470721 
0.226528869791193 0.325506455333138 0.0791874215786966 0.368777253296973 

0.810809829253739 0.00583366222691952 0.0170122062730761 0.166344302246265 
0.00398589029473752 0.483959965711508 0.451855885873209 0.0601982581205458 
0.0601982581205458 0.451855885873209 0.483959965711508 0.00398589029473752 
0.166344302246265 0.0170122062730761 0.00583366222691952 0.810809829253739 

0.557033485720506 0.0392321346247911 0.00309111279626848 0.400643266858434 
0.001581361201278 0.310635776473137 0.157973254191873 0.529809608133712 
0.529809608133712 0.157973254191873 0.310635776473137 0.001581361201278 
0.400643266858434 0.00309111279626848 0.0392321346247911 0.557033485720506 


