4 5

0.172133896965533 0.327866103034467 0.327866103034467 0.172133896965533 

0.489471678785771 0.00698347813839721 0.0768344052857568 0.426710437790075 
0.000334899428972451 0.663346321144444 0.317617156923261 0.018701622503322 
0.018701622503322 0.317617156923261 0.663346321144444 0.000334899428972451 
0.426710437790075 0.0768344052857568 0.00698347813839721 0.489471678785771 

0.507900784867532 0.00407634797258904 0.00118250053782232 0.486840366622057 
0.0025686492990549 0.937157092535417 0.0602649852593944 9.27290613392294e-06 
9.27290613392294e-06 0.0602649852593944 0.937157092535417 0.0025686492990549 
0.486840366622057 0.00118250053782232 0.00407634797258904 0.507900784867532 

0.480994425063611 0.151480413527094 0.0758500054093169 0.291675155999978 
0.00127642581712643 0.473754629959972 0.377150738513393 0.147818205709509 
0.147818205709509 0.377150738513393 0.473754629959972 0.00127642581712643 
0.291675155999978 0.0758500054093169 0.151480413527094 0.480994425063611 

0.306175527115617 0.128378634794097 0.346392048562923 0.219053789527363 
0.0349536542710656 0.776174417484991 0.0938070415154639 0.095064886728479 
0.095064886728479 0.0938070415154639 0.776174417484991 0.0349536542710656 
0.219053789527363 0.346392048562923 0.128378634794097 0.306175527115617 

0.453304000535658 0.168934753098994 0.0774386425140269 0.300322603851321 
0.338127398774462 0.567685293260733 0.0748019901373801 0.0193853178274246 
0.0193853178274246 0.0748019901373801 0.567685293260733 0.338127398774462 
0.300322603851321 0.0774386425140269 0.168934753098994 0.453304000535658 


