4 5

0.29256818338763 0.20743181661237 0.20743181661237 0.29256818338763 

0.981675249203046 0.0133953496202321 0.000788865773086128 0.00414053540363535 
0.00548897188550602 0.978819216648534 0.000689984017510914 0.0150018274484487 
0.0150018274484487 0.000689984017510914 0.978819216648534 0.00548897188550602 
0.00414053540363535 0.000788865773086128 0.0133953496202321 0.981675249203046 

0.988222183068945 0.0086725423325448 9.52289502620168e-05 0.00301004564824769 
0.000140748924870281 0.972248269724699 0.00108053652409212 0.0265304448263388 
0.0265304448263388 0.00108053652409212 0.972248269724699 0.000140748924870281 
0.00301004564824769 9.52289502620168e-05 0.0086725423325448 0.988222183068945 

0.977472758368996 0.0208113445221086 1.96110156603594e-05 0.00169628609323536 
0.0135261663874257 0.983226194955971 0.00299379300436059 0.000253845652242642 
0.000253845652242642 0.00299379300436059 0.983226194955971 0.0135261663874257 
0.00169628609323536 1.96110156603594e-05 0.0208113445221086 0.977472758368996 

0.97619705708675 0.00104244360323457 7.94453640257213e-05 0.0226810539459897 
0.00123221384416879 0.984584359013341 0.0140736240047795 0.000109803137711179 
0.000109803137711179 0.0140736240047795 0.984584359013341 0.00123221384416879 
0.0226810539459897 7.94453640257213e-05 0.00104244360323457 0.97619705708675 

0.98268801677123 0.00500532996683531 2.51494982621801e-05 0.0122815037636725 
5.01578182327753e-05 0.977821041488025 0.00764786577843601 0.0144809349153066 
0.0144809349153066 0.00764786577843601 0.977821041488025 5.01578182327753e-05 
0.0122815037636725 2.51494982621801e-05 0.00500532996683531 0.98268801677123 


