4 5

0.0902938591316342 0.409706140868366 0.409706140868366 0.0902938591316342 

0.49760226746871 0.050335325354708 0.0348618857273235 0.417200521449258 
0.0274446821421473 0.607590552080863 0.343339142409659 0.0216256233673314 
0.0216256233673314 0.343339142409659 0.607590552080863 0.0274446821421473 
0.417200521449258 0.0348618857273235 0.050335325354708 0.49760226746871 

0.330039237988665 0.227190531047667 0.306445642883549 0.136324588080118 
0.277084267847322 0.600528200291513 0.0875831262038749 0.0348044056572899 
0.0348044056572899 0.0875831262038749 0.600528200291513 0.277084267847322 
0.136324588080118 0.306445642883549 0.227190531047667 0.330039237988665 

0.821217017166626 0.0234849253082327 0.00443257879868068 0.150865478726461 
0.00578129092075647 0.415576957952184 0.385564437417691 0.193077313709369 
0.193077313709369 0.385564437417691 0.415576957952184 0.00578129092075647 
0.150865478726461 0.00443257879868068 0.0234849253082327 0.821217017166626 

0.460719082828618 0.225861070820677 0.178738339053961 0.134681507296743 
0.184387365977974 0.488529170981842 0.324760181765129 0.00232328127505525 
0.00232328127505525 0.324760181765129 0.488529170981842 0.184387365977974 
0.134681507296743 0.178738339053961 0.225861070820677 0.460719082828618 

0.549448580632441 0.0849070065327002 0.323917407490641 0.0417270053442178 
0.333050320850058 0.333951446460434 0.257202065470203 0.0757961672193053 
0.0757961672193053 0.257202065470203 0.333951446460434 0.333050320850058 
0.0417270053442178 0.323917407490641 0.0849070065327002 0.549448580632441 


