4 5

0.411204573931172 0.0887954260688275 0.0887954260688275 0.411204573931172 

0.548138994303831 0.0439973166578633 0.00334904415534028 0.404514644882965 
0.141038161809102 0.474091689203522 0.283320264511164 0.101549884476212 
0.101549884476212 0.283320264511164 0.474091689203522 0.141038161809102 
0.404514644882965 0.00334904415534028 0.0439973166578633 0.548138994303831 

0.277178604273208 0.159281652157891 0.544095655117534 0.0194440884513664 
0.0945827586563821 0.613262927575384 0.250898142222459 0.0412561715457749 
0.0412561715457749 0.250898142222459 0.613262927575384 0.0945827586563821 
0.0194440884513664 0.544095655117534 0.159281652157891 0.277178604273208 

0.870820347451906 9.79868252858622e-05 0.00403395883237709 0.125047706890431 
0.0762924968312324 0.45404509528511 0.426185744996352 0.0434766628873052 
0.0434766628873052 0.426185744996352 0.45404509528511 0.0762924968312324 
0.125047706890431 0.00403395883237709 9.79868252858622e-05 0.870820347451906 

0.494316739595464 0.0579163548119957 0.0240949718668564 0.423671933725684 
0.30610387777519 0.607858486242302 0.0166029912426862 0.0694346447398215 
0.0694346447398215 0.0166029912426862 0.607858486242302 0.30610387777519 
0.423671933725684 0.0240949718668564 0.0579163548119957 0.494316739595464 

0.261690516989233 0.561813986198773 0.121079784086116 0.055415712725877 
0.0286437865741199 0.651718324635433 0.301138041153241 0.018499847637206 
0.018499847637206 0.301138041153241 0.651718324635433 0.0286437865741199 
0.055415712725877 0.121079784086116 0.561813986198773 0.261690516989233 


