4 5

0.0945515693165362 0.405448430683464 0.405448430683464 0.0945515693165362 

0.465436515117569 0.00727540628394758 0.100176931717377 0.427111146881107 
0.00971433680563884 0.849627805522932 0.0499335134116474 0.0907243442597814 
0.0907243442597814 0.0499335134116474 0.849627805522932 0.00971433680563884 
0.427111146881107 0.100176931717377 0.00727540628394758 0.465436515117569 

0.392936000961402 0.231785517664298 0.0227000030951423 0.352578478279158 
0.00993946842053277 0.752330142979248 0.208739325847064 0.0289910627531551 
0.0289910627531551 0.208739325847064 0.752330142979248 0.00993946842053277 
0.352578478279158 0.0227000030951423 0.231785517664298 0.392936000961402 

0.259666624946492 0.276992913304313 0.450159581711586 0.0131808800376089 
0.101133202490207 0.685798724625904 0.175231812451784 0.0378362604321051 
0.0378362604321051 0.175231812451784 0.685798724625904 0.101133202490207 
0.0131808800376089 0.450159581711586 0.276992913304313 0.259666624946492 

0.269915439397195 0.0801280124517799 0.423972313725914 0.22598423442511 
0.0332924191477044 0.814373992979204 0.149899490866248 0.00243409700684327 
0.00243409700684327 0.149899490866248 0.814373992979204 0.0332924191477044 
0.22598423442511 0.423972313725914 0.0801280124517799 0.269915439397195 

0.664862380723133 0.208424335135657 0.00324458989959472 0.123468694241616 
0.00270447178603335 0.443827521102697 0.436528374935513 0.116939632175756 
0.116939632175756 0.436528374935513 0.443827521102697 0.00270447178603335 
0.123468694241616 0.00324458989959472 0.208424335135657 0.664862380723133 


