4 5

0.132938645896502 0.367061354103498 0.367061354103498 0.132938645896502 

0.982673381593724 0.000571935035764185 0.01174593074603 0.00500875262448164 
0.00140998183904768 0.997496568461538 0.0010349369801424 5.85127192724171e-05 
5.85127192724171e-05 0.0010349369801424 0.997496568461538 0.00140998183904768 
0.00500875262448164 0.01174593074603 0.000571935035764185 0.982673381593724 

0.984937559852485 0.0134640638566016 0.000553895581767955 0.00104448070914526 
0.0040507998028586 0.995244815622435 0.000661051128528434 4.33334461776924e-05 
4.33334461776924e-05 0.000661051128528434 0.995244815622435 0.0040507998028586 
0.00104448070914526 0.000553895581767955 0.0134640638566016 0.984937559852485 

0.992146935752092 0.000193316448902564 0.00158334097797404 0.00607640682103133 
7.86575617623811e-06 0.988046927279981 0.011851665417787 9.35415460554993e-05 
9.35415460554993e-05 0.011851665417787 0.988046927279981 7.86575617623811e-06 
0.00607640682103133 0.00158334097797404 0.000193316448902564 0.992146935752092 

0.998703112487433 3.15685195033559e-06 0.000269638222977276 0.00102409243763918 
0.00476457243239888 0.981475765819611 0.000491411568420252 0.0132682501795694 
0.0132682501795694 0.000491411568420252 0.981475765819611 0.00476457243239888 
0.00102409243763918 0.000269638222977276 3.15685195033559e-06 0.998703112487433 

0.989230427289683 4.47603847704193e-05 2.47130228691704e-06 0.0107223410232592 
1.8577575040553e-05 0.990969052139451 0.00900559775615001 6.77252935808299e-06 
6.77252935808299e-06 0.00900559775615001 0.990969052139451 1.8577575040553e-05 
0.0107223410232592 2.47130228691704e-06 4.47603847704193e-05 0.989230427289683 


