4 5

0.181818872573785 0.318181127426215 0.318181127426215 0.181818872573785 

0.488055545483435 0.0107258474121306 0.0167036998331005 0.484514907271334 
0.0528087219623861 0.815073105333709 0.124922947709382 0.00719522499452317 
0.00719522499452317 0.124922947709382 0.815073105333709 0.0528087219623861 
0.484514907271334 0.0167036998331005 0.0107258474121306 0.488055545483435 

0.651533988953071 0.035633656457669 0.183229836691002 0.129602517898258 
0.0864708593621142 0.338780904196033 0.262521625624145 0.312226610817708 
0.312226610817708 0.262521625624145 0.338780904196033 0.0864708593621142 
0.129602517898258 0.183229836691002 0.035633656457669 0.651533988953071 

0.378883582530588 0.087482392242539 0.172880333109741 0.360753692117132 
0.0224370097687656 0.815412439538634 0.0215124932884847 0.140638057404116 
0.140638057404116 0.0215124932884847 0.815412439538634 0.0224370097687656 
0.360753692117132 0.172880333109741 0.087482392242539 0.378883582530588 

0.870049492091925 0.00893280099444655 0.0020697224987875 0.118947984414841 
0.0726638526783108 0.260366432181519 0.256930895981833 0.410038819158337 
0.410038819158337 0.256930895981833 0.260366432181519 0.0726638526783108 
0.118947984414841 0.0020697224987875 0.00893280099444655 0.870049492091925 

0.392393374513628 0.492122715476711 0.0143663570700768 0.101117552939584 
0.293311093201524 0.582456510382465 0.0969274352781802 0.0273049611378305 
0.0273049611378305 0.0969274352781802 0.582456510382465 0.293311093201524 
0.101117552939584 0.0143663570700768 0.492122715476711 0.392393374513628 


