4 5

0.439736887579784 0.0602631124202162 0.0602631124202162 0.439736887579784 

0.313357392063786 0.267237568156643 0.123782041165201 0.295622998614371 
0.143753753071496 0.587528262635827 0.170180775939177 0.0985372083535003 
0.0985372083535003 0.170180775939177 0.587528262635827 0.143753753071496 
0.295622998614371 0.123782041165201 0.267237568156643 0.313357392063786 

0.485275032898618 0.0221573016954118 0.00915018237501665 0.483417483030953 
0.0732530706200175 0.814278603450481 0.110820861563491 0.00164746436601049 
0.00164746436601049 0.110820861563491 0.814278603450481 0.0732530706200175 
0.483417483030953 0.00915018237501665 0.0221573016954118 0.485275032898618 

0.667119317830941 0.144447344088804 0.00606097798311048 0.182372360097145 
0.102396075487363 0.445555362041471 0.42350790098583 0.0285406614853366 
0.0285406614853366 0.42350790098583 0.445555362041471 0.102396075487363 
0.182372360097145 0.00606097798311048 0.144447344088804 0.667119317830941 

0.703695704669258 0.00954093828626924 0.0117645155871337 0.274998841457339 
0.0235288174386996 0.456196500088842 0.455101256321213 0.0651734261512453 
0.0651734261512453 0.455101256321213 0.456196500088842 0.0235288174386996 
0.274998841457339 0.0117645155871337 0.00954093828626924 0.703695704669258 

0.664632029437497 0.000379279704958409 0.00560953027040903 0.329379160587136 
0.00578322236838843 0.497505177325496 0.496580678823136 0.000130921482979807 
0.000130921482979807 0.496580678823136 0.497505177325496 0.00578322236838843 
0.329379160587136 0.00560953027040903 0.000379279704958409 0.664632029437497 


