4 5

0.310268247150816 0.189731752849184 0.189731752849184 0.310268247150816 

0.410206049842219 0.205192461847674 0.0212201523564226 0.363381335953684 
0.0158546778100218 0.781133519477863 0.202920933371379 9.08693407369633e-05 
9.08693407369633e-05 0.202920933371379 0.781133519477863 0.0158546778100218 
0.363381335953684 0.0212201523564226 0.205192461847674 0.410206049842219 

0.180719871174883 0.458596019869464 0.34718565989066 0.0134984490649933 
0.0219289755258334 0.836005767561101 0.124260656169531 0.0178046007435344 
0.0178046007435344 0.124260656169531 0.836005767561101 0.0219289755258334 
0.0134984490649933 0.34718565989066 0.458596019869464 0.180719871174883 

0.509369500895355 0.000411520014055804 0.0871064394797168 0.403112539610872 
0.0336425829653819 0.598652636799155 0.0250434990404663 0.342661281194997 
0.342661281194997 0.0250434990404663 0.598652636799155 0.0336425829653819 
0.403112539610872 0.0871064394797168 0.000411520014055804 0.509369500895355 

0.467860119530694 0.0626920350990008 0.153094676817395 0.316353168552909 
0.368389060530861 0.430461225709767 0.016145923686597 0.185003790072775 
0.185003790072775 0.016145923686597 0.430461225709767 0.368389060530861 
0.316353168552909 0.153094676817395 0.0626920350990008 0.467860119530694 

0.450616686883434 0.169985810932101 0.0259271139638328 0.353470388220633 
0.0131894743201813 0.621343724283602 0.364520064649257 0.000946736746959181 
0.000946736746959181 0.364520064649257 0.621343724283602 0.0131894743201813 
0.353470388220633 0.0259271139638328 0.169985810932101 0.450616686883434 


