4 5

0.406264580204152 0.0937354197958484 0.0937354197958484 0.406264580204152 

0.583288740841266 0.000198668192017921 0.00996267622529317 0.406549914741423 
0.0112623652487148 0.530070282531017 0.41794455359718 0.0407227986230883 
0.0407227986230883 0.41794455359718 0.530070282531017 0.0112623652487148 
0.406549914741423 0.00996267622529317 0.000198668192017921 0.583288740841266 

0.449404368308649 0.190748427331202 0.010801071093967 0.349046133266181 
0.0409471592774858 0.632186929938265 0.323216865994793 0.00364904478945608 
0.00364904478945608 0.323216865994793 0.632186929938265 0.0409471592774858 
0.349046133266181 0.010801071093967 0.190748427331202 0.449404368308649 

0.621690073931744 0.0179084159878687 0.000631566065000583 0.359769944015386 
0.33762046885365 0.278318938529006 0.0566588584382971 0.327401734179046 
0.327401734179046 0.0566588584382971 0.278318938529006 0.33762046885365 
0.359769944015386 0.000631566065000583 0.0179084159878687 0.621690073931744 

0.628887602556206 0.0710251373642745 0.00616559846166357 0.293921661617856 
0.209830887115054 0.424542450922886 0.311408095838916 0.0542185661231443 
0.0542185661231443 0.311408095838916 0.424542450922886 0.209830887115054 
0.293921661617856 0.00616559846166357 0.0710251373642745 0.628887602556206 

0.435332886849231 0.0205010678907051 0.133642551485644 0.41052349377442 
0.0252254482896709 0.931434478671016 0.0212544198433985 0.0220856531959151 
0.0220856531959151 0.0212544198433985 0.931434478671016 0.0252254482896709 
0.41052349377442 0.133642551485644 0.0205010678907051 0.435332886849231 


