4 5

0.304241426056251 0.195758573943749 0.195758573943749 0.304241426056251 

0.557996915890656 0.015281496355034 0.13924260203709 0.28747898571722 
0.0441519101903539 0.506147766270198 0.431693831217799 0.0180064923216489 
0.0180064923216489 0.431693831217799 0.506147766270198 0.0441519101903539 
0.28747898571722 0.13924260203709 0.015281496355034 0.557996915890656 

0.401194072986058 0.25769363555698 0.0173813676136239 0.323730923843338 
0.0310874295293842 0.700856092441866 0.266832650547875 0.00122382748087468 
0.00122382748087468 0.266832650547875 0.700856092441866 0.0310874295293842 
0.323730923843338 0.0173813676136239 0.25769363555698 0.401194072986058 

0.566324903379467 0.00574661510238295 9.16261759136274e-05 0.427836855342236 
0.0266233696678521 0.402917958655858 0.193172966062051 0.377285705614238 
0.377285705614238 0.193172966062051 0.402917958655858 0.0266233696678521 
0.427836855342236 9.16261759136274e-05 0.00574661510238295 0.566324903379467 

0.583373364853386 0.159474660411955 0.00112643657036882 0.256025538164289 
0.529850031170483 0.452748766255035 0.01549387606429 0.00190732651019221 
0.00190732651019221 0.01549387606429 0.452748766255035 0.529850031170483 
0.256025538164289 0.00112643657036882 0.159474660411955 0.583373364853386 

0.4696097888019 0.0287763953230321 0.444250752826278 0.0573630630487897 
0.431810385726944 0.460491472930798 0.0689402654852131 0.0387578758570452 
0.0387578758570452 0.0689402654852131 0.460491472930798 0.431810385726944 
0.0573630630487897 0.444250752826278 0.0287763953230321 0.4696097888019 


