4 5

0.3035598724382 0.1964401275618 0.1964401275618 0.3035598724382 

0.991297856472485 0.0023700217246283 0.00154619361053177 0.00478592819235463 
0.021697205868007 0.969326427650462 0.00876573474300102 0.000210631738530233 
0.000210631738530233 0.00876573474300102 0.969326427650462 0.021697205868007 
0.00478592819235463 0.00154619361053177 0.0023700217246283 0.991297856472485 

0.966508027465626 0.00545065763658591 0.0271678138777626 0.000873501020025147 
0.00306838429338212 0.994118400906658 0.0022753256929024 0.000537889107057276 
0.000537889107057276 0.0022753256929024 0.994118400906658 0.00306838429338212 
0.000873501020025147 0.0271678138777626 0.00545065763658591 0.966508027465626 

0.977356039405185 0.00129102217913381 0.00414357721853485 0.0172093611971462 
0.00499721516422854 0.983264574435236 0.00972272045093059 0.00201548994960468 
0.00201548994960468 0.00972272045093059 0.983264574435236 0.00499721516422854 
0.0172093611971462 0.00414357721853485 0.00129102217913381 0.977356039405185 

0.96963449867096 0.0225796274042804 7.7364676240024e-05 0.00770850924851962 
0.000154484810864705 0.990940544184217 0.00746158282215198 0.00144338818276653 
0.00144338818276653 0.00746158282215198 0.990940544184217 0.000154484810864705 
0.00770850924851962 7.7364676240024e-05 0.0225796274042804 0.96963449867096 

0.975707560378059 0.00780975526365547 0.000693047596442059 0.0157896367618435 
0.000509164254284448 0.984851781386889 0.000850597656654573 0.013788456702172 
0.013788456702172 0.000850597656654573 0.984851781386889 0.000509164254284448 
0.0157896367618435 0.000693047596442059 0.00780975526365547 0.975707560378059 


