4 5

0.340407269424759 0.159592730575241 0.159592730575241 0.340407269424759 

0.560055473154065 0.318240813621719 0.0501183226186942 0.0715853906055219 
0.0285684538207544 0.49502061313477 0.472836637788997 0.00357429525547865 
0.00357429525547865 0.472836637788997 0.49502061313477 0.0285684538207544 
0.0715853906055219 0.0501183226186942 0.318240813621719 0.560055473154065 

0.495529613304956 0.0143475435317696 0.00618661048226452 0.48393623268101 
0.114289105204414 0.455301942467177 0.200182601234683 0.230226351093726 
0.230226351093726 0.200182601234683 0.455301942467177 0.114289105204414 
0.48393623268101 0.00618661048226452 0.0143475435317696 0.495529613304956 

0.264215866122269 0.568224169020518 0.150195458739526 0.0173645061176874 
0.173425690249727 0.586156112442991 0.177709687399089 0.0627085099081932 
0.0627085099081932 0.177709687399089 0.586156112442991 0.173425690249727 
0.0173645061176874 0.150195458739526 0.568224169020518 0.264215866122269 

0.162747075363031 0.651507039496285 0.0478758519306909 0.137870033209993 
0.0196874170972363 0.669431260528956 0.291060665481007 0.0198206568928008 
0.0198206568928008 0.291060665481007 0.669431260528956 0.0196874170972363 
0.137870033209993 0.0478758519306909 0.651507039496285 0.162747075363031 

0.450780850317094 0.0664672003513242 0.0381270023290258 0.444624947002556 
0.000723012192362107 0.676610148941231 0.303127058821435 0.019539780044972 
0.019539780044972 0.303127058821435 0.676610148941231 0.000723012192362107 
0.444624947002556 0.0381270023290258 0.0664672003513242 0.450780850317094 


