4 5

0.26641435502097 0.23358564497903 0.23358564497903 0.26641435502097 

0.977429527280534 0.0063252798261068 0.00842179519156978 0.00782339770178975 
0.0100850645788648 0.983094891874806 0.00675930003060488 6.07435157238606e-05 
6.07435157238606e-05 0.00675930003060488 0.983094891874806 0.0100850645788648 
0.00782339770178975 0.00842179519156978 0.0063252798261068 0.977429527280534 

0.983619700107313 0.0115196256976284 0.000527218260905118 0.00433345593415335 
0.0157881359519591 0.977004391287899 0.00627675281152457 0.000930719948617731 
0.000930719948617731 0.00627675281152457 0.977004391287899 0.0157881359519591 
0.00433345593415335 0.000527218260905118 0.0115196256976284 0.983619700107313 

0.996142001758134 0.000848202978358819 1.89097253280705e-05 0.00299088553817889 
0.000246164068824863 0.964537037689287 0.00646295465733548 0.0287538435845531 
0.0287538435845531 0.00646295465733548 0.964537037689287 0.000246164068824863 
0.00299088553817889 1.89097253280705e-05 0.000848202978358819 0.996142001758134 

0.967348880367246 0.00416932547185947 0.0020014582787464 0.0264803358821485 
0.000415768268363362 0.99360675644442 0.0046671693970336 0.00131030589018328 
0.00131030589018328 0.0046671693970336 0.99360675644442 0.000415768268363362 
0.0264803358821485 0.0020014582787464 0.00416932547185947 0.967348880367246 

0.987252545703904 0.00946558913790421 0.000165925911899871 0.00311593924629167 
0.000915875156639085 0.973215097907743 0.00266783779678581 0.0232011891388322 
0.0232011891388322 0.00266783779678581 0.973215097907743 0.000915875156639085 
0.00311593924629167 0.000165925911899871 0.00946558913790421 0.987252545703904 


