4 5

0.205295710708015 0.294704289291985 0.294704289291985 0.205295710708015 

0.493268874026419 0.000315183286939429 0.0195751745268987 0.486840768159743 
0.00200325786928662 0.708327710928851 0.277018977813103 0.0126500533887587 
0.0126500533887587 0.277018977813103 0.708327710928851 0.00200325786928662 
0.486840768159743 0.0195751745268987 0.000315183286939429 0.493268874026419 

0.617326890594548 0.02040780797838 0.134003257824197 0.228262043602875 
0.000344939649160186 0.377575472397924 0.258198067333468 0.363881520619448 
0.363881520619448 0.258198067333468 0.377575472397924 0.000344939649160186 
0.228262043602875 0.134003257824197 0.02040780797838 0.617326890594548 

0.704500247860553 0.012467416880214 0.192791581908863 0.0902407533503701 
0.00671892431093751 0.389026792378462 0.290331266617314 0.313923016693287 
0.313923016693287 0.290331266617314 0.389026792378462 0.00671892431093751 
0.0902407533503701 0.192791581908863 0.012467416880214 0.704500247860553 

0.480358639780835 0.0369957401813472 0.00614871691334374 0.476496903124474 
0.0222569909443965 0.715783262701581 0.211937616112663 0.0500221302413595 
0.0500221302413595 0.211937616112663 0.715783262701581 0.0222569909443965 
0.476496903124474 0.00614871691334374 0.0369957401813472 0.480358639780835 

0.491467145237316 0.00424889777934355 0.0315262744781164 0.472757682505224 
0.0191327293967786 0.637585477655174 0.0702106401225733 0.273071152825474 
0.273071152825474 0.0702106401225733 0.637585477655174 0.0191327293967786 
0.472757682505224 0.0315262744781164 0.00424889777934355 0.491467145237316 


