4 5

0.287889822735451 0.212110177264549 0.212110177264549 0.287889822735451 

0.98202813129452 0.0017296511919116 0.01277885930738 0.00346335820618854 
0.00715878924235081 0.988236152951726 0.00437178489385553 0.000233272912067419 
0.000233272912067419 0.00437178489385553 0.988236152951726 0.00715878924235081 
0.00346335820618854 0.01277885930738 0.0017296511919116 0.98202813129452 

0.998752164427404 0.000616538508655754 0.000467597919781323 0.00016369914415848 
0.0220714270203956 0.971689765950968 0.00592132324620925 0.000317483782426761 
0.000317483782426761 0.00592132324620925 0.971689765950968 0.0220714270203956 
0.00016369914415848 0.000467597919781323 0.000616538508655754 0.998752164427404 

0.979346962330588 0.00193946822933311 0.00648709536839953 0.0122264740716795 
0.0050194311055869 0.991011452040434 0.0022444994635733 0.00172461739040629 
0.00172461739040629 0.0022444994635733 0.991011452040434 0.0050194311055869 
0.0122264740716795 0.00648709536839953 0.00193946822933311 0.979346962330588 

0.991616749325584 4.29904374630442e-05 0.00269054935295841 0.00564971088399413 
0.001653608082493 0.978716571110335 0.00112921782271797 0.0185006029844537 
0.0185006029844537 0.00112921782271797 0.978716571110335 0.001653608082493 
0.00564971088399413 0.00269054935295841 4.29904374630442e-05 0.991616749325584 

0.986800334075931 0.000321545397563968 0.00332865904029649 0.009549461486209 
8.81449142829825e-05 0.983584466648122 0.0144049250371009 0.00192246340049375 
0.00192246340049375 0.0144049250371009 0.983584466648122 8.81449142829825e-05 
0.009549461486209 0.00332865904029649 0.000321545397563968 0.986800334075931 


