4 5

0.22904385975562 0.27095614024438 0.27095614024438 0.22904385975562 

0.579705169985705 0.00829653754319337 0.16542002750246 0.246578264968642 
0.00217834041450785 0.513382039262143 0.400584844856507 0.0838547754668415 
0.0838547754668415 0.400584844856507 0.513382039262143 0.00217834041450785 
0.246578264968642 0.16542002750246 0.00829653754319337 0.579705169985705 

0.537996629725805 0.0335987738181794 0.132981844687084 0.295422751768932 
0.338357894005098 0.33414574856268 0.300081797501013 0.0274145599312099 
0.0274145599312099 0.300081797501013 0.33414574856268 0.338357894005098 
0.295422751768932 0.132981844687084 0.0335987738181794 0.537996629725805 

0.385115092352538 0.194885245461286 0.0685421565442931 0.351457505641883 
0.00759308981481843 0.881235065782065 0.109849603552637 0.00132224085047894 
0.00132224085047894 0.109849603552637 0.881235065782065 0.00759308981481843 
0.351457505641883 0.0685421565442931 0.194885245461286 0.385115092352538 

0.667731706667315 0.00172437235271276 0.00974591120034303 0.320798009779629 
0.0481649223033071 0.494379834918744 0.437690269508433 0.0197649732695156 
0.0197649732695156 0.437690269508433 0.494379834918744 0.0481649223033071 
0.320798009779629 0.00974591120034303 0.00172437235271276 0.667731706667315 

0.798157649606892 0.0678800106714246 0.00220362312064183 0.131758716601042 
0.00558640420089937 0.299270158530216 0.285692194175258 0.409451243093627 
0.409451243093627 0.285692194175258 0.299270158530216 0.00558640420089937 
0.131758716601042 0.00220362312064183 0.0678800106714246 0.798157649606892 


