4 5

0.247961683082394 0.252038316917606 0.252038316917606 0.247961683082394 

0.989976180617604 0.000336593740919182 0.0050394012915386 0.00464782434993877 
1.2026229994363e-05 0.990176269652749 0.00810776060855195 0.00170394350870522 
0.00170394350870522 0.00810776060855195 0.990176269652749 1.2026229994363e-05 
0.00464782434993877 0.0050394012915386 0.000336593740919182 0.989976180617604 

0.983097173738567 0.00795276915590166 6.14646143531237e-05 0.00888859249117785 
0.00011589390291624 0.997093584025109 0.000720697783467783 0.00206982428850742 
0.00206982428850742 0.000720697783467783 0.997093584025109 0.00011589390291624 
0.00888859249117785 6.14646143531237e-05 0.00795276915590166 0.983097173738567 

0.985567086427424 0.00907943181395332 0.00208906283660282 0.00326441892202034 
0.000161496713198079 0.994568690335003 0.00206192597071109 0.00320788698108778 
0.00320788698108778 0.00206192597071109 0.994568690335003 0.000161496713198079 
0.00326441892202034 0.00208906283660282 0.00907943181395332 0.985567086427424 

0.996239543709579 0.002106797018658 0.000486270615291726 0.00116738865647154 
0.00161182848578971 0.983990224967799 0.0130822642702647 0.00131568227614705 
0.00131568227614705 0.0130822642702647 0.983990224967799 0.00161182848578971 
0.00116738865647154 0.000486270615291726 0.002106797018658 0.996239543709579 

0.986951226741532 0.00755825742384911 0.00106978891395523 0.00442072692066325 
0.000292552664577147 0.993177522044034 0.00239461867055285 0.0041353066208363 
0.0041353066208363 0.00239461867055285 0.993177522044034 0.000292552664577147 
0.00442072692066325 0.00106978891395523 0.00755825742384911 0.986951226741532 


