4 5

0.403186827432364 0.0968131725676358 0.0968131725676358 0.403186827432364 

0.978128010735729 6.24127867640211e-05 0.00670837884326401 0.0151011976342432 
0.00360739394163298 0.982488409856327 0.0138646323405444 3.956386149576e-05 
3.956386149576e-05 0.0138646323405444 0.982488409856327 0.00360739394163298 
0.0151011976342432 0.00670837884326401 6.24127867640211e-05 0.978128010735729 

0.967857652582639 0.00331337585660824 0.0229453503923384 0.00588362116841407 
0.00660151608505669 0.992744860648207 0.000324248715134035 0.000329374551602277 
0.000329374551602277 0.000324248715134035 0.992744860648207 0.00660151608505669 
0.00588362116841407 0.0229453503923384 0.00331337585660824 0.967857652582639 

0.993592737831788 0.00189446545124523 8.34934737947091e-05 0.00442930324317203 
0.028698373584283 0.967049951740468 0.000620773138672481 0.00363090153657623 
0.00363090153657623 0.000620773138672481 0.967049951740468 0.028698373584283 
0.00442930324317203 8.34934737947091e-05 0.00189446545124523 0.993592737831788 

0.98549156126901 0.00172604788321043 0.0057655056209974 0.00701688522678173 
0.000468550821287705 0.975158512639805 0.0176535603330863 0.00671937620582132 
0.00671937620582132 0.0176535603330863 0.975158512639805 0.000468550821287705 
0.00701688522678173 0.0057655056209974 0.00172604788321043 0.98549156126901 

0.993382808101237 1.6331929413787e-05 6.81822943967071e-06 0.00659404173990974 
3.81455207246265e-05 0.967745215311107 0.0321561205126251 6.05186555435108e-05 
6.05186555435108e-05 0.0321561205126251 0.967745215311107 3.81455207246265e-05 
0.00659404173990974 6.81822943967071e-06 1.6331929413787e-05 0.993382808101237 


