4 5

0.446531521854922 0.0534684781450778 0.0534684781450778 0.446531521854922 

0.453881538425274 0.0824263182468702 0.0597680300387357 0.40392411328912 
0.0604763664709775 0.701824817722775 0.210710722284643 0.0269880935216036 
0.0269880935216036 0.210710722284643 0.701824817722775 0.0604763664709775 
0.40392411328912 0.0597680300387357 0.0824263182468702 0.453881538425274 

0.772423735639006 0.0212011541396921 0.0358957830956451 0.170479327125656 
0.124040960660402 0.407205501350387 0.365165189569422 0.10358834841979 
0.10358834841979 0.365165189569422 0.407205501350387 0.124040960660402 
0.170479327125656 0.0358957830956451 0.0212011541396921 0.772423735639006 

0.61614244586628 0.0592180003257633 0.0362303928049897 0.288409161002967 
0.0263355078432631 0.474734960796053 0.40828603943896 0.0906434919217238 
0.0906434919217238 0.40828603943896 0.474734960796053 0.0263355078432631 
0.288409161002967 0.0362303928049897 0.0592180003257633 0.61614244586628 

0.649769068786588 0.011277300891915 0.018071303316331 0.320882327005166 
0.285165314241103 0.379327634232042 0.298590217081163 0.0369168344456915 
0.0369168344456915 0.298590217081163 0.379327634232042 0.285165314241103 
0.320882327005166 0.018071303316331 0.011277300891915 0.649769068786588 

0.533416009828545 0.0139316034154796 0.108085697976263 0.344566688779712 
0.0250548271201261 0.525595459409569 0.379239581679685 0.07011013179062 
0.07011013179062 0.379239581679685 0.525595459409569 0.0250548271201261 
0.344566688779712 0.108085697976263 0.0139316034154796 0.533416009828545 


