4 5

0.135297481669113 0.364702518330887 0.364702518330887 0.135297481669113 

0.977280697451056 0.0053971528812202 0.0011412178829592 0.016180931784765 
0.00118351381754907 0.993155334045337 0.00265960280078109 0.0030015493363326 
0.0030015493363326 0.00265960280078109 0.993155334045337 0.00118351381754907 
0.016180931784765 0.0011412178829592 0.0053971528812202 0.977280697451056 

0.982271658740511 0.0031455724384517 2.96543259475958e-05 0.0145531144950896 
0.00330701185720009 0.988113763508846 0.00823349143300317 0.000345733200950745 
0.000345733200950745 0.00823349143300317 0.988113763508846 0.00330701185720009 
0.0145531144950896 2.96543259475958e-05 0.0031455724384517 0.982271658740511 

0.974920383638282 0.0222263005537925 0.000377778000026594 0.002475537807899 
0.000457040598560324 0.99543123093763 0.00386633757118654 0.000245390892623329 
0.000245390892623329 0.00386633757118654 0.99543123093763 0.000457040598560324 
0.002475537807899 0.000377778000026594 0.0222263005537925 0.974920383638282 

0.97388318883378 0.00143948832532049 0.00222500000320546 0.022452322837694 
0.000327351011991163 0.996739751278933 0.00172757444069777 0.00120532326837824 
0.00120532326837824 0.00172757444069777 0.996739751278933 0.000327351011991163 
0.022452322837694 0.00222500000320546 0.00143948832532049 0.97388318883378 

0.975337088725703 0.00469272351625366 0.0154779167269846 0.00449227103105887 
0.000743166427676928 0.995026953938425 0.00267964477006483 0.00155023486383364 
0.00155023486383364 0.00267964477006483 0.995026953938425 0.000743166427676928 
0.00449227103105887 0.0154779167269846 0.00469272351625366 0.975337088725703 


