4 5

0.061017119907774 0.438982880092226 0.438982880092226 0.061017119907774 

0.454922076801014 0.100768626355685 0.00399386593562243 0.440315430907678 
0.00211269934317687 0.478882964970518 0.247276393622877 0.271727942063428 
0.271727942063428 0.247276393622877 0.478882964970518 0.00211269934317687 
0.440315430907678 0.00399386593562243 0.100768626355685 0.454922076801014 

0.563907059689471 0.168537555580125 0.0173269923762387 0.250228392354165 
0.30781568024987 0.449435190832116 0.196442527693774 0.0463066012242398 
0.0463066012242398 0.196442527693774 0.449435190832116 0.30781568024987 
0.250228392354165 0.0173269923762387 0.168537555580125 0.563907059689471 

0.270173005012889 0.00807621649650014 0.636226000792223 0.0855247776983877 
0.247220201761211 0.706519363080758 0.00814562505085031 0.0381148101071806 
0.0381148101071806 0.00814562505085031 0.706519363080758 0.247220201761211 
0.0855247776983877 0.636226000792223 0.00807621649650014 0.270173005012889 

0.709563206832437 0.0185449254947666 0.031828604449638 0.240063263223158 
0.049703651564201 0.438252081052455 0.385649769673814 0.12639449770953 
0.12639449770953 0.385649769673814 0.438252081052455 0.049703651564201 
0.240063263223158 0.031828604449638 0.0185449254947666 0.709563206832437 

0.578916511227799 0.000554744486388609 0.0436840201119651 0.376844724173848 
0.0100220779328221 0.539290017979948 0.443238658421135 0.00744924566609451 
0.00744924566609451 0.443238658421135 0.539290017979948 0.0100220779328221 
0.376844724173848 0.0436840201119651 0.000554744486388609 0.578916511227799 


