4 5

0.0207413900643587 0.479258609935641 0.479258609935641 0.0207413900643587 

0.461832429917269 0.0170520113868938 0.0775165170920691 0.443599041603768 
0.0365719009664061 0.507742539113537 0.448931173088023 0.00675438683203328 
0.00675438683203328 0.448931173088023 0.507742539113537 0.0365719009664061 
0.443599041603768 0.0775165170920691 0.0170520113868938 0.461832429917269 

0.48353219131229 0.00482765664638235 0.0429444098632039 0.468695742178124 
0.00129265112744952 0.587282487322599 0.40943740765854 0.00198745389141137 
0.00198745389141137 0.40943740765854 0.587282487322599 0.00129265112744952 
0.468695742178124 0.0429444098632039 0.00482765664638235 0.48353219131229 

0.493906098041313 0.00294053133794051 0.0399344678705573 0.463218902750189 
0.394109773977968 0.224013886135791 0.124437833653938 0.257438506232302 
0.257438506232302 0.124437833653938 0.224013886135791 0.394109773977968 
0.463218902750189 0.0399344678705573 0.00294053133794051 0.493906098041313 

0.645887224745986 1.14403694614022e-05 0.00594296785104401 0.348158367033508 
0.376503458805907 0.314343642459034 0.308328383912578 0.00082451482248147 
0.00082451482248147 0.308328383912578 0.314343642459034 0.376503458805907 
0.348158367033508 0.00594296785104401 1.14403694614022e-05 0.645887224745986 

0.550535906454104 0.00177400327932602 8.37795459392598e-05 0.447606310720631 
0.00244732474601581 0.499088001081627 0.474660179973994 0.0238044941983634 
0.0238044941983634 0.474660179973994 0.499088001081627 0.00244732474601581 
0.447606310720631 8.37795459392598e-05 0.00177400327932602 0.550535906454104 


