4 5

0.0447908856440336 0.455209114355966 0.455209114355966 0.0447908856440336 

0.980886848656005 9.54031818663654e-05 0.000283786823860361 0.0187339613382684 
0.000355777034133466 0.979857836626142 0.0181251898280337 0.00166119651169129 
0.00166119651169129 0.0181251898280337 0.979857836626142 0.000355777034133466 
0.0187339613382684 0.000283786823860361 9.54031818663654e-05 0.980886848656005 

0.986039308689173 0.000395565072887548 0.00590420876374095 0.00766091747419856 
0.00138297138214238 0.974595200608901 0.0153548451194667 0.00866698288949008 
0.00866698288949008 0.0153548451194667 0.974595200608901 0.00138297138214238 
0.00766091747419856 0.00590420876374095 0.000395565072887548 0.986039308689173 

0.971301521632338 0.000427323636539571 7.70968960512464e-06 0.0282634450415175 
0.00123017402299778 0.989637765774807 0.00899241793141131 0.000139642270783412 
0.000139642270783412 0.00899241793141131 0.989637765774807 0.00123017402299778 
0.0282634450415175 7.70968960512464e-06 0.000427323636539571 0.971301521632338 

0.967088364013774 0.000164908000942113 0.00131895484365734 0.031427773141627 
1.09058733499042e-05 0.994022217926658 0.00391166291992229 0.00205521328006935 
0.00205521328006935 0.00391166291992229 0.994022217926658 1.09058733499042e-05 
0.031427773141627 0.00131895484365734 0.000164908000942113 0.967088364013774 

0.980709261644745 0.0187911440346852 0.00044121070791212 5.83836126579196e-05 
0.000802884125910166 0.979712340353335 0.00126514155140123 0.0182196339693538 
0.0182196339693538 0.00126514155140123 0.979712340353335 0.000802884125910166 
5.83836126579196e-05 0.00044121070791212 0.0187911440346852 0.980709261644745 


