4 5

0.123289461364038 0.376710538635962 0.376710538635962 0.123289461364038 

0.494835499482941 0.0295530605021979 0.00505694159918752 0.470554498415674 
0.182559201838287 0.550995792855695 0.250111902911639 0.0163331023943786 
0.0163331023943786 0.250111902911639 0.550995792855695 0.182559201838287 
0.470554498415674 0.00505694159918752 0.0295530605021979 0.494835499482941 

0.626651420022922 0.258011438554884 0.00686656487175819 0.108470576550436 
0.0713353567540656 0.484761159276018 0.443277442017185 0.000626041952731596 
0.000626041952731596 0.443277442017185 0.484761159276018 0.0713353567540656 
0.108470576550436 0.00686656487175819 0.258011438554884 0.626651420022922 

0.507226182851861 0.0218707412206928 0.015260683142593 0.455642392784854 
0.100517539409689 0.458562282842355 0.39282996015802 0.048090217589936 
0.048090217589936 0.39282996015802 0.458562282842355 0.100517539409689 
0.455642392784854 0.015260683142593 0.0218707412206928 0.507226182851861 

0.456362448125112 0.0659135097624581 0.0356344764214098 0.44208956569102 
0.00199801030147306 0.578765863459734 0.405991414516395 0.0132447117223973 
0.0132447117223973 0.405991414516395 0.578765863459734 0.00199801030147306 
0.44208956569102 0.0356344764214098 0.0659135097624581 0.456362448125112 

0.748820591624003 0.00663412182251698 0.0623720832282881 0.182173203325192 
0.000677234040012622 0.500373177661665 0.495367159094938 0.00358242920338426 
0.00358242920338426 0.495367159094938 0.500373177661665 0.000677234040012622 
0.182173203325192 0.0623720832282881 0.00663412182251698 0.748820591624003 


