4 5

0.0341851393459365 0.465814860654064 0.465814860654064 0.0341851393459365 

0.60389045385329 0.000121625642862735 0.0383113576906693 0.357676562813178 
0.0308895961735828 0.468916654250359 0.35704556523827 0.143148184337789 
0.143148184337789 0.35704556523827 0.468916654250359 0.0308895961735828 
0.357676562813178 0.0383113576906693 0.000121625642862735 0.60389045385329 

0.752312986165393 0.15561217856865 0.0324800527790979 0.0595947824868595 
0.0589787914021645 0.407478796982419 0.38015894740216 0.153383464213256 
0.153383464213256 0.38015894740216 0.407478796982419 0.0589787914021645 
0.0595947824868595 0.0324800527790979 0.15561217856865 0.752312986165393 

0.438500494930602 0.114866585569729 0.047930755242628 0.39870216425704 
0.017280506522407 0.518063294377672 0.0737034158502837 0.390952783249637 
0.390952783249637 0.0737034158502837 0.518063294377672 0.017280506522407 
0.39870216425704 0.047930755242628 0.114866585569729 0.438500494930602 

0.573282242793455 0.249855558370997 0.11642829996121 0.0604338988743385 
0.140685081611292 0.360070901914119 0.12905659053001 0.370187425944579 
0.370187425944579 0.12905659053001 0.360070901914119 0.140685081611292 
0.0604338988743385 0.11642829996121 0.249855558370997 0.573282242793455 

0.407698775212088 0.299131187736612 0.00108826012895485 0.292081776922345 
0.0189160271532943 0.438114934305059 0.420779900870382 0.122189137671265 
0.122189137671265 0.420779900870382 0.438114934305059 0.0189160271532943 
0.292081776922345 0.00108826012895485 0.299131187736612 0.407698775212088 


