4 5

0.10534228477627 0.39465771522373 0.39465771522373 0.10534228477627 

0.991428879160828 0.000369446490614525 0.00100804710118098 0.00719362724737638 
0.00164357984794919 0.969546619505143 0.0286964230193584 0.000113377627549229 
0.000113377627549229 0.0286964230193584 0.969546619505143 0.00164357984794919 
0.00719362724737638 0.00100804710118098 0.000369446490614525 0.991428879160828 

0.988658067194861 0.00195767168366224 0.00341710011444085 0.00596716100703543 
0.014530821349676 0.971906177933712 0.00725503453838988 0.0063079661782225 
0.0063079661782225 0.00725503453838988 0.971906177933712 0.014530821349676 
0.00596716100703543 0.00341710011444085 0.00195767168366224 0.988658067194861 

0.976064700628726 0.011048474827046 0.000356998398360063 0.0125298261458677 
7.28619167610401e-05 0.984515883001363 0.0128297304488618 0.00258152463301397 
0.00258152463301397 0.0128297304488618 0.984515883001363 7.28619167610401e-05 
0.0125298261458677 0.000356998398360063 0.011048474827046 0.976064700628726 

0.967053549669719 0.00425519295425198 0.00604650104130116 0.0226447563347282 
0.0011501140697832 0.993814103205947 0.00406848230677659 0.000967300417493673 
0.000967300417493673 0.00406848230677659 0.993814103205947 0.0011501140697832 
0.0226447563347282 0.00604650104130116 0.00425519295425198 0.967053549669719 

0.991588554136456 0.00112590189299962 2.05828648532215e-05 0.00726496110569119 
4.82356739118575e-05 0.968966460787672 0.000917680804003451 0.0300676227344131 
0.0300676227344131 0.000917680804003451 0.968966460787672 4.82356739118575e-05 
0.00726496110569119 2.05828648532215e-05 0.00112590189299962 0.991588554136456 


