4 5

0.0568107159342617 0.443189284065738 0.443189284065738 0.0568107159342617 

0.979697717889388 0.00186367062834848 0.000252420617748096 0.0181861908645151 
0.00343530299731626 0.990740417634709 0.00362521735517912 0.00219906201279568 
0.00219906201279568 0.00362521735517912 0.990740417634709 0.00343530299731626 
0.0181861908645151 0.000252420617748096 0.00186367062834848 0.979697717889388 

0.992188095620591 0.00021976856598659 0.00109622977345048 0.00649590603997235 
0.00121879961902332 0.978150057983881 0.00740359463539614 0.0132275477616999 
0.0132275477616999 0.00740359463539614 0.978150057983881 0.00121879961902332 
0.00649590603997235 0.00109622977345048 0.00021976856598659 0.992188095620591 

0.974527910651849 5.17358847644815e-05 0.00164730783977041 0.0237730456236166 
3.67743267083773e-05 0.996113580982869 0.00319657942622942 0.000653065264193587 
0.000653065264193587 0.00319657942622942 0.996113580982869 3.67743267083773e-05 
0.0237730456236166 0.00164730783977041 5.17358847644815e-05 0.974527910651849 

0.988070188481698 1.95620907326452e-05 0.00184070691545032 0.0100695425121188 
0.00708493378815686 0.982268603178814 0.0103615030514709 0.000284959981558114 
0.000284959981558114 0.0103615030514709 0.982268603178814 0.00708493378815686 
0.0100695425121188 0.00184070691545032 1.95620907326452e-05 0.988070188481698 

0.986713163199664 0.00104107875928721 0.000858882131566548 0.0113868759094827 
0.00339704647696537 0.98365115504679 0.0115342639349514 0.00141753454129279 
0.00141753454129279 0.0115342639349514 0.98365115504679 0.00339704647696537 
0.0113868759094827 0.000858882131566548 0.00104107875928721 0.986713163199664 


