4 5

0.181169026531279 0.318830973468721 0.318830973468721 0.181169026531279 

0.45572299188984 0.0233252415755273 0.196124871109641 0.324826895424992 
0.0835349178680643 0.479025332278791 0.119221985030868 0.318217764822277 
0.318217764822277 0.119221985030868 0.479025332278791 0.0835349178680643 
0.324826895424992 0.196124871109641 0.0233252415755273 0.45572299188984 

0.483655092339021 0.0314840301735401 0.00680643281469939 0.47805444467274 
0.0672470484957402 0.608753775709336 0.218038318581225 0.1059608572137 
0.1059608572137 0.218038318581225 0.608753775709336 0.0672470484957402 
0.47805444467274 0.00680643281469939 0.0314840301735401 0.483655092339021 

0.59611671913069 0.012756165509625 0.0341185606098633 0.357008554749822 
0.00503245256479073 0.367079864306259 0.324324472067136 0.303563211061814 
0.303563211061814 0.324324472067136 0.367079864306259 0.00503245256479073 
0.357008554749822 0.0341185606098633 0.012756165509625 0.59611671913069 

0.329805298819838 0.0145799854010249 0.365838743091104 0.289775972688033 
0.0168260589542332 0.701480243371305 0.223341515010579 0.0583521826638827 
0.0583521826638827 0.223341515010579 0.701480243371305 0.0168260589542332 
0.289775972688033 0.365838743091104 0.0145799854010249 0.329805298819838 

0.250138282490179 0.464640879067071 0.0669572642910189 0.218263574151731 
0.0459603070925975 0.724839373773837 0.209085824677264 0.0201144944563006 
0.0201144944563006 0.209085824677264 0.724839373773837 0.0459603070925975 
0.218263574151731 0.0669572642910189 0.464640879067071 0.250138282490179 


