4 5

0.482924386276864 0.0170756137231365 0.0170756137231365 0.482924386276864 

0.421507170727461 0.030625216987698 0.305806362797608 0.242061249487233 
0.222501960514264 0.35407377417153 0.112620743572819 0.310803521741387 
0.310803521741387 0.112620743572819 0.35407377417153 0.222501960514264 
0.242061249487233 0.305806362797608 0.030625216987698 0.421507170727461 

0.428844631613438 0.0316828506043388 0.124975502465349 0.414497015316875 
0.0502355368143837 0.706093559243046 0.145449079015925 0.0982218249266453 
0.0982218249266453 0.145449079015925 0.706093559243046 0.0502355368143837 
0.414497015316875 0.124975502465349 0.0316828506043388 0.428844631613438 

0.506174342739981 7.66515920656825e-07 3.27410196055658e-05 0.493792149724493 
0.458165459101713 0.448256765508837 0.0351039927219412 0.0584737826675091 
0.0584737826675091 0.0351039927219412 0.448256765508837 0.458165459101713 
0.493792149724493 3.27410196055658e-05 7.66515920656825e-07 0.506174342739981 

0.368454112041189 0.230479949065451 0.0365877454504531 0.364478193442907 
0.00333968195855686 0.894471254297936 0.0975564534584385 0.00463261028506853 
0.00463261028506853 0.0975564534584385 0.894471254297936 0.00333968195855686 
0.364478193442907 0.0365877454504531 0.230479949065451 0.368454112041189 

0.481843844344867 0.0362159968939203 0.00625558398734848 0.475684574773864 
0.0690839054919132 0.856659731216454 0.0730208802009134 0.00123548309071936 
0.00123548309071936 0.0730208802009134 0.856659731216454 0.0690839054919132 
0.475684574773864 0.00625558398734848 0.0362159968939203 0.481843844344867 


