4 5

0.0206381570314988 0.479361842968501 0.479361842968501 0.0206381570314988 

0.492286438142805 0.0450819555723244 0.0105116829402118 0.452119923344659 
0.0622870413961096 0.70689857698761 0.153278918403598 0.0775354632126831 
0.0775354632126831 0.153278918403598 0.70689857698761 0.0622870413961096 
0.452119923344659 0.0105116829402118 0.0450819555723244 0.492286438142805 

0.531692221783892 0.0206917351635194 0.212159405216567 0.235456637836022 
0.139302582180356 0.434038706540999 0.421235269496904 0.00542344178174106 
0.00542344178174106 0.421235269496904 0.434038706540999 0.139302582180356 
0.235456637836022 0.212159405216567 0.0206917351635194 0.531692221783892 

0.923070820555561 0.0411564807314514 0.00731121570301872 0.0284614830099693 
0.101615791523871 0.427759387733412 0.400313900121777 0.0703109206209407 
0.0703109206209407 0.400313900121777 0.427759387733412 0.101615791523871 
0.0284614830099693 0.00731121570301872 0.0411564807314514 0.923070820555561 

0.261781394408847 0.50248354344477 0.0230720031128873 0.212663059033496 
0.00736920450896497 0.927395915424371 0.0643383454016124 0.000896534665051434 
0.000896534665051434 0.0643383454016124 0.927395915424371 0.00736920450896497 
0.212663059033496 0.0230720031128873 0.50248354344477 0.261781394408847 

0.755586995792803 0.2038892116646 0.000344339722937792 0.0401794528196592 
0.0247282416498052 0.238892784469125 0.028615459990339 0.707763513890731 
0.707763513890731 0.028615459990339 0.238892784469125 0.0247282416498052 
0.0401794528196592 0.000344339722937792 0.2038892116646 0.755586995792803 


