4 5

0.296294128522277 0.203705871477723 0.203705871477723 0.296294128522277 

0.511796345093116 0.329461835465637 0.0418213060310167 0.11692051341023 
1.41017928446414e-05 0.526181057660622 0.460494555704025 0.0133102848425085 
0.0133102848425085 0.460494555704025 0.526181057660622 1.41017928446414e-05 
0.11692051341023 0.0418213060310167 0.329461835465637 0.511796345093116 

0.709646143685764 0.0447650519632637 0.000917893676208894 0.244670910674763 
0.0353342171932222 0.498879580795564 0.453272651883507 0.012513550127706 
0.012513550127706 0.453272651883507 0.498879580795564 0.0353342171932222 
0.244670910674763 0.000917893676208894 0.0447650519632637 0.709646143685764 

0.918717541600689 0.0135104956792845 0.0116196256835554 0.0561523370364708 
0.109433985880126 0.296110231522672 0.256344245254489 0.338111537342713 
0.338111537342713 0.256344245254489 0.296110231522672 0.109433985880126 
0.0561523370364708 0.0116196256835554 0.0135104956792845 0.918717541600689 

0.774009702910057 0.0295301673805737 0.0247755896541858 0.171684540055183 
0.0774492008099098 0.470940177370697 0.434745547366351 0.0168650744530423 
0.0168650744530423 0.434745547366351 0.470940177370697 0.0774492008099098 
0.171684540055183 0.0247755896541858 0.0295301673805737 0.774009702910057 

0.511992732548735 0.0245138441616163 0.00121206794885016 0.462281355340798 
0.0514640616866805 0.549271594375214 0.0392247575397688 0.360039586398337 
0.360039586398337 0.0392247575397688 0.549271594375214 0.0514640616866805 
0.462281355340798 0.00121206794885016 0.0245138441616163 0.511992732548735 


