4 5

0.22217644948978 0.27782355051022 0.27782355051022 0.22217644948978 

0.985202939771789 0.0129716459430128 0.000448291412197628 0.0013771228730009 
0.00815088134723807 0.985138314155183 0.00398458071630731 0.00272622378127185 
0.00272622378127185 0.00398458071630731 0.985138314155183 0.00815088134723807 
0.0013771228730009 0.000448291412197628 0.0129716459430128 0.985202939771789 

0.985404505859855 0.00292589818118596 0.0101740321550895 0.00149556380386989 
0.00395264652724594 0.984894690380459 0.0108346863456487 0.000317976746645998 
0.000317976746645998 0.0108346863456487 0.984894690380459 0.00395264652724594 
0.00149556380386989 0.0101740321550895 0.00292589818118596 0.985404505859855 

0.978271944061484 6.59276365662358e-05 0.00435635876180549 0.0173057695401439 
0.00224518467105762 0.992170644807159 0.00558154128266036 2.62923912274144e-06 
2.62923912274144e-06 0.00558154128266036 0.992170644807159 0.00224518467105762 
0.0173057695401439 0.00435635876180549 6.59276365662358e-05 0.978271944061484 

0.989023723602144 3.25706518702133e-05 0.00100654904550303 0.00993715670048234 
0.00272241284527986 0.981385673548821 0.0153426128354096 0.00054930077048986 
0.00054930077048986 0.0153426128354096 0.981385673548821 0.00272241284527986 
0.00993715670048234 0.00100654904550303 3.25706518702133e-05 0.989023723602144 

0.980238558099825 0.0083465361621345 0.00135059175301571 0.0100643139850251 
0.00141113541101308 0.99008673512502 0.00372071806173052 0.00478141140223635 
0.00478141140223635 0.00372071806173052 0.99008673512502 0.00141113541101308 
0.0100643139850251 0.00135059175301571 0.0083465361621345 0.980238558099825 


