4 5

0.383877583313733 0.116122416686267 0.116122416686267 0.383877583313733 

0.857331034339212 0.00935441003644102 0.0003721305321007 0.132942425092246 
0.164204173690414 0.419735011605702 0.413574899891534 0.0024859148123506 
0.0024859148123506 0.413574899891534 0.419735011605702 0.164204173690414 
0.132942425092246 0.0003721305321007 0.00935441003644102 0.857331034339212 

0.596730711879646 0.00423725648724912 0.365627436626369 0.0334045950067359 
1.70876264322106e-05 0.442479110387325 0.189898998023679 0.367604803962564 
0.367604803962564 0.189898998023679 0.442479110387325 1.70876264322106e-05 
0.0334045950067359 0.365627436626369 0.00423725648724912 0.596730711879646 

0.606472528795404 0.0415762232830682 0.0135785517165548 0.338372696204973 
0.0128391406805561 0.497137495983282 0.48623197845666 0.00379138487950219 
0.00379138487950219 0.48623197845666 0.497137495983282 0.0128391406805561 
0.338372696204973 0.0135785517165548 0.0415762232830682 0.606472528795404 

0.431910448357953 0.00346667422401781 0.352460041916734 0.212162835501295 
0.00110101285427228 0.509109886523424 0.484062400924767 0.00572669969753719 
0.00572669969753719 0.484062400924767 0.509109886523424 0.00110101285427228 
0.212162835501295 0.352460041916734 0.00346667422401781 0.431910448357953 

0.482805496259636 0.0385841217636974 0.0124483861008567 0.466161995875809 
0.292759943644311 0.686006437862428 0.0113583931162491 0.0098752253770121 
0.0098752253770121 0.0113583931162491 0.686006437862428 0.292759943644311 
0.466161995875809 0.0124483861008567 0.0385841217636974 0.482805496259636 


