4 5

0.157815978047438 0.342184021952562 0.342184021952562 0.157815978047438 

0.990807146765041 6.43743304284073e-05 4.0985289230444e-05 0.00908749361530065 
0.00499650882396359 0.989337705645875 0.00223794161429886 0.00342784391586208 
0.00342784391586208 0.00223794161429886 0.989337705645875 0.00499650882396359 
0.00908749361530065 4.0985289230444e-05 6.43743304284073e-05 0.990807146765041 

0.983025378171266 0.000980201850191085 0.00476099389584884 0.0112334260826938 
0.00153545974107123 0.997192543390721 0.00108081207711974 0.000191184791088416 
0.000191184791088416 0.00108081207711974 0.997192543390721 0.00153545974107123 
0.0112334260826938 0.00476099389584884 0.000980201850191085 0.983025378171266 

0.994491963776214 3.52048757935549e-05 0.000812889884201478 0.00465994146379139 
1.03124282148771e-05 0.985738148514643 0.0140114895497795 0.000240049507362604 
0.000240049507362604 0.0140114895497795 0.985738148514643 1.03124282148771e-05 
0.00465994146379139 0.000812889884201478 3.52048757935549e-05 0.994491963776214 

0.992473867707801 0.00122819928256231 0.00310945315945714 0.00318847985017939 
0.00252180431935536 0.987678873595252 0.00819964537313872 0.00159967671225378 
0.00159967671225378 0.00819964537313872 0.987678873595252 0.00252180431935536 
0.00318847985017939 0.00310945315945714 0.00122819928256231 0.992473867707801 

0.989405178221394 0.000122552619725712 0.00800064993401617 0.00247161922486461 
0.00270966522530248 0.990720385084517 0.006283501015724 0.00028644867445648 
0.00028644867445648 0.006283501015724 0.990720385084517 0.00270966522530248 
0.00247161922486461 0.00800064993401617 0.000122552619725712 0.989405178221394 


