4 5

0.093897148501128 0.406102851498872 0.406102851498872 0.093897148501128 

0.645040526604612 0.0158921693944695 0.0038091284444017 0.335258175556517 
0.000412417994271959 0.498323164749228 0.497350194230939 0.00391422302556097 
0.00391422302556097 0.497350194230939 0.498323164749228 0.000412417994271959 
0.335258175556517 0.0038091284444017 0.0158921693944695 0.645040526604612 

0.500159349822399 0.000691902995159622 0.000124162576272368 0.499024584606169 
0.0167164390997423 0.623402062373308 0.321166293241445 0.0387152052855053 
0.0387152052855053 0.321166293241445 0.623402062373308 0.0167164390997423 
0.499024584606169 0.000124162576272368 0.000691902995159622 0.500159349822399 

0.87031454765117 0.016620162792078 0.0101036935061392 0.102961596050613 
0.0651998987860669 0.463676790701422 0.462708636944889 0.00841467356762206 
0.00841467356762206 0.462708636944889 0.463676790701422 0.0651998987860669 
0.102961596050613 0.0101036935061392 0.016620162792078 0.87031454765117 

0.567377764055071 0.09832355093376 0.0183240807544324 0.315974604256736 
0.0809633071639695 0.467717278123152 0.442939761816723 0.00837965289615577 
0.00837965289615577 0.442939761816723 0.467717278123152 0.0809633071639695 
0.315974604256736 0.0183240807544324 0.09832355093376 0.567377764055071 

0.298797562679718 0.0209459137164981 0.518558457778999 0.161698065824784 
0.0168241414925011 0.659332024022784 0.176182369990127 0.147661464494587 
0.147661464494587 0.176182369990127 0.659332024022784 0.0168241414925011 
0.161698065824784 0.518558457778999 0.0209459137164981 0.298797562679718 


