4 5

0.413033501245081 0.0869664987549186 0.0869664987549186 0.413033501245081 

0.990344160645659 0.00355439224635569 0.00284177869558876 0.00325966841239611 
0.00167476209331212 0.980082077002401 0.017839489772852 0.000403671131435088 
0.000403671131435088 0.017839489772852 0.980082077002401 0.00167476209331212 
0.00325966841239611 0.00284177869558876 0.00355439224635569 0.990344160645659 

0.975978299516476 0.00159383060011601 0.000257295258466708 0.022170574624941 
0.000170477696118072 0.994599746713538 0.00481852506237013 0.000411250527973344 
0.000411250527973344 0.00481852506237013 0.994599746713538 0.000170477696118072 
0.022170574624941 0.000257295258466708 0.00159383060011601 0.975978299516476 

0.984229227562748 0.0118755200339773 0.00136226774573411 0.00253298465754026 
0.000543659918000811 0.986088833575636 0.0127845287374785 0.000582977768884668 
0.000582977768884668 0.0127845287374785 0.986088833575636 0.000543659918000811 
0.00253298465754026 0.00136226774573411 0.0118755200339773 0.984229227562748 

0.982548461621868 0.0103399812684863 0.00137329021842482 0.00573826689122037 
0.000665992506771004 0.98775339659504 0.00940320486023344 0.00217740603795537 
0.00217740603795537 0.00940320486023344 0.98775339659504 0.000665992506771004 
0.00573826689122037 0.00137329021842482 0.0103399812684863 0.982548461621868 

0.980889695064116 0.00246361698530825 0.00112830562234681 0.0155183823282286 
0.00503977895080373 0.989502031390335 0.00503957427777701 0.000418615381084485 
0.000418615381084485 0.00503957427777701 0.989502031390335 0.00503977895080373 
0.0155183823282286 0.00112830562234681 0.00246361698530825 0.980889695064116 


