4 5

0.396459832554683 0.103540167445317 0.103540167445317 0.396459832554683 

0.68185134575848 0.00373442877757075 0.000936969032732928 0.313477256431217 
0.626215500792927 0.246749577320886 0.0945325114024038 0.0325024104837832 
0.0325024104837832 0.0945325114024038 0.246749577320886 0.626215500792927 
0.313477256431217 0.000936969032732928 0.00373442877757075 0.68185134575848 

0.680525502219978 0.033581768952648 0.188622562509721 0.0972701663176528 
0.00752387255577214 0.475609973158873 0.397705824492831 0.119160329792524 
0.119160329792524 0.397705824492831 0.475609973158873 0.00752387255577214 
0.0972701663176528 0.188622562509721 0.033581768952648 0.680525502219978 

0.864397495051132 0.000506233910952184 0.120643125571761 0.0144531454661549 
0.67362630752189 0.188847889819332 0.0191217061796957 0.118404096479082 
0.118404096479082 0.0191217061796957 0.188847889819332 0.67362630752189 
0.0144531454661549 0.120643125571761 0.000506233910952184 0.864397495051132 

0.771002202280315 0.00212284146443336 0.0425524480534084 0.184322508201843 
0.10559958723178 0.461582794355121 0.432031444232208 0.000786174180891316 
0.000786174180891316 0.432031444232208 0.461582794355121 0.10559958723178 
0.184322508201843 0.0425524480534084 0.00212284146443336 0.771002202280315 

0.411025149994683 0.0167484498980158 0.196983735855926 0.375242664251375 
0.00059638817069031 0.834847959075759 0.16007971701545 0.00447593573810033 
0.00447593573810033 0.16007971701545 0.834847959075759 0.00059638817069031 
0.375242664251375 0.196983735855926 0.0167484498980158 0.411025149994683 


