4 5

0.123436962952837 0.376563037047163 0.376563037047163 0.123436962952837 

0.478883221958242 0.000277158583174245 0.165941548018699 0.354898071439885 
0.0100576316693102 0.641162817131175 0.146345013227949 0.202434537971566 
0.202434537971566 0.146345013227949 0.641162817131175 0.0100576316693102 
0.354898071439885 0.165941548018699 0.000277158583174245 0.478883221958242 

0.264945940390562 0.177512285881971 0.423165646704394 0.134376127023072 
0.0210150027253791 0.748870517001123 0.143084198493636 0.0870302817798612 
0.0870302817798612 0.143084198493636 0.748870517001123 0.0210150027253791 
0.134376127023072 0.423165646704394 0.177512285881971 0.264945940390562 

0.516056881578028 0.0150108434015816 0.0268427029929442 0.442089572027446 
0.26308113725191 0.523276727847198 0.199325807706636 0.0143163271942565 
0.0143163271942565 0.199325807706636 0.523276727847198 0.26308113725191 
0.442089572027446 0.0268427029929442 0.0150108434015816 0.516056881578028 

0.542532261257237 0.00253017105493855 0.228370269791496 0.226567297896328 
0.0791582352534942 0.473673219717761 0.441420667141324 0.00574787788742047 
0.00574787788742047 0.441420667141324 0.473673219717761 0.0791582352534942 
0.226567297896328 0.228370269791496 0.00253017105493855 0.542532261257237 

0.845123775297523 6.82531736733707e-06 0.00452445895103454 0.150344940434075 
0.180899493688799 0.420734169699592 0.389115616331956 0.00925072027965344 
0.00925072027965344 0.389115616331956 0.420734169699592 0.180899493688799 
0.150344940434075 0.00452445895103454 6.82531736733707e-06 0.845123775297523 


