4 5

0.271544514223933 0.228455485776067 0.228455485776067 0.271544514223933 

0.97098945998933 0.0181863351391918 0.000104232465586419 0.010719972405892 
0.00389931393068991 0.989643085959071 0.00539766790783047 0.00105993220240838 
0.00105993220240838 0.00539766790783047 0.989643085959071 0.00389931393068991 
0.010719972405892 0.000104232465586419 0.0181863351391918 0.97098945998933 

0.963874041980805 0.0075755999775467 0.0257841965256758 0.0027661615159727 
0.000107780311660307 0.996846975237984 0.00150645366751279 0.00153879078284308 
0.00153879078284308 0.00150645366751279 0.996846975237984 0.000107780311660307 
0.0027661615159727 0.0257841965256758 0.0075755999775467 0.963874041980805 

0.965854152439332 0.00700437714673379 0.0139621356356142 0.0131793347783196 
0.000481569041244796 0.994872408064875 0.00372444609344696 0.000921576800433092 
0.000921576800433092 0.00372444609344696 0.994872408064875 0.000481569041244796 
0.0131793347783196 0.0139621356356142 0.00700437714673379 0.965854152439332 

0.985319013791018 0.00615805662254753 0.000429746253458825 0.00809318333297515 
0.000401636053964536 0.975151131930193 0.00222701392350355 0.0222202180923393 
0.0222202180923393 0.00222701392350355 0.975151131930193 0.000401636053964536 
0.00809318333297515 0.000429746253458825 0.00615805662254753 0.985319013791018 

0.984635978315116 0.00322453672123756 0.000505532404415982 0.0116339525592303 
0.000849454089378409 0.975923452510899 0.0113503608620315 0.0118767325376908 
0.0118767325376908 0.0113503608620315 0.975923452510899 0.000849454089378409 
0.0116339525592303 0.000505532404415982 0.00322453672123756 0.984635978315116 


