4 5

0.378067031269893 0.121932968730107 0.121932968730107 0.378067031269893 

0.456550163514831 0.0196217877521982 0.0995935775154596 0.424234471217511 
0.0306038644706656 0.507542405212764 0.388576381643805 0.073277348672765 
0.073277348672765 0.388576381643805 0.507542405212764 0.0306038644706656 
0.424234471217511 0.0995935775154596 0.0196217877521982 0.456550163514831 

0.602393798782615 0.0773583323751287 0.0834177035561335 0.236830165286123 
0.0404265997126271 0.282560379448143 0.274237092347548 0.402775928491682 
0.402775928491682 0.274237092347548 0.282560379448143 0.0404265997126271 
0.236830165286123 0.0834177035561335 0.0773583323751287 0.602393798782615 

0.812465521449295 0.00915030934203248 0.000341062874152535 0.17804310633452 
0.000715104156018336 0.498266271286549 0.49776552979288 0.00325309476455332 
0.00325309476455332 0.49776552979288 0.498266271286549 0.000715104156018336 
0.17804310633452 0.000341062874152535 0.00915030934203248 0.812465521449295 

0.222687676837213 0.0165751889533163 0.570809879768562 0.189927254440908 
0.00237074632773367 0.57930435167393 0.407303427814608 0.0110214741837284 
0.0110214741837284 0.407303427814608 0.57930435167393 0.00237074632773367 
0.189927254440908 0.570809879768562 0.0165751889533163 0.222687676837213 

0.385444193435214 0.384251224167308 0.142050209599602 0.0882543727978756 
0.0323067586323603 0.497812755401907 0.469353106357789 0.000527379607943908 
0.000527379607943908 0.469353106357789 0.497812755401907 0.0323067586323603 
0.0882543727978756 0.142050209599602 0.384251224167308 0.385444193435214 


