4 5

0.248296553851105 0.251703446148895 0.251703446148895 0.248296553851105 

0.997468573727815 0.000572005637437626 0.000900917844689283 0.00105850279005776 
0.000795868656468244 0.98270449037192 0.00320976485295144 0.0132898761186601 
0.0132898761186601 0.00320976485295144 0.98270449037192 0.000795868656468244 
0.00105850279005776 0.000900917844689283 0.000572005637437626 0.997468573727815 

0.984785875313135 0.000859292670954723 0.0140486716714948 0.000306160344415329 
0.000775775758354826 0.995396593358379 4.63433990435802e-05 0.00378128748422261 
0.00378128748422261 4.63433990435802e-05 0.995396593358379 0.000775775758354826 
0.000306160344415329 0.0140486716714948 0.000859292670954723 0.984785875313135 

0.990642746068105 0.000780656769529337 0.00345342160736515 0.0051231755550003 
0.00128868698569928 0.989513767377154 0.00912173348501244 7.58121521344877e-05 
7.58121521344877e-05 0.00912173348501244 0.989513767377154 0.00128868698569928 
0.0051231755550003 0.00345342160736515 0.000780656769529337 0.990642746068105 

0.992791854742465 0.000692813357088192 0.00160677727437171 0.00490855462607476 
0.00116445867404771 0.987345525623531 0.00143885787735837 0.0100511578250628 
0.0100511578250628 0.00143885787735837 0.987345525623531 0.00116445867404771 
0.00490855462607476 0.00160677727437171 0.000692813357088192 0.992791854742465 

0.992347449998588 0.000505439416984861 0.00659834942254858 0.000548761161878686 
0.00976514935727259 0.987771347561033 0.0012605175249007 0.00120298555679375 
0.00120298555679375 0.0012605175249007 0.987771347561033 0.00976514935727259 
0.000548761161878686 0.00659834942254858 0.000505439416984861 0.992347449998588 


