4 5

0.106550684198737 0.393449315801263 0.393449315801263 0.106550684198737 

0.398355277190355 0.0383657672807518 0.168960837493913 0.39431811803498 
0.00325097540399621 0.63468267853993 0.353410239918183 0.00865610613789037 
0.00865610613789037 0.353410239918183 0.63468267853993 0.00325097540399621 
0.39431811803498 0.168960837493913 0.0383657672807518 0.398355277190355 

0.492758300213627 0.0120745457042849 0.00280779691507431 0.492359357167014 
0.0027706677156099 0.862476385519132 0.126503364765607 0.00824958199965171 
0.00824958199965171 0.126503364765607 0.862476385519132 0.0027706677156099 
0.492359357167014 0.00280779691507431 0.0120745457042849 0.492758300213627 

0.448323599536108 0.143180176222791 0.00527199736951368 0.403224226871587 
0.258468155366628 0.500183384350073 0.10636012340393 0.134988336879369 
0.134988336879369 0.10636012340393 0.500183384350073 0.258468155366628 
0.403224226871587 0.00527199736951368 0.143180176222791 0.448323599536108 

0.528365860869549 0.0211298903449504 0.00629517574893469 0.444209073036566 
0.00284738696850041 0.500743319931391 0.496171675630756 0.000237617469352348 
0.000237617469352348 0.496171675630756 0.500743319931391 0.00284738696850041 
0.444209073036566 0.00629517574893469 0.0211298903449504 0.528365860869549 

0.174027405685984 0.488355794464782 0.248220820322915 0.0893959795263196 
0.0445354287769824 0.539157140787237 0.410544564030254 0.00576286640552659 
0.00576286640552659 0.410544564030254 0.539157140787237 0.0445354287769824 
0.0893959795263196 0.248220820322915 0.488355794464782 0.174027405685984 


