4 5

0.494402758893557 0.00559724110644311 0.00559724110644311 0.494402758893557 

0.468788414847579 0.0966978925466284 0.0521095210734256 0.382404171532367 
0.264484697703682 0.460367989073408 0.275004767137945 0.00014254608496489 
0.00014254608496489 0.275004767137945 0.460367989073408 0.264484697703682 
0.382404171532367 0.0521095210734256 0.0966978925466284 0.468788414847579 

0.403447829602185 0.0327337841886121 0.20038308589225 0.363435300316953 
0.00239650074493432 0.581916336547824 0.386828335571367 0.0288588271358743 
0.0288588271358743 0.386828335571367 0.581916336547824 0.00239650074493432 
0.363435300316953 0.20038308589225 0.0327337841886121 0.403447829602185 

0.698949645847749 0.00736204549668805 0.149235551399707 0.144452757255855 
0.00121890260385638 0.294411116293615 0.131572926525874 0.572797054576654 
0.572797054576654 0.131572926525874 0.294411116293615 0.00121890260385638 
0.144452757255855 0.149235551399707 0.00736204549668805 0.698949645847749 

0.501802804580618 0.000203582007092869 0.000813640599965186 0.497179972812324 
0.00782457408656166 0.764311543564067 0.216787466466244 0.0110764158831268 
0.0110764158831268 0.216787466466244 0.764311543564067 0.00782457408656166 
0.497179972812324 0.000813640599965186 0.000203582007092869 0.501802804580618 

0.718211858928712 0.000138212873501006 0.135357320396458 0.146292607801329 
0.0117371150887741 0.371932899791909 0.289091725272771 0.327238259846546 
0.327238259846546 0.289091725272771 0.371932899791909 0.0117371150887741 
0.146292607801329 0.135357320396458 0.000138212873501006 0.718211858928712 


