4 5

0.202808006317355 0.297191993682645 0.297191993682645 0.202808006317355 

0.468389081541864 0.328558231229006 0.0471108753356995 0.155941811893431 
0.212000247299912 0.557904178840847 0.226666934461574 0.00342863939766704 
0.00342863939766704 0.226666934461574 0.557904178840847 0.212000247299912 
0.155941811893431 0.0471108753356995 0.328558231229006 0.468389081541864 

0.791798494051002 0.0324709796839231 0.125163793433822 0.0505667328312528 
0.426082472828677 0.266373717909131 0.240528675074946 0.0670151341872461 
0.0670151341872461 0.240528675074946 0.266373717909131 0.426082472828677 
0.0505667328312528 0.125163793433822 0.0324709796839231 0.791798494051002 

0.33107434384246 0.407211750768083 0.020664344061621 0.241049561327836 
0.0606908173642838 0.566099411532767 0.265141972160822 0.108067798942126 
0.108067798942126 0.265141972160822 0.566099411532767 0.0606908173642838 
0.241049561327836 0.020664344061621 0.407211750768083 0.33107434384246 

0.584385949749547 0.0604172776463601 0.0022071376631374 0.352989634940955 
0.00214491354315458 0.531100805873587 0.448788624009252 0.0179656565740068 
0.0179656565740068 0.448788624009252 0.531100805873587 0.00214491354315458 
0.352989634940955 0.0022071376631374 0.0604172776463601 0.584385949749547 

0.510112760445331 0.123724253602007 0.0406487514371959 0.325514234515466 
0.363613460650657 0.441499724489585 0.0274608921854804 0.167425922674278 
0.167425922674278 0.0274608921854804 0.441499724489585 0.363613460650657 
0.325514234515466 0.0406487514371959 0.123724253602007 0.510112760445331 


