4 5

0.381194018176757 0.118805981823243 0.118805981823243 0.381194018176757 

0.995551935301924 0.000649131975045604 2.05102302170624e-05 0.00377842249281368 
0.00745114089401895 0.984601029427892 0.00463091099780472 0.00331691868028477 
0.00331691868028477 0.00463091099780472 0.984601029427892 0.00745114089401895 
0.00377842249281368 2.05102302170624e-05 0.000649131975045604 0.995551935301924 

0.98734422685172 5.53164176623272e-05 0.0036697157003096 0.00893074103030828 
1.63780747171698e-05 0.992824106678722 0.00501596938439974 0.00214354586216064 
0.00214354586216064 0.00501596938439974 0.992824106678722 1.63780747171698e-05 
0.00893074103030828 0.0036697157003096 5.53164176623272e-05 0.98734422685172 

0.982360376272195 0.000152095496969302 2.78127762695802e-05 0.0174597154545659 
7.83331117857655e-06 0.997959176829827 0.00202828847396935 4.7013850245271e-06 
4.7013850245271e-06 0.00202828847396935 0.997959176829827 7.83331117857655e-06 
0.0174597154545659 2.78127762695802e-05 0.000152095496969302 0.982360376272195 

0.993052298146767 0.00573902808733787 0.00110853762039583 0.000100136145498919 
0.00255269274396023 0.987124498909564 0.0102530585674687 6.97497790073888e-05 
6.97497790073888e-05 0.0102530585674687 0.987124498909564 0.00255269274396023 
0.000100136145498919 0.00110853762039583 0.00573902808733787 0.993052298146767 

0.987130137470255 0.00291710497967114 0.00993014930793588 2.26082421377338e-05 
0.00179524287772442 0.993031016670958 0.000456313389700702 0.00471742706161699 
0.00471742706161699 0.000456313389700702 0.993031016670958 0.00179524287772442 
2.26082421377338e-05 0.00993014930793588 0.00291710497967114 0.987130137470255 


