4 5

0.241135327727534 0.258864672272466 0.258864672272466 0.241135327727534 

0.80744278829326 0.0123947884781023 0.172027607303102 0.00813481592553572 
0.0183565107850837 0.477166117061014 0.474247689243233 0.03022968291067 
0.03022968291067 0.474247689243233 0.477166117061014 0.0183565107850837 
0.00813481592553572 0.172027607303102 0.0123947884781023 0.80744278829326 

0.367886741772197 0.23345772088766 0.0378222044333534 0.36083333290679 
0.0226864171135279 0.743057534818957 0.227698832175546 0.00655721589196943 
0.00655721589196943 0.227698832175546 0.743057534818957 0.0226864171135279 
0.36083333290679 0.0378222044333534 0.23345772088766 0.367886741772197 

0.551651707127461 0.042154233223546 0.00796439105096999 0.398229668598023 
0.416473718214768 0.328841057717087 0.235956014498143 0.0187292095700022 
0.0187292095700022 0.235956014498143 0.328841057717087 0.416473718214768 
0.398229668598023 0.00796439105096999 0.042154233223546 0.551651707127461 

0.600440113906472 0.00849476945002578 0.0804368265924054 0.310628290051097 
0.00616665675881206 0.29249592847919 0.155238679085801 0.546098735676197 
0.546098735676197 0.155238679085801 0.29249592847919 0.00616665675881206 
0.310628290051097 0.0804368265924054 0.00849476945002578 0.600440113906472 

0.76649522723643 0.043372882046791 0.0247800466030716 0.165351844113707 
0.0785114817394728 0.443661765374233 0.441668916336582 0.0361578365497124 
0.0361578365497124 0.441668916336582 0.443661765374233 0.0785114817394728 
0.165351844113707 0.0247800466030716 0.043372882046791 0.76649522723643 


