4 5

0.474162658676505 0.0258373413234949 0.0258373413234949 0.474162658676505 

0.683002212686315 0.0496214518702962 0.015152431588761 0.252223903854628 
0.000428111534995898 0.498331708788417 0.497741240509589 0.00349893916699783 
0.00349893916699783 0.497741240509589 0.498331708788417 0.000428111534995898 
0.252223903854628 0.015152431588761 0.0496214518702962 0.683002212686315 

0.378805146428574 0.275540436598843 0.016238067043229 0.329416349929353 
0.255852798875561 0.591947472732732 0.00406699969318725 0.148132728698519 
0.148132728698519 0.00406699969318725 0.591947472732732 0.255852798875561 
0.329416349929353 0.016238067043229 0.275540436598843 0.378805146428574 

0.481812811777358 0.00653132493117559 0.127462289642866 0.3841935736486 
0.0146356172517293 0.521454583864582 0.172703859325155 0.291205939558534 
0.291205939558534 0.172703859325155 0.521454583864582 0.0146356172517293 
0.3841935736486 0.127462289642866 0.00653132493117559 0.481812811777358 

0.447304038528233 0.151923240277772 0.0200521362808267 0.380720584913169 
0.307196560096658 0.585554768533443 0.0600268119709072 0.0472218593989916 
0.0472218593989916 0.0600268119709072 0.585554768533443 0.307196560096658 
0.380720584913169 0.0200521362808267 0.151923240277772 0.447304038528233 

0.486668588503437 0.0166137312433711 0.0103120100123169 0.486405670240875 
0.0172318703983793 0.758691109937156 0.172431077599404 0.0516459420650611 
0.0516459420650611 0.172431077599404 0.758691109937156 0.0172318703983793 
0.486405670240875 0.0103120100123169 0.0166137312433711 0.486668588503437 


