4 5

0.139612269937061 0.360387730062939 0.360387730062939 0.139612269937061 

0.988210597813301 0.00196378465692212 0.007261765568682 0.00256385196109449 
0.00110865874835868 0.991927501509236 0.00408709625126463 0.00287674349114038 
0.00287674349114038 0.00408709625126463 0.991927501509236 0.00110865874835868 
0.00256385196109449 0.007261765568682 0.00196378465692212 0.988210597813301 

0.995469175764215 6.64583526670719e-05 0.00156299970906835 0.00290136617404924 
6.62841848371319e-05 0.984727176581424 0.0104590926368271 0.00474744659691138 
0.00474744659691138 0.0104590926368271 0.984727176581424 6.62841848371319e-05 
0.00290136617404924 0.00156299970906835 6.64583526670719e-05 0.995469175764215 

0.984790240962516 0.0113921050006055 0.00256509595638184 0.00125255808049612 
0.000188693267258274 0.995350841008892 0.00051149985690202 0.00394896586694755 
0.00394896586694755 0.00051149985690202 0.995350841008892 0.000188693267258274 
0.00125255808049612 0.00256509595638184 0.0113921050006055 0.984790240962516 

0.989001642177543 0.000768929277529037 0.00435693262815639 0.00587249591677164 
0.000255725714095092 0.991149429471261 0.00140493035184081 0.0071899144628031 
0.0071899144628031 0.00140493035184081 0.991149429471261 0.000255725714095092 
0.00587249591677164 0.00435693262815639 0.000768929277529037 0.989001642177543 

0.988655446068979 5.43043872784974e-05 0.000458436698667736 0.0108318128450743 
0.000197206899937615 0.991537038054212 0.0078585377916186 0.000407217254231555 
0.000407217254231555 0.0078585377916186 0.991537038054212 0.000197206899937615 
0.0108318128450743 0.000458436698667736 5.43043872784974e-05 0.988655446068979 


