4 5

0.264477486838587 0.235522513161413 0.235522513161413 0.264477486838587 

0.986370722133156 0.00509929005959038 0.000314975887362335 0.0082150119198916 
0.00020611938758544 0.993779818147594 0.00023523261019609 0.0057788298546245 
0.0057788298546245 0.00023523261019609 0.993779818147594 0.00020611938758544 
0.0082150119198916 0.000314975887362335 0.00509929005959038 0.986370722133156 

0.99543142968597 0.000275980857529851 0.0017532266529499 0.0025393628035506 
0.00300308887507924 0.984766513655347 0.0111702926311979 0.00106010483837552 
0.00106010483837552 0.0111702926311979 0.984766513655347 0.00300308887507924 
0.0025393628035506 0.0017532266529499 0.000275980857529851 0.99543142968597 

0.989361939476337 0.00531529553016747 0.00061384561722615 0.00470891937626916 
0.00549028199392248 0.99078113026331 0.00121724954092511 0.00251133820184242 
0.00251133820184242 0.00121724954092511 0.99078113026331 0.00549028199392248 
0.00470891937626916 0.00061384561722615 0.00531529553016747 0.989361939476337 

0.984268974857768 0.000230574223804909 0.00770610874477484 0.00779434217365238 
0.00305882750929114 0.995897484063759 0.000961360377935538 8.23280490141619e-05 
8.23280490141619e-05 0.000961360377935538 0.995897484063759 0.00305882750929114 
0.00779434217365238 0.00770610874477484 0.000230574223804909 0.984268974857768 

0.988288475646773 0.00247870258628707 0.00835757604681393 0.000875245720125706 
0.000105025563174907 0.991877849248755 0.0006013469506021 0.00741577823746789 
0.00741577823746789 0.0006013469506021 0.991877849248755 0.000105025563174907 
0.000875245720125706 0.00835757604681393 0.00247870258628707 0.988288475646773 


