4 5

0.133235332556069 0.366764667443931 0.366764667443931 0.133235332556069 

0.529123851840555 0.057533256626635 0.288475008682974 0.124867882849836 
0.492270975872268 0.292753723576786 0.173501998903071 0.0414733016478748 
0.0414733016478748 0.173501998903071 0.292753723576786 0.492270975872268 
0.124867882849836 0.288475008682974 0.057533256626635 0.529123851840555 

0.61054490470706 0.0161248196269183 0.142999155518708 0.230331120147313 
0.132534936927236 0.355396222641273 0.051385239954475 0.460683600477016 
0.460683600477016 0.051385239954475 0.355396222641273 0.132534936927236 
0.230331120147313 0.142999155518708 0.0161248196269183 0.61054490470706 

0.360275861905475 0.336744635291678 0.0348223403004552 0.268157162502391 
0.109853476494442 0.471528693186094 0.181915026813382 0.236702803506082 
0.236702803506082 0.181915026813382 0.471528693186094 0.109853476494442 
0.268157162502391 0.0348223403004552 0.336744635291678 0.360275861905475 

0.559251344880588 0.000920089528708165 0.0100706966332712 0.429757868957432 
0.00788688873175436 0.488201305651831 0.2889627527294 0.214949052887014 
0.214949052887014 0.2889627527294 0.488201305651831 0.00788688873175436 
0.429757868957432 0.0100706966332712 0.000920089528708165 0.559251344880588 

0.563856972200069 0.00219794245611227 0.415837022123183 0.0181080632206355 
0.541777630269701 0.445336128419281 0.012501574410902 0.000384666900115793 
0.000384666900115793 0.012501574410902 0.445336128419281 0.541777630269701 
0.0181080632206355 0.415837022123183 0.00219794245611227 0.563856972200069 


