4 5

0.298685798770748 0.201314201229252 0.201314201229252 0.298685798770748 

0.624809098507422 0.0375326770755035 0.000840056742605635 0.336818167674469 
0.00801782611068935 0.529826354999677 0.462115297956575 4.05209330592848e-05 
4.05209330592848e-05 0.462115297956575 0.529826354999677 0.00801782611068935 
0.336818167674469 0.000840056742605635 0.0375326770755035 0.624809098507422 

0.545332451050006 0.00658473170322015 0.0573946781336888 0.390688139113085 
0.00081089459396301 0.558992622505037 0.426000361004562 0.0141961218964388 
0.0141961218964388 0.426000361004562 0.558992622505037 0.00081089459396301 
0.390688139113085 0.0573946781336888 0.00658473170322015 0.545332451050006 

0.484550124560788 0.105560013128334 0.00714000186822691 0.402749860442651 
0.131372359041382 0.464845504891227 0.162143470470679 0.241638665596712 
0.241638665596712 0.162143470470679 0.464845504891227 0.131372359041382 
0.402749860442651 0.00714000186822691 0.105560013128334 0.484550124560788 

0.610116474802348 0.0172997003653377 0.00324081836843978 0.369343006463875 
0.0481063780741862 0.303513738492602 0.156247532187237 0.492132351245975 
0.492132351245975 0.156247532187237 0.303513738492602 0.0481063780741862 
0.369343006463875 0.00324081836843978 0.0172997003653377 0.610116474802348 

0.468182365192409 0.107761156731258 0.0106020936831633 0.413454384393169 
0.0869453176978985 0.408799865632368 0.121537321416974 0.382717495252759 
0.382717495252759 0.121537321416974 0.408799865632368 0.0869453176978985 
0.413454384393169 0.0106020936831633 0.107761156731258 0.468182365192409 


