4 5

0.330632930388674 0.169367069611326 0.169367069611326 0.330632930388674 

0.509051577008873 0.000789891957427727 0.00263224266357499 0.487526288370125 
0.000264181375239344 0.926838375240116 0.071576689512202 0.00132075387244298 
0.00132075387244298 0.071576689512202 0.926838375240116 0.000264181375239344 
0.487526288370125 0.00263224266357499 0.000789891957427727 0.509051577008873 

0.538711859138136 0.000858623847133602 0.190838991779797 0.269590525234934 
0.124456999352152 0.448011149213352 0.0567936950306809 0.370738156403816 
0.370738156403816 0.0567936950306809 0.448011149213352 0.124456999352152 
0.269590525234934 0.190838991779797 0.000858623847133602 0.538711859138136 

0.585043520697607 0.0224913275858888 0.160056203388455 0.232408948328049 
0.0320374818485593 0.445453651112192 0.25091888233077 0.271589984708478 
0.271589984708478 0.25091888233077 0.445453651112192 0.0320374818485593 
0.232408948328049 0.160056203388455 0.0224913275858888 0.585043520697607 

0.528262815770509 0.00633730908768231 0.0388882905717689 0.42651158457004 
0.0264321744567963 0.556905347026418 0.315228322765688 0.101434155751097 
0.101434155751097 0.315228322765688 0.556905347026418 0.0264321744567963 
0.42651158457004 0.0388882905717689 0.00633730908768231 0.528262815770509 

0.41193449283741 0.471055485540173 0.0938080194123422 0.023202002210075 
0.0119233895853939 0.548573477668761 0.431378138264363 0.00812499448148239 
0.00812499448148239 0.431378138264363 0.548573477668761 0.0119233895853939 
0.023202002210075 0.0938080194123422 0.471055485540173 0.41193449283741 


