4 5

0.316611993708648 0.183388006291352 0.183388006291352 0.316611993708648 

0.647200075319909 0.0399092390067203 0.156252340981728 0.156638344691643 
0.0431160162728941 0.470350648910868 0.406858856550857 0.0796744782653803 
0.0796744782653803 0.406858856550857 0.470350648910868 0.0431160162728941 
0.156638344691643 0.156252340981728 0.0399092390067203 0.647200075319909 

0.569062092600012 0.0348392165464742 0.047399660575807 0.348699030277707 
0.254136175248344 0.396548140717296 0.26176322016075 0.0875524638736101 
0.0875524638736101 0.26176322016075 0.396548140717296 0.254136175248344 
0.348699030277707 0.047399660575807 0.0348392165464742 0.569062092600012 

0.489452054656587 9.25628953979685e-05 0.0571318184998437 0.453323563948171 
0.0406021635068787 0.729502759700297 0.228415095913873 0.00147998087895174 
0.00147998087895174 0.228415095913873 0.729502759700297 0.0406021635068787 
0.453323563948171 0.0571318184998437 9.25628953979685e-05 0.489452054656587 

0.810041301163293 0.00610308574420356 0.0307814889989188 0.153074124093585 
0.160978917859489 0.294916308897548 0.232409961156075 0.311694812086888 
0.311694812086888 0.232409961156075 0.294916308897548 0.160978917859489 
0.153074124093585 0.0307814889989188 0.00610308574420356 0.810041301163293 

0.704860990188529 0.155446016259344 0.00727399131484473 0.132419002237282 
0.0379741505162958 0.50365781061066 0.454587561958361 0.00378047691468313 
0.00378047691468313 0.454587561958361 0.50365781061066 0.0379741505162958 
0.132419002237282 0.00727399131484473 0.155446016259344 0.704860990188529 


