4 5

0.432783771655522 0.0672162283444777 0.0672162283444777 0.432783771655522 

0.781484045793741 0.00134137031587894 0.165671415150361 0.0515031687400191 
0.000423411089561898 0.396437863879768 0.328659088192992 0.274479636837678 
0.274479636837678 0.328659088192992 0.396437863879768 0.000423411089561898 
0.0515031687400191 0.165671415150361 0.00134137031587894 0.781484045793741 

0.501997654052671 0.000132877345735511 0.00415026997975844 0.493719198621835 
0.13978022373836 0.569409153595662 0.251618832040785 0.0391917906251926 
0.0391917906251926 0.251618832040785 0.569409153595662 0.13978022373836 
0.493719198621835 0.00415026997975844 0.000132877345735511 0.501997654052671 

0.389313325452122 0.355413634116996 0.0145803861240605 0.240692654306821 
0.265483420514586 0.67976812832295 0.0454040990754069 0.00934435208705756 
0.00934435208705756 0.0454040990754069 0.67976812832295 0.265483420514586 
0.240692654306821 0.0145803861240605 0.355413634116996 0.389313325452122 

0.466528242644086 0.387004919208751 0.00272685489524074 0.143739983251922 
0.0946271494840988 0.512032788006814 0.389244070831978 0.00409599167710944 
0.00409599167710944 0.389244070831978 0.512032788006814 0.0946271494840988 
0.143739983251922 0.00272685489524074 0.387004919208751 0.466528242644086 

0.492445140236442 0.00179153967162514 0.0155431237476635 0.490220196344269 
0.117883456795938 0.755674637520773 0.116042445282853 0.0103994604004361 
0.0103994604004361 0.116042445282853 0.755674637520773 0.117883456795938 
0.490220196344269 0.0155431237476635 0.00179153967162514 0.492445140236442 


