4 5

0.49171470454894 0.00828529545105994 0.00828529545105994 0.49171470454894 

0.569532069875683 0.0234954935332216 0.34908701678253 0.0578854198085654 
0.0900849800536005 0.46152854584736 0.0890187445900939 0.359367729508945 
0.359367729508945 0.0890187445900939 0.46152854584736 0.0900849800536005 
0.0578854198085654 0.34908701678253 0.0234954935332216 0.569532069875683 

0.224690322816135 0.32857828035696 0.315496928840753 0.131234467986152 
0.000448624370407 0.777834185527284 0.211371853317061 0.0103453367852479 
0.0103453367852479 0.211371853317061 0.777834185527284 0.000448624370407 
0.131234467986152 0.315496928840753 0.32857828035696 0.224690322816135 

0.493102761773406 0.0781871593357549 0.0103975766102621 0.418312502280577 
0.000323065695919968 0.606104132096859 0.358215655352119 0.0353571468551019 
0.0353571468551019 0.358215655352119 0.606104132096859 0.000323065695919968 
0.418312502280577 0.0103975766102621 0.0781871593357549 0.493102761773406 

0.348518486194069 0.0715665214345014 0.262230316131343 0.317684676240086 
0.0612783094670517 0.878543974405745 0.0289492777094316 0.0312284384177719 
0.0312284384177719 0.0289492777094316 0.878543974405745 0.0612783094670517 
0.317684676240086 0.262230316131343 0.0715665214345014 0.348518486194069 

0.831618528601663 0.00270901466860826 0.0302743237667059 0.135398132963023 
0.012648219886977 0.471071517171675 0.438480359225476 0.0777999037158717 
0.0777999037158717 0.438480359225476 0.471071517171675 0.012648219886977 
0.135398132963023 0.0302743237667059 0.00270901466860826 0.831618528601663 


