4 5

0.453663968597539 0.0463360314024612 0.0463360314024612 0.453663968597539 

0.992770128740685 0.00233999314194657 6.76738674455315e-05 0.00482220424992325 
0.00545514166647631 0.987363303497458 0.00173291207114634 0.00544864276491953 
0.00544864276491953 0.00173291207114634 0.987363303497458 0.00545514166647631 
0.00482220424992325 6.76738674455315e-05 0.00233999314194657 0.992770128740685 

0.990713592747781 1.34216220054467e-05 0.00261791232401899 0.00665507330619419 
0.000224297553306948 0.989459120775905 0.00985307597610369 0.000463505694684388 
0.000463505694684388 0.00985307597610369 0.989459120775905 0.000224297553306948 
0.00665507330619419 0.00261791232401899 1.34216220054467e-05 0.990713592747781 

0.987720949424571 0.00142402010172913 1.32095513405628e-05 0.0108418209223596 
3.01532309872629e-05 0.992451797115872 0.00393075186281716 0.00358729779032357 
0.00358729779032357 0.00393075186281716 0.992451797115872 3.01532309872629e-05 
0.0108418209223596 1.32095513405628e-05 0.00142402010172913 0.987720949424571 

0.995355788705048 0.000263275833769203 0.000587971868681062 0.00379296359250203 
0.00972402963366287 0.984796937562145 0.00545160641909193 2.74263851001632e-05 
2.74263851001632e-05 0.00545160641909193 0.984796937562145 0.00972402963366287 
0.00379296359250203 0.000587971868681062 0.000263275833769203 0.995355788705048 

0.998328410507847 5.39764488476061e-08 7.20324944710335e-07 0.00167081519075929 
0.00128906835207375 0.981922404327527 0.0126214018396718 0.00416712548072785 
0.00416712548072785 0.0126214018396718 0.981922404327527 0.00128906835207375 
0.00167081519075929 7.20324944710335e-07 5.39764488476061e-08 0.998328410507847 


