4 5

0.130538296303712 0.369461703696288 0.369461703696288 0.130538296303712 

0.994576510405312 9.70343236635978e-05 1.97108028941956e-05 0.00530674446813034 
0.000674137124603209 0.985648934647266 0.0133988088185824 0.00027811940954811 
0.00027811940954811 0.0133988088185824 0.985648934647266 0.000674137124603209 
0.00530674446813034 1.97108028941956e-05 9.70343236635978e-05 0.994576510405312 

0.996244681620777 5.00738141930069e-05 0.00212070628058566 0.00158453828444427 
5.71061612176368e-05 0.983928049079586 0.000413921914836524 0.0156009228443599 
0.0156009228443599 0.000413921914836524 0.983928049079586 5.71061612176368e-05 
0.00158453828444427 0.00212070628058566 5.00738141930069e-05 0.996244681620777 

0.985885099206948 0.00281485995080027 0.000896277665657419 0.010403763176594 
0.000531890569104148 0.994301142878537 0.00485086796996698 0.000316098582392271 
0.000316098582392271 0.00485086796996698 0.994301142878537 0.000531890569104148 
0.010403763176594 0.000896277665657419 0.00281485995080027 0.985885099206948 

0.995892677213081 0.000276535517321079 0.00012235743824442 0.00370842983135367 
7.32318614095594e-05 0.984368739058379 0.0154087672929578 0.000149261787253776 
0.000149261787253776 0.0154087672929578 0.984368739058379 7.32318614095594e-05 
0.00370842983135367 0.00012235743824442 0.000276535517321079 0.995892677213081 

0.99272686847267 0.00454689419670817 2.05627596580127e-05 0.00270567457096343 
0.00165382276166047 0.98745127396787 0.0108865914394476 8.31183102202831e-06 
8.31183102202831e-06 0.0108865914394476 0.98745127396787 0.00165382276166047 
0.00270567457096343 2.05627596580127e-05 0.00454689419670817 0.99272686847267 


