4 5

0.18360290362034 0.31639709637966 0.31639709637966 0.18360290362034 

0.310335433389334 0.453381093459221 0.0810156985682547 0.15526777458319 
0.143392098090387 0.782624187784163 0.0729832347575471 0.00100047936790262 
0.00100047936790262 0.0729832347575471 0.782624187784163 0.143392098090387 
0.15526777458319 0.0810156985682547 0.453381093459221 0.310335433389334 

0.423064067965987 0.0897659702442728 0.312692822211423 0.174477139578317 
0.00539230527377801 0.558988539921787 0.403820277542157 0.0317988772622789 
0.0317988772622789 0.403820277542157 0.558988539921787 0.00539230527377801 
0.174477139578317 0.312692822211423 0.0897659702442728 0.423064067965987 

0.399932137529718 0.0408172658545768 0.366916187083915 0.19233440953179 
0.0183405999132325 0.555563848348878 0.420682676363795 0.00541287537409495 
0.00541287537409495 0.420682676363795 0.555563848348878 0.0183405999132325 
0.19233440953179 0.366916187083915 0.0408172658545768 0.399932137529718 

0.792585798713267 0.0186112104668653 0.0654172733942623 0.123385717425605 
0.0433385512317663 0.489503396113949 0.460459251340639 0.00669880131364509 
0.00669880131364509 0.460459251340639 0.489503396113949 0.0433385512317663 
0.123385717425605 0.0654172733942623 0.0186112104668653 0.792585798713267 

0.217702243505259 0.762028182480209 0.00219020991303831 0.0180793641014931 
0.000936642526569775 0.808955678912667 0.0191032829272283 0.171004395633535 
0.171004395633535 0.0191032829272283 0.808955678912667 0.000936642526569775 
0.0180793641014931 0.00219020991303831 0.762028182480209 0.217702243505259 


