4 5

0.154204504215159 0.345795495784841 0.345795495784841 0.154204504215159 

0.47558637678099 0.00227004119553609 0.129715959406692 0.392427622616782 
0.00597487760932219 0.565443895680436 0.237780997981817 0.190800228728424 
0.190800228728424 0.237780997981817 0.565443895680436 0.00597487760932219 
0.392427622616782 0.129715959406692 0.00227004119553609 0.47558637678099 

0.521367086364898 0.307496646090499 0.0326810353557489 0.138455232188854 
0.349342448252696 0.455862136644491 0.188424882353138 0.00637053274967522 
0.00637053274967522 0.188424882353138 0.455862136644491 0.349342448252696 
0.138455232188854 0.0326810353557489 0.307496646090499 0.521367086364898 

0.383804185516052 0.273484401888681 0.142918391235509 0.199793021359758 
0.303156162327431 0.377804341342382 0.100695064496622 0.218344431833566 
0.218344431833566 0.100695064496622 0.377804341342382 0.303156162327431 
0.199793021359758 0.142918391235509 0.273484401888681 0.383804185516052 

0.526346475381231 0.00974806781093909 0.13770592150531 0.32619953530252 
0.00971101625962588 0.462142465409731 0.307141806796282 0.221004711534361 
0.221004711534361 0.307141806796282 0.462142465409731 0.00971101625962588 
0.32619953530252 0.13770592150531 0.00974806781093909 0.526346475381231 

0.142254588100205 0.129635169569364 0.694935861680139 0.0331743806502917 
0.00543528970723245 0.788043941763399 0.123335331967525 0.0831854365618437 
0.0831854365618437 0.123335331967525 0.788043941763399 0.00543528970723245 
0.0331743806502917 0.694935861680139 0.129635169569364 0.142254588100205 


