4 5

0.130774586461484 0.369225413538516 0.369225413538516 0.130774586461484 

0.523264924376058 0.0108901141681556 0.25955656118653 0.206288400269256 
0.0141806645053327 0.479809836405512 0.428356872963591 0.0776526261255648 
0.0776526261255648 0.428356872963591 0.479809836405512 0.0141806645053327 
0.206288400269256 0.25955656118653 0.0108901141681556 0.523264924376058 

0.46979198903688 0.0264335638398257 0.0381916690882879 0.465582778035006 
0.0187428598424826 0.646354770390362 0.189653943595727 0.145248426171428 
0.145248426171428 0.189653943595727 0.646354770390362 0.0187428598424826 
0.465582778035006 0.0381916690882879 0.0264335638398257 0.46979198903688 

0.541823719274307 0.0649413872177791 0.270444084218048 0.122790809289866 
0.190108396735321 0.291061135904204 0.247067149919299 0.271763317441177 
0.271763317441177 0.247067149919299 0.291061135904204 0.190108396735321 
0.122790809289866 0.270444084218048 0.0649413872177791 0.541823719274307 

0.879499800102034 0.100016574579695 0.00234668824510151 0.0181369370731698 
0.302996745392695 0.36428115160965 0.329617965324765 0.00310413767289067 
0.00310413767289067 0.329617965324765 0.36428115160965 0.302996745392695 
0.0181369370731698 0.00234668824510151 0.100016574579695 0.879499800102034 

0.409589039563082 0.134804214082052 0.158063571710112 0.297543174644754 
0.151550941443841 0.289233681260585 0.242382994065109 0.316832383230464 
0.316832383230464 0.242382994065109 0.289233681260585 0.151550941443841 
0.297543174644754 0.158063571710112 0.134804214082052 0.409589039563082 


