4 5

0.085683868965134 0.414316131034866 0.414316131034866 0.085683868965134 

0.983878936691144 0.00161895479288848 0.000384372364834077 0.0141177361511334 
0.000372955751320954 0.996366057325363 0.00250933404030068 0.000751652883015101 
0.000751652883015101 0.00250933404030068 0.996366057325363 0.000372955751320954 
0.0141177361511334 0.000384372364834077 0.00161895479288848 0.983878936691144 

0.982988408682525 0.000775381789772028 0.00320093954854135 0.0130352699791619 
0.00136748478167087 0.997252630303891 0.000909350177431434 0.000470534737006371 
0.000470534737006371 0.000909350177431434 0.997252630303891 0.00136748478167087 
0.0130352699791619 0.00320093954854135 0.000775381789772028 0.982988408682525 

0.993538374161952 0.00296229279923883 0.000193705180390237 0.00330562785841865 
4.26948349816636e-06 0.986668890327028 0.0133169829887352 9.85720073833762e-06 
9.85720073833762e-06 0.0133169829887352 0.986668890327028 4.26948349816636e-06 
0.00330562785841865 0.000193705180390237 0.00296229279923883 0.993538374161952 

0.989559574182466 0.000658892412329393 0.00972599787937069 5.55355258334833e-05 
0.00547757546867008 0.990561359533395 0.00250008631981058 0.00146097867812404 
0.00146097867812404 0.00250008631981058 0.990561359533395 0.00547757546867008 
5.55355258334833e-05 0.00972599787937069 0.000658892412329393 0.989559574182466 

0.989757159752212 0.00355618535452462 0.0046397903678268 0.00204686452543612 
0.00205263181596289 0.990384801186442 0.000603672456399917 0.0069588945411954 
0.0069588945411954 0.000603672456399917 0.990384801186442 0.00205263181596289 
0.00204686452543612 0.0046397903678268 0.00355618535452462 0.989757159752212 


