4 5

0.0632541892118752 0.436745810788125 0.436745810788125 0.0632541892118752 

0.980723296285129 0.000356052220368079 2.7622857401295e-05 0.0188930286371014 
2.05073120998819e-06 0.980058737479758 0.0199252782910027 1.39334980296635e-05 
1.39334980296635e-05 0.0199252782910027 0.980058737479758 2.05073120998819e-06 
0.0188930286371014 2.7622857401295e-05 0.000356052220368079 0.980723296285129 

0.98618497125937 0.00262528740435437 0.0018037429952587 0.00938599834101728 
0.000747096647221687 0.974455811950826 0.0169367904456548 0.00786030095629801 
0.00786030095629801 0.0169367904456548 0.974455811950826 0.000747096647221687 
0.00938599834101728 0.0018037429952587 0.00262528740435437 0.98618497125937 

0.986061383651344 0.0017070858472074 1.54957106150536e-05 0.0122160347908337 
1.73372539747161e-05 0.974769066554411 0.0251088289684729 0.000104767223141864 
0.000104767223141864 0.0251088289684729 0.974769066554411 1.73372539747161e-05 
0.0122160347908337 1.54957106150536e-05 0.0017070858472074 0.986061383651344 

0.965194424956507 0.00899107327688537 0.02551016157079 0.000304340195817709 
0.0001448016089156 0.995527041273776 0.000958573035210297 0.00336958408209777 
0.00336958408209777 0.000958573035210297 0.995527041273776 0.0001448016089156 
0.000304340195817709 0.02551016157079 0.00899107327688537 0.965194424956507 

0.975284195283887 0.000151614915436716 0.00383220389983383 0.0207319859008429 
0.0004389246135835 0.985452980283177 0.0132447216521799 0.000863373451060048 
0.000863373451060048 0.0132447216521799 0.985452980283177 0.0004389246135835 
0.0207319859008429 0.00383220389983383 0.000151614915436716 0.975284195283887 


