4 5

0.352138299844228 0.147861700155772 0.147861700155772 0.352138299844228 

0.992195981107757 0.00231813793663507 0.000666348823213121 0.00481953213239467 
0.0146914342723812 0.968432626150344 0.00823816144880773 0.00863777812846754 
0.00863777812846754 0.00823816144880773 0.968432626150344 0.0146914342723812 
0.00481953213239467 0.000666348823213121 0.00231813793663507 0.992195981107757 

0.994687611690065 0.000601736609927071 0.00105740521790115 0.00365324648210702 
0.000227197766591122 0.966243677569711 0.0243408131778962 0.00918831148580175 
0.00918831148580175 0.0243408131778962 0.966243677569711 0.000227197766591122 
0.00365324648210702 0.00105740521790115 0.000601736609927071 0.994687611690065 

0.996960345754571 0.000143934350176327 8.03723979170451e-05 0.00281534749733514 
0.00511140990518256 0.963727443504744 0.00181426572303217 0.0293468808670407 
0.0293468808670407 0.00181426572303217 0.963727443504744 0.00511140990518256 
0.00281534749733514 8.03723979170451e-05 0.000143934350176327 0.996960345754571 

0.990308272388831 0.00566222417871047 8.54807137444405e-05 0.00394402271871369 
0.000593719419283991 0.970378414466739 0.0184558161810741 0.0105720499329026 
0.0105720499329026 0.0184558161810741 0.970378414466739 0.000593719419283991 
0.00394402271871369 8.54807137444405e-05 0.00566222417871047 0.990308272388831 

0.978006509498846 0.000146600374508382 8.98510005513098e-06 0.0218379050265906 
0.0133840727416358 0.982645630523105 0.00237562152448784 0.00159467521077115 
0.00159467521077115 0.00237562152448784 0.982645630523105 0.0133840727416358 
0.0218379050265906 8.98510005513098e-06 0.000146600374508382 0.978006509498846 


