4 5

0.0491203428246081 0.450879657175392 0.450879657175392 0.0491203428246081 

0.987355340040442 0.00420105009840653 0.00224570212148912 0.00619790773966211 
0.010080671628064 0.982952828544248 0.00503394718969724 0.00193255263799107 
0.00193255263799107 0.00503394718969724 0.982952828544248 0.010080671628064 
0.00619790773966211 0.00224570212148912 0.00420105009840653 0.987355340040442 

0.987473859398041 0.00262841088192656 0.0004937058530734 0.00940402386695932 
0.00570687923530774 0.982825538767887 0.0035669304001959 0.00790065159660949 
0.00790065159660949 0.0035669304001959 0.982825538767887 0.00570687923530774 
0.00940402386695932 0.0004937058530734 0.00262841088192656 0.987473859398041 

0.998062301826869 0.000400292464722405 0.000396639412724267 0.00114076629568421 
7.91406136114877e-06 0.972712704181333 0.0272741618555329 5.21990177247814e-06 
5.21990177247814e-06 0.0272741618555329 0.972712704181333 7.91406136114877e-06 
0.00114076629568421 0.000396639412724267 0.000400292464722405 0.998062301826869 

0.987959406122641 5.84601780569527e-06 0.000206693835987519 0.0118280540235655 
0.00307313113532638 0.982351023840278 0.00330959263955211 0.0112662523848432 
0.0112662523848432 0.00330959263955211 0.982351023840278 0.00307313113532638 
0.0118280540235655 0.000206693835987519 5.84601780569527e-06 0.987959406122641 

0.977860222813336 0.00497443695808915 0.0170087554361928 0.000156584792382009 
0.00188965956623788 0.992450117996815 0.00506759607273888 0.000592626364207754 
0.000592626364207754 0.00506759607273888 0.992450117996815 0.00188965956623788 
0.000156584792382009 0.0170087554361928 0.00497443695808915 0.977860222813336 


