4 5

0.477039474644698 0.0229605253553018 0.0229605253553018 0.477039474644698 

0.681553072699211 0.00265067981763376 0.0726180851247176 0.243178162358438 
0.274334052916084 0.255173236558525 0.0344622872694163 0.436030423255975 
0.436030423255975 0.0344622872694163 0.255173236558525 0.274334052916084 
0.243178162358438 0.0726180851247176 0.00265067981763376 0.681553072699211 

0.805296997140796 0.0828043535498146 0.0521472925662537 0.0597513567431362 
0.0382739883743524 0.324698285045554 0.285914742507837 0.351112984072257 
0.351112984072257 0.285914742507837 0.324698285045554 0.0382739883743524 
0.0597513567431362 0.0521472925662537 0.0828043535498146 0.805296997140796 

0.971171117956481 0.000285241565475821 0.000346865229721164 0.0281967752483219 
0.000304798503388988 0.507909482176985 0.488401727579304 0.00338399174032173 
0.00338399174032173 0.488401727579304 0.507909482176985 0.000304798503388988 
0.0281967752483219 0.000346865229721164 0.000285241565475821 0.971171117956481 

0.256137122286522 0.553399117373426 0.0611450734474575 0.129318686892595 
0.071927626670366 0.708277859212141 0.131050519494373 0.0887439946231197 
0.0887439946231197 0.131050519494373 0.708277859212141 0.071927626670366 
0.129318686892595 0.0611450734474575 0.553399117373426 0.256137122286522 

0.564317739848518 0.0317716783578555 0.00158058357043808 0.402329998223188 
0.00226066899142879 0.520984937768405 0.407171700010852 0.069582693229314 
0.069582693229314 0.407171700010852 0.520984937768405 0.00226066899142879 
0.402329998223188 0.00158058357043808 0.0317716783578555 0.564317739848518 


