4 5

0.017657422227785 0.482342577772215 0.482342577772215 0.017657422227785 

0.571107194444645 0.202125718890547 0.120408292512146 0.106358794152662 
0.202942688962799 0.398055958552473 0.271176140813391 0.127825211671337 
0.127825211671337 0.271176140813391 0.398055958552473 0.202942688962799 
0.106358794152662 0.120408292512146 0.202125718890547 0.571107194444645 

0.543021289076628 0.00371739817163907 0.311705855460859 0.141555457290874 
0.153515819648972 0.418438451843377 0.167037443099742 0.261008285407909 
0.261008285407909 0.167037443099742 0.418438451843377 0.153515819648972 
0.141555457290874 0.311705855460859 0.00371739817163907 0.543021289076628 

0.164289583402023 0.0236577161133334 0.709036484689913 0.103016215794731 
0.0248887680372946 0.969181765107593 0.00536813441274292 0.000561332442369767 
0.000561332442369767 0.00536813441274292 0.969181765107593 0.0248887680372946 
0.103016215794731 0.709036484689913 0.0236577161133334 0.164289583402023 

0.619377753694244 0.000869351824492222 0.0518291735145887 0.327923720966675 
0.599573373055225 0.235623119791967 0.0482826860976098 0.116520821055199 
0.116520821055199 0.0482826860976098 0.235623119791967 0.599573373055225 
0.327923720966675 0.0518291735145887 0.000869351824492222 0.619377753694244 

0.485326874765121 0.00145405486966581 0.0883326152861332 0.42488645507908 
0.328441345591873 0.479012113765533 0.0468859544804122 0.145660586162181 
0.145660586162181 0.0468859544804122 0.479012113765533 0.328441345591873 
0.42488645507908 0.0883326152861332 0.00145405486966581 0.485326874765121 


