4 5

0.453468832187355 0.0465311678126454 0.0465311678126454 0.453468832187355 

0.982529745834747 0.00897774188876152 0.00186716682304736 0.00662534545344418 
0.000483578490786295 0.987747611892872 0.00208614087385078 0.00968266874249134 
0.00968266874249134 0.00208614087385078 0.987747611892872 0.000483578490786295 
0.00662534545344418 0.00186716682304736 0.00897774188876152 0.982529745834747 

0.973455449765953 0.00187663405019785 0.0242061312802951 0.000461784903553808 
0.00293689584140241 0.996914383950543 0.000123176771913813 2.55434361405094e-05 
2.55434361405094e-05 0.000123176771913813 0.996914383950543 0.00293689584140241 
0.000461784903553808 0.0242061312802951 0.00187663405019785 0.973455449765953 

0.985463877841381 0.00756622881764116 0.00106871933692529 0.00590117400405293 
0.00617105613510665 0.98486118751895 0.0083653677446236 0.000602388601319624 
0.000602388601319624 0.0083653677446236 0.98486118751895 0.00617105613510665 
0.00590117400405293 0.00106871933692529 0.00756622881764116 0.985463877841381 

0.983297755963734 0.00396721083294247 0.00110579600356877 0.0116292371997549 
0.00127892118539804 0.987016000008755 0.00195382920250914 0.00975124960333743 
0.00975124960333743 0.00195382920250914 0.987016000008755 0.00127892118539804 
0.0116292371997549 0.00110579600356877 0.00396721083294247 0.983297755963734 

0.98785769947211 0.000931084306141142 2.58715008412645e-05 0.0111853447209076 
0.000936197679309862 0.982543641388788 0.0144297881264008 0.00209037280550084 
0.00209037280550084 0.0144297881264008 0.982543641388788 0.000936197679309862 
0.0111853447209076 2.58715008412645e-05 0.000931084306141142 0.98785769947211 


