4 5

0.12469328334555 0.37530671665445 0.37530671665445 0.12469328334555 

0.378977158047157 0.25226409347165 0.0172306608086443 0.351528087672549 
0.00204352490280048 0.965387710481905 0.0324890063775372 7.97582377576205e-05 
7.97582377576205e-05 0.0324890063775372 0.965387710481905 0.00204352490280048 
0.351528087672549 0.0172306608086443 0.25226409347165 0.378977158047157 

0.342044575896519 0.0764074556406093 0.282147479742386 0.299400488720486 
0.176372061268788 0.643739102682516 0.116024156740417 0.0638646793082796 
0.0638646793082796 0.116024156740417 0.643739102682516 0.176372061268788 
0.299400488720486 0.282147479742386 0.0764074556406093 0.342044575896519 

0.927296289641583 0.00793580375714191 0.000261213162476033 0.0645066934387988 
0.0447791184012931 0.397608306791322 0.370951589634702 0.186660985172684 
0.186660985172684 0.370951589634702 0.397608306791322 0.0447791184012931 
0.0645066934387988 0.000261213162476033 0.00793580375714191 0.927296289641583 

0.357427517095049 0.00843605286518903 0.302639339778801 0.331497090260961 
0.0653024589370486 0.695016344247208 0.234457511065956 0.00522368574978729 
0.00522368574978729 0.234457511065956 0.695016344247208 0.0653024589370486 
0.331497090260961 0.302639339778801 0.00843605286518903 0.357427517095049 

0.348054814509956 0.0631006955276081 0.268439743017003 0.320404746945432 
0.163479307286726 0.677587390705292 0.113573187435532 0.0453601145724497 
0.0453601145724497 0.113573187435532 0.677587390705292 0.163479307286726 
0.320404746945432 0.268439743017003 0.0631006955276081 0.348054814509956 


