4 5

0.0204358157934621 0.479564184206538 0.479564184206538 0.0204358157934621 

0.989794776637678 0.00032593719086388 2.21709094505018e-05 0.009857115262008 
0.00512015102864236 0.971019539062518 0.0230704284838105 0.000789881425029362 
0.000789881425029362 0.0230704284838105 0.971019539062518 0.00512015102864236 
0.009857115262008 2.21709094505018e-05 0.00032593719086388 0.989794776637678 

0.982362292697931 0.00202935991007863 0.0147527352475527 0.000855612144437357 
0.0035032012218464 0.978282337152784 0.00282253363878948 0.0153919279865802 
0.0153919279865802 0.00282253363878948 0.978282337152784 0.0035032012218464 
0.000855612144437357 0.0147527352475527 0.00202935991007863 0.982362292697931 

0.966557239013141 0.0275568659296676 0.000674428506686409 0.00521146655050481 
0.00110224409373639 0.994088994503023 0.00454294064233007 0.000265820760910522 
0.000265820760910522 0.00454294064233007 0.994088994503023 0.00110224409373639 
0.00521146655050481 0.000674428506686409 0.0275568659296676 0.966557239013141 

0.985845162289998 0.0112232198911228 7.52536786376495e-05 0.00285636414024176 
0.000718501807998149 0.974597874222597 0.000523271943824843 0.0241603520255798 
0.0241603520255798 0.000523271943824843 0.974597874222597 0.000718501807998149 
0.00285636414024176 7.52536786376495e-05 0.0112232198911228 0.985845162289998 

0.972420940694186 0.000216790511071624 1.80984009580946e-05 0.0273441703937839 
0.000162005721410094 0.988477618137751 0.00975034925900414 0.00161002688183445 
0.00161002688183445 0.00975034925900414 0.988477618137751 0.000162005721410094 
0.0273441703937839 1.80984009580946e-05 0.000216790511071624 0.972420940694186 


