4 5

0.173671781667508 0.326328218332492 0.326328218332492 0.173671781667508 

0.42971156073241 0.0393722998744599 0.153584810377356 0.377331329015774 
0.159169303997127 0.526247535461125 0.305198826955377 0.00938433358637056 
0.00938433358637056 0.305198826955377 0.526247535461125 0.159169303997127 
0.377331329015774 0.153584810377356 0.0393722998744599 0.42971156073241 

0.500749982097773 0.0542709489511534 0.00530817857559499 0.439670890375478 
0.0954361795064123 0.650135152588761 0.228354040972903 0.0260746269319233 
0.0260746269319233 0.228354040972903 0.650135152588761 0.0954361795064123 
0.439670890375478 0.00530817857559499 0.0542709489511534 0.500749982097773 

0.549247682452061 0.00225361476563261 0.225930956161544 0.222567746620763 
0.0579183803461039 0.487947646769769 0.428970000577485 0.0251639723066417 
0.0251639723066417 0.428970000577485 0.487947646769769 0.0579183803461039 
0.222567746620763 0.225930956161544 0.00225361476563261 0.549247682452061 

0.579117113626379 0.0755678031312369 0.00800542221197442 0.33730966103041 
0.00530442968371142 0.526511622356732 0.446016718037773 0.0221672299217842 
0.0221672299217842 0.446016718037773 0.526511622356732 0.00530442968371142 
0.33730966103041 0.00800542221197442 0.0755678031312369 0.579117113626379 

0.546225933939814 0.0127420934852759 0.38846836395797 0.0525636086169399 
0.00546401599059423 0.520874434246626 0.374290901547479 0.0993706482153006 
0.0993706482153006 0.374290901547479 0.520874434246626 0.00546401599059423 
0.0525636086169399 0.38846836395797 0.0127420934852759 0.546225933939814 


