4 5

0.375926220207475 0.124073779792525 0.124073779792525 0.375926220207475 

0.975202035666807 0.000250670666058299 0.0244584742160953 8.88194510392792e-05 
5.34410296543191e-05 0.995191550221855 0.00209193551772052 0.00266307323077042 
0.00266307323077042 0.00209193551772052 0.995191550221855 5.34410296543191e-05 
8.88194510392792e-05 0.0244584742160953 0.000250670666058299 0.975202035666807 

0.989983879150033 0.000637157149391402 0.00382861390777743 0.00555034979279811 
0.00116820921791548 0.98044867070895 0.0181320154870594 0.000251104586074814 
0.000251104586074814 0.0181320154870594 0.98044867070895 0.00116820921791548 
0.00555034979279811 0.00382861390777743 0.000637157149391402 0.989983879150033 

0.998683893317421 0.000464226997504922 1.365068209225e-05 0.000838229002981972 
6.68757110052322e-06 0.972111035860857 0.0274013404792628 0.000480936088779897 
0.000480936088779897 0.0274013404792628 0.972111035860857 6.68757110052322e-06 
0.000838229002981972 1.365068209225e-05 0.000464226997504922 0.998683893317421 

0.976426137044141 0.000431037695508702 0.00842914883104171 0.0147136764293084 
0.000948831342906104 0.994026434205928 0.000609921709333383 0.00441481274183222 
0.00441481274183222 0.000609921709333383 0.994026434205928 0.000948831342906104 
0.0147136764293084 0.00842914883104171 0.000431037695508702 0.976426137044141 

0.983294220602442 0.00495947060460824 0.00287764105924458 0.00886866773370554 
0.000728284321793234 0.987044044429305 0.0112936003672599 0.000934070881642039 
0.000934070881642039 0.0112936003672599 0.987044044429305 0.000728284321793234 
0.00886866773370554 0.00287764105924458 0.00495947060460824 0.983294220602442 


