4 5

0.171262557734735 0.328737442265265 0.328737442265265 0.171262557734735 

0.966978789418617 0.0197379111931304 2.52916886815651e-05 0.0132580076995711 
0.0057227182620704 0.993809629396131 0.000457375978194841 1.02763636037131e-05 
1.02763636037131e-05 0.000457375978194841 0.993809629396131 0.0057227182620704 
0.0132580076995711 2.52916886815651e-05 0.0197379111931304 0.966978789418617 

0.991719462933909 0.00761003896807884 3.69443339323463e-05 0.000633553764079364 
7.71158139930223e-05 0.969155203167883 0.0258027404307625 0.00496494058736167 
0.00496494058736167 0.0258027404307625 0.969155203167883 7.71158139930223e-05 
0.000633553764079364 3.69443339323463e-05 0.00761003896807884 0.991719462933909 

0.991439145203654 0.000263103956314611 0.000161647307782968 0.00813610353224814 
0.00289226898820902 0.96948872869541 0.0267667218567501 0.000852280459631063 
0.000852280459631063 0.0267667218567501 0.96948872869541 0.00289226898820902 
0.00813610353224814 0.000161647307782968 0.000263103956314611 0.991439145203654 

0.995299793045919 1.21461144691136e-05 0.000319248677468331 0.00436881216214319 
0.00448779394028568 0.965391743659133 0.00974674516297197 0.020373717237609 
0.020373717237609 0.00974674516297197 0.965391743659133 0.00448779394028568 
0.00436881216214319 0.000319248677468331 1.21461144691136e-05 0.995299793045919 

0.971250015727418 0.00347936831537276 0.000223007282395218 0.0250476086748145 
0.000121866121585462 0.989572886257538 0.00505782123034387 0.00524742639053291 
0.00524742639053291 0.00505782123034387 0.989572886257538 0.000121866121585462 
0.0250476086748145 0.000223007282395218 0.00347936831537276 0.971250015727418 


