4 5

0.432011783472262 0.0679882165277377 0.0679882165277377 0.432011783472262 

0.986423473725781 0.00177784217433005 0.00049850522098041 0.0113001788789084 
0.000212472999584922 0.983962759138865 0.01364887938005 0.00217588848149976 
0.00217588848149976 0.01364887938005 0.983962759138865 0.000212472999584922 
0.0113001788789084 0.00049850522098041 0.00177784217433005 0.986423473725781 

0.981906897674389 0.0175868432888049 7.77527176876701e-06 0.000498483765037305 
0.0107240629181086 0.988519908836241 0.000718527816835735 3.75004288151147e-05 
3.75004288151147e-05 0.000718527816835735 0.988519908836241 0.0107240629181086 
0.000498483765037305 7.77527176876701e-06 0.0175868432888049 0.981906897674389 

0.984618323898733 0.00022670432891193 0.0121691353125242 0.00298583645983097 
9.60140042827679e-05 0.985728669025485 0.00615593657586161 0.00801938039437017 
0.00801938039437017 0.00615593657586161 0.985728669025485 9.60140042827679e-05 
0.00298583645983097 0.0121691353125242 0.00022670432891193 0.984618323898733 

0.988210300068185 0.000375679199568249 0.000663940254683546 0.010750080477563 
0.000165289285071781 0.982175459861511 0.0133814301885845 0.0042778206648326 
0.0042778206648326 0.0133814301885845 0.982175459861511 0.000165289285071781 
0.010750080477563 0.000663940254683546 0.000375679199568249 0.988210300068185 

0.991490746202556 0.000151818538241536 0.00277446753004195 0.00558296772916039 
2.69128827094533e-05 0.978973249242377 0.0186085446856481 0.00239129318926517 
0.00239129318926517 0.0186085446856481 0.978973249242377 2.69128827094533e-05 
0.00558296772916039 0.00277446753004195 0.000151818538241536 0.991490746202556 


