4 5

0.274369066115469 0.225630933884531 0.225630933884531 0.274369066115469 

0.984949407367734 0.0106720759899174 0.00324091539970172 0.00113760124264717 
0.00404225367383584 0.995221495069071 0.000692008707284919 4.42425498080367e-05 
4.42425498080367e-05 0.000692008707284919 0.995221495069071 0.00404225367383584 
0.00113760124264717 0.00324091539970172 0.0106720759899174 0.984949407367734 

0.990897041587428 0.00725405651086256 0.00179494267756615 5.39592241430298e-05 
0.00150185177584925 0.989244537830902 0.00727202633845708 0.00198158405479212 
0.00198158405479212 0.00727202633845708 0.989244537830902 0.00150185177584925 
5.39592241430298e-05 0.00179494267756615 0.00725405651086256 0.990897041587428 

0.997288921043873 0.000751206356452174 1.79965566840278e-05 0.00194187604299045 
2.12888823329474e-06 0.983010246873081 0.0168886260689741 9.8998169711333e-05 
9.8998169711333e-05 0.0168886260689741 0.983010246873081 2.12888823329474e-06 
0.00194187604299045 1.79965566840278e-05 0.000751206356452174 0.997288921043873 

0.995331145789576 0.000342189654847038 0.00286580976315317 0.00146085479242353 
0.00720118158493075 0.984829674447149 0.00747304617069644 0.000496097797223728 
0.000496097797223728 0.00747304617069644 0.984829674447149 0.00720118158493075 
0.00146085479242353 0.00286580976315317 0.000342189654847038 0.995331145789576 

0.988484145600915 0.00247073162510857 0.00873592529494373 0.000309197479032186 
0.00645453263738513 0.991644761688476 0.000727037895927152 0.00117366777821151 
0.00117366777821151 0.000727037895927152 0.991644761688476 0.00645453263738513 
0.000309197479032186 0.00873592529494373 0.00247073162510857 0.988484145600915 


