4 5

0.317129122209735 0.182870877790265 0.182870877790265 0.317129122209735 

0.462723581509447 0.0171348891724308 0.0684078797039294 0.451733649614193 
0.00224962651980753 0.695912135201724 0.262000410002982 0.0398378282754863 
0.0398378282754863 0.262000410002982 0.695912135201724 0.00224962651980753 
0.451733649614193 0.0684078797039294 0.0171348891724308 0.462723581509447 

0.353327798535529 0.222610004106837 0.0876549241928007 0.336407273164834 
0.000266564378710363 0.601130983627484 0.397209694473987 0.00139275751981932 
0.00139275751981932 0.397209694473987 0.601130983627484 0.000266564378710363 
0.336407273164834 0.0876549241928007 0.222610004106837 0.353327798535529 

0.497658136310881 0.00204062633994811 0.00933969317598776 0.490961544173183 
0.349717526512329 0.425888058578659 0.221080231295896 0.00331418361311622 
0.00331418361311622 0.221080231295896 0.425888058578659 0.349717526512329 
0.490961544173183 0.00933969317598776 0.00204062633994811 0.497658136310881 

0.445449179152 0.174247315154359 0.20939927643036 0.17090422926328 
0.122417897999586 0.422839926596414 0.413245478590747 0.041496696813254 
0.041496696813254 0.413245478590747 0.422839926596414 0.122417897999586 
0.17090422926328 0.20939927643036 0.174247315154359 0.445449179152 

0.454050357707094 0.0860480008611314 0.0195043453658324 0.440397296065943 
0.149547804542901 0.714274762130073 0.064603228311375 0.0715742050156503 
0.0715742050156503 0.064603228311375 0.714274762130073 0.149547804542901 
0.440397296065943 0.0195043453658324 0.0860480008611314 0.454050357707094 


