4 5

0.260278584086336 0.239721415913664 0.239721415913664 0.260278584086336 

0.764805467935068 0.0045712403552586 0.112311151136418 0.118312140573255 
0.00276972354503578 0.486378837385499 0.481306840874617 0.0295445981948475 
0.0295445981948475 0.481306840874617 0.486378837385499 0.00276972354503578 
0.118312140573255 0.112311151136418 0.0045712403552586 0.764805467935068 

0.455020286344868 0.0882309630130548 0.0869341243869487 0.369814626255129 
0.0144369778900323 0.494863274566559 0.489793672805952 0.000906074737457302 
0.000906074737457302 0.489793672805952 0.494863274566559 0.0144369778900323 
0.369814626255129 0.0869341243869487 0.0882309630130548 0.455020286344868 

0.446720733525371 0.104958860960622 0.0108883460839874 0.43743205943002 
0.0786688726315439 0.714895315782141 0.176345190640383 0.0300906209459312 
0.0300906209459312 0.176345190640383 0.714895315782141 0.0786688726315439 
0.43743205943002 0.0108883460839874 0.104958860960622 0.446720733525371 

0.469368647934961 0.050109000540733 0.0115583015948285 0.468964049929478 
0.0511809136100636 0.746790240938257 0.146684790603888 0.0553440548477914 
0.0553440548477914 0.146684790603888 0.746790240938257 0.0511809136100636 
0.468964049929478 0.0115583015948285 0.050109000540733 0.469368647934961 

0.475411771078221 0.0800690572372846 0.000373962481673852 0.44414520920282 
0.266840817529761 0.71452059300378 0.0184387671848667 0.000199822281592432 
0.000199822281592432 0.0184387671848667 0.71452059300378 0.266840817529761 
0.44414520920282 0.000373962481673852 0.0800690572372846 0.475411771078221 


