4 5

0.221772104152478 0.278227895847522 0.278227895847522 0.221772104152478 

0.980569123411243 0.000639683071532191 6.36678427294668e-05 0.0187275256744954 
0.00168902625475111 0.980175040058248 0.0180834719153934 5.24617716074288e-05 
5.24617716074288e-05 0.0180834719153934 0.980175040058248 0.00168902625475111 
0.0187275256744954 6.36678427294668e-05 0.000639683071532191 0.980569123411243 

0.982135808496261 0.000468200592722395 0.00992144401418921 0.00747454689682769 
0.0136848241280953 0.978332192261677 0.00732897342012784 0.000654010190100079 
0.000654010190100079 0.00732897342012784 0.978332192261677 0.0136848241280953 
0.00747454689682769 0.00992144401418921 0.000468200592722395 0.982135808496261 

0.970388322582122 4.50096803463098e-05 0.00383754176190083 0.0257291259756305 
2.22502445995309e-05 0.990486752695369 0.00288177860137373 0.00660921845865806 
0.00660921845865806 0.00288177860137373 0.990486752695369 2.22502445995309e-05 
0.0257291259756305 0.00383754176190083 4.50096803463098e-05 0.970388322582122 

0.990005428134364 0.00575587162526108 0.000582156048918714 0.0036565441914565 
0.0213130813382671 0.97064710382442 0.007271637654022 0.000768177183290619 
0.000768177183290619 0.007271637654022 0.97064710382442 0.0213130813382671 
0.0036565441914565 0.000582156048918714 0.00575587162526108 0.990005428134364 

0.963613724426997 4.4679943207156e-05 2.63298393162019e-06 0.036338962645864 
0.0002535606857048 0.997780745540841 0.00196100119606635 4.69257738756705e-06 
4.69257738756705e-06 0.00196100119606635 0.997780745540841 0.0002535606857048 
0.036338962645864 2.63298393162019e-06 4.4679943207156e-05 0.963613724426997 


