4 5

0.215921041322872 0.284078958677128 0.284078958677128 0.215921041322872 

0.994844608577742 0.00210541626537802 0.000863837127556841 0.00218613802932327 
0.00117646133233297 0.966189545012812 0.0282430144903886 0.00439097916446662 
0.00439097916446662 0.0282430144903886 0.966189545012812 0.00117646133233297 
0.00218613802932327 0.000863837127556841 0.00210541626537802 0.994844608577742 

0.975264079041326 0.013880646574134 0.00285168321102834 0.00800359117351135 
0.00240397767014717 0.985301390653559 0.0122121435219333 8.24881543601155e-05 
8.24881543601155e-05 0.0122121435219333 0.985301390653559 0.00240397767014717 
0.00800359117351135 0.00285168321102834 0.013880646574134 0.975264079041326 

0.9775338627461 0.00689425439301108 0.00339323467825701 0.0121786481826321 
0.00145395996782107 0.983054209387341 0.013286579757423 0.00220525088741517 
0.00220525088741517 0.013286579757423 0.983054209387341 0.00145395996782107 
0.0121786481826321 0.00339323467825701 0.00689425439301108 0.9775338627461 

0.972806143993264 6.84082689565229e-05 0.00152899468687891 0.0255964530509001 
0.0031890829040532 0.988023179151241 0.0080091888762876 0.000778549068417656 
0.000778549068417656 0.0080091888762876 0.988023179151241 0.0031890829040532 
0.0255964530509001 0.00152899468687891 6.84082689565229e-05 0.972806143993264 

0.96985594186389 0.000160551599721805 4.30314305223428e-05 0.029940475105866 
0.00141623984297203 0.991126792395183 0.00211469644002354 0.00534227132182128 
0.00534227132182128 0.00211469644002354 0.991126792395183 0.00141623984297203 
0.029940475105866 4.30314305223428e-05 0.000160551599721805 0.96985594186389 


