4 5

0.360798888024874 0.139201111975126 0.139201111975126 0.360798888024874 

0.992401469252274 0.00586706803315075 0.000332705965306198 0.00139875674926859 
0.000512425531709321 0.987721997874144 0.00490416436374791 0.00686141223039888 
0.00686141223039888 0.00490416436374791 0.987721997874144 0.000512425531709321 
0.00139875674926859 0.000332705965306198 0.00586706803315075 0.992401469252274 

0.995418136125816 0.000220109081485131 0.00269407029862727 0.00166768449407162 
0.00179681804813279 0.984788983548224 0.0119842212362157 0.00142997716742701 
0.00142997716742701 0.0119842212362157 0.984788983548224 0.00179681804813279 
0.00166768449407162 0.00269407029862727 0.000220109081485131 0.995418136125816 

0.990131421425527 0.00372820222270145 0.00124526430720293 0.00489511204456861 
0.00802523654773333 0.990012300826371 0.000739949344977897 0.00122251328091807 
0.00122251328091807 0.000739949344977897 0.990012300826371 0.00802523654773333 
0.00489511204456861 0.00124526430720293 0.00372820222270145 0.990131421425527 

0.991816184823692 0.000296939683078531 0.000329747010375251 0.00755712848285411 
0.000457390919953556 0.988364123215842 0.00976167922638688 0.00141680663781774 
0.00141680663781774 0.00976167922638688 0.988364123215842 0.000457390919953556 
0.00755712848285411 0.000329747010375251 0.000296939683078531 0.991816184823692 

0.985674684984519 0.00717929340947438 0.00369082177132545 0.00345519983468107 
5.45325820732208e-05 0.994464480884097 0.00415809233387449 0.00132289419995524 
0.00132289419995524 0.00415809233387449 0.994464480884097 5.45325820732208e-05 
0.00345519983468107 0.00369082177132545 0.00717929340947438 0.985674684984519 


