4 5

0.200351119041443 0.299648880958557 0.299648880958557 0.200351119041443 

0.976297936325696 0.0161908103234827 0.00104287424201101 0.00646837910881065 
0.0120197900247468 0.984338859446559 0.00118230404951397 0.0024590464791802 
0.0024590464791802 0.00118230404951397 0.984338859446559 0.0120197900247468 
0.00646837910881065 0.00104287424201101 0.0161908103234827 0.976297936325696 

0.996946756104077 2.78746965172978e-05 0.00209344861190911 0.000931920587496582 
0.00266142223300016 0.964275692229888 0.0323228056394924 0.000740079897619908 
0.000740079897619908 0.0323228056394924 0.964275692229888 0.00266142223300016 
0.000931920587496582 0.00209344861190911 2.78746965172978e-05 0.996946756104077 

0.989959643724755 0.00420372637651818 0.00265926694776845 0.00317736295095811 
0.00287135319316569 0.970795300111006 0.0211789768988425 0.00515436979698589 
0.00515436979698589 0.0211789768988425 0.970795300111006 0.00287135319316569 
0.00317736295095811 0.00265926694776845 0.00420372637651818 0.989959643724755 

0.985247049874879 0.00867665613095154 0.000138462060581259 0.00593783193358777 
0.0182853004250564 0.97537522160754 0.00629764747205691 4.18304953467199e-05 
4.18304953467199e-05 0.00629764747205691 0.97537522160754 0.0182853004250564 
0.00593783193358777 0.000138462060581259 0.00867665613095154 0.985247049874879 

0.979149535096799 0.00172159884083547 0.0190297076092228 9.91584531422895e-05 
0.000300867442030823 0.981568725738467 0.001783507939703 0.0163468988797989 
0.0163468988797989 0.001783507939703 0.981568725738467 0.000300867442030823 
9.91584531422895e-05 0.0190297076092228 0.00172159884083547 0.979149535096799 


