4 5

0.454192585544661 0.0458074144553393 0.0458074144553393 0.454192585544661 

0.44533726182464 0.146119009001183 0.377600297271694 0.0309434319024826 
0.00412572768907357 0.54385544506601 0.190968561464997 0.26105026577992 
0.26105026577992 0.190968561464997 0.54385544506601 0.00412572768907357 
0.0309434319024826 0.377600297271694 0.146119009001183 0.44533726182464 

0.412091997474744 0.19326966018603 0.00265715812851107 0.391981184210714 
0.00246881193592848 0.96754908693388 0.0053617195145827 0.0246203816156091 
0.0246203816156091 0.0053617195145827 0.96754908693388 0.00246881193592848 
0.391981184210714 0.00265715812851107 0.19326966018603 0.412091997474744 

0.538310645993241 0.167505465234181 0.211140234572121 0.0830436542004574 
0.0879418327472923 0.411559539018192 0.259058974865278 0.241439653369238 
0.241439653369238 0.259058974865278 0.411559539018192 0.0879418327472923 
0.0830436542004574 0.211140234572121 0.167505465234181 0.538310645993241 

0.508508870706197 0.308745975324977 0.0555615479791282 0.127183605989698 
0.132183542149447 0.348345075236305 0.227293958314028 0.29217742430022 
0.29217742430022 0.227293958314028 0.348345075236305 0.132183542149447 
0.127183605989698 0.0555615479791282 0.308745975324977 0.508508870706197 

0.668714050437424 0.16925352470712 0.00598206333896989 0.156050361516486 
0.617859542480979 0.374465961508631 0.00190674145972472 0.0057677545506653 
0.0057677545506653 0.00190674145972472 0.374465961508631 0.617859542480979 
0.156050361516486 0.00598206333896989 0.16925352470712 0.668714050437424 


