4 5

0.151995398220606 0.348004601779394 0.348004601779394 0.151995398220606 

0.419836033415272 0.247051669133338 0.0987623866487833 0.234349910802606 
0.166379085091183 0.477538016992385 0.164270087041523 0.19181281087491 
0.19181281087491 0.164270087041523 0.477538016992385 0.166379085091183 
0.234349910802606 0.0987623866487833 0.247051669133338 0.419836033415272 

0.787383872404144 0.0845255529481771 0.00206437281242573 0.126026201835253 
0.170919938419066 0.43715234226956 0.379459958066865 0.0124677612445094 
0.0124677612445094 0.379459958066865 0.43715234226956 0.170919938419066 
0.126026201835253 0.00206437281242573 0.0845255529481771 0.787383872404144 

0.5693254312483 0.281166613402169 0.0036788808635945 0.145829074485936 
0.23328818506767 0.476671571255362 0.25150827254147 0.0385319711354976 
0.0385319711354976 0.25150827254147 0.476671571255362 0.23328818506767 
0.145829074485936 0.0036788808635945 0.281166613402169 0.5693254312483 

0.564264829732829 0.0113001644451766 0.0109384734905791 0.413496532331415 
0.151275951117704 0.406868087790249 0.198904815823821 0.242951145268225 
0.242951145268225 0.198904815823821 0.406868087790249 0.151275951117704 
0.413496532331415 0.0109384734905791 0.0113001644451766 0.564264829732829 

0.715113088740092 0.0110092547709553 0.000977995137245545 0.272899661351707 
0.000395512282357563 0.519780411559988 0.477793704927043 0.0020303712306119 
0.0020303712306119 0.477793704927043 0.519780411559988 0.000395512282357563 
0.272899661351707 0.000977995137245545 0.0110092547709553 0.715113088740092 


