4 5

0.0452465841080993 0.454753415891901 0.454753415891901 0.0452465841080993 

0.543998909083352 0.000768499884991647 0.00169792051714809 0.453534670514508 
7.79235506256225e-05 0.512194702123233 0.484606990193761 0.00312038413238048 
0.00312038413238048 0.484606990193761 0.512194702123233 7.79235506256225e-05 
0.453534670514508 0.00169792051714809 0.000768499884991647 0.543998909083352 

0.490285211888982 0.0102515255015768 0.0271089589039144 0.472354303705526 
0.00730813877278078 0.587502824631894 0.120101864749633 0.285087171845692 
0.285087171845692 0.120101864749633 0.587502824631894 0.00730813877278078 
0.472354303705526 0.0271089589039144 0.0102515255015768 0.490285211888982 

0.255018632078531 0.53936171675901 0.0972413443547946 0.108378306807664 
0.0651986485667399 0.563724073586807 0.355185920436989 0.0158913574094642 
0.0158913574094642 0.355185920436989 0.563724073586807 0.0651986485667399 
0.108378306807664 0.0972413443547946 0.53936171675901 0.255018632078531 

0.816807095946837 0.00350262156927985 0.0609703123728966 0.118719970110987 
0.036815503395444 0.222121608690979 0.166951604725212 0.574111283188365 
0.574111283188365 0.166951604725212 0.222121608690979 0.036815503395444 
0.118719970110987 0.0609703123728966 0.00350262156927985 0.816807095946837 

0.450315770783003 0.0884436710736355 0.019227634652409 0.442012923490952 
0.0700474296901924 0.569298425582355 0.277175686256658 0.0834784584707953 
0.0834784584707953 0.277175686256658 0.569298425582355 0.0700474296901924 
0.442012923490952 0.019227634652409 0.0884436710736355 0.450315770783003 


