4 5

0.157010557828471 0.342989442171529 0.342989442171529 0.157010557828471 

0.994695721906493 0.00509235694185702 0.000110934100957892 0.000100987050692114 
0.00911647489324761 0.965962353132684 3.74994571301634e-05 0.0248836725169381 
0.0248836725169381 3.74994571301634e-05 0.965962353132684 0.00911647489324761 
0.000100987050692114 0.000110934100957892 0.00509235694185702 0.994695721906493 

0.990623100548554 0.000847547767030011 5.75505498383472e-05 0.00847180113457774 
0.00189449630594489 0.969928389053321 0.00346159891489806 0.0247155157258363 
0.0247155157258363 0.00346159891489806 0.969928389053321 0.00189449630594489 
0.00847180113457774 5.75505498383472e-05 0.000847547767030011 0.990623100548554 

0.978870096898622 0.000148986742954356 0.00167835594337609 0.0193025604150475 
0.00499189805980837 0.981807485138298 0.0130565229117048 0.000144093890188992 
0.000144093890188992 0.0130565229117048 0.981807485138298 0.00499189805980837 
0.0193025604150475 0.00167835594337609 0.000148986742954356 0.978870096898622 

0.972381184480722 0.00518960653923821 0.00111816191303634 0.0213110470670033 
0.00118343157565217 0.988377055054176 0.0103606734846278 7.88398855436723e-05 
7.88398855436723e-05 0.0103606734846278 0.988377055054176 0.00118343157565217 
0.0213110470670033 0.00111816191303634 0.00518960653923821 0.972381184480722 

0.978327645277129 0.00396671334221793 2.61599749155662e-05 0.0176794814057377 
0.00887795119115679 0.982300496469007 0.00779069151144385 0.00103086082839195 
0.00103086082839195 0.00779069151144385 0.982300496469007 0.00887795119115679 
0.0176794814057377 2.61599749155662e-05 0.00396671334221793 0.978327645277129 


