4 5

0.497925839968957 0.00207416003104299 0.00207416003104299 0.497925839968957 

0.460230113102422 0.141708918839267 0.00134967374276571 0.396711294315546 
0.00160342732915882 0.461854699532306 0.384418095573964 0.152123777564572 
0.152123777564572 0.384418095573964 0.461854699532306 0.00160342732915882 
0.396711294315546 0.00134967374276571 0.141708918839267 0.460230113102422 

0.513342550637466 0.000451741585337366 0.00715352891707197 0.479052178860124 
2.64160511821656e-05 0.76906271444502 0.2305892813493 0.000321588154497321 
0.000321588154497321 0.2305892813493 0.76906271444502 2.64160511821656e-05 
0.479052178860124 0.00715352891707197 0.000451741585337366 0.513342550637466 

0.340466792458436 0.12077139632709 0.301629228235261 0.237132582979213 
0.0144583390511759 0.638804786183731 0.344733400416824 0.00200347434826898 
0.00200347434826898 0.344733400416824 0.638804786183731 0.0144583390511759 
0.237132582979213 0.301629228235261 0.12077139632709 0.340466792458436 

0.536381788242312 0.000634102831447259 1.53178830942775e-06 0.462982577137932 
6.29362767129015e-05 0.623382927531249 0.372752589892547 0.00380154629949152 
0.00380154629949152 0.372752589892547 0.623382927531249 6.29362767129015e-05 
0.462982577137932 1.53178830942775e-06 0.000634102831447259 0.536381788242312 

0.942923264499168 4.00536811253202e-05 0.0145788767685648 0.042457805051142 
0.195241346838711 0.406691192367247 0.383376102111606 0.0146913586824364 
0.0146913586824364 0.383376102111606 0.406691192367247 0.195241346838711 
0.042457805051142 0.0145788767685648 4.00536811253202e-05 0.942923264499168 


