4 5

0.456495509017259 0.0435044909827411 0.0435044909827411 0.456495509017259 

0.569249928410803 0.00455227062493617 0.00209871476803265 0.424099086196228 
0.0987323722666068 0.40935535010335 0.204846935417845 0.287065342212199 
0.287065342212199 0.204846935417845 0.40935535010335 0.0987323722666068 
0.424099086196228 0.00209871476803265 0.00455227062493617 0.569249928410803 

0.917026900283097 0.00291337935778353 0.0013113749104932 0.0787483454486264 
0.000130279856141678 0.510100189912526 0.488122039347517 0.00164749088381498 
0.00164749088381498 0.488122039347517 0.510100189912526 0.000130279856141678 
0.0787483454486264 0.0013113749104932 0.00291337935778353 0.917026900283097 

0.56908089742326 0.00991490655541732 0.00248765226568331 0.418516543755639 
0.114907812082296 0.506198794403037 0.358849685375969 0.0200437081386974 
0.0200437081386974 0.358849685375969 0.506198794403037 0.114907812082296 
0.418516543755639 0.00248765226568331 0.00991490655541732 0.56908089742326 

0.673960334514471 0.000100888342530855 6.63157037228724e-06 0.325932145572626 
0.00488701272767146 0.523235448363359 0.470257244520836 0.00162029438813392 
0.00162029438813392 0.470257244520836 0.523235448363359 0.00488701272767146 
0.325932145572626 6.63157037228724e-06 0.000100888342530855 0.673960334514471 

0.773326577888121 0.00855666253988329 0.0858768602107645 0.132239899361231 
0.137235129257533 0.428800030980581 0.402844616310933 0.0311202234509522 
0.0311202234509522 0.402844616310933 0.428800030980581 0.137235129257533 
0.132239899361231 0.0858768602107645 0.00855666253988329 0.773326577888121 


