4 5

0.153628194355406 0.346371805644594 0.346371805644594 0.153628194355406 

0.974143001674451 0.00154204701884963 0.0199355042763073 0.00437944703039178 
0.00352426671188718 0.986363247694523 0.00964278815287661 0.000469697440713271 
0.000469697440713271 0.00964278815287661 0.986363247694523 0.00352426671188718 
0.00437944703039178 0.0199355042763073 0.00154204701884963 0.974143001674451 

0.990869894828085 0.00245813053704549 6.20360014007334e-05 0.00660993863346915 
0.00859270687736702 0.969686822903874 0.00113869885035384 0.0205817713684051 
0.0205817713684051 0.00113869885035384 0.969686822903874 0.00859270687736702 
0.00660993863346915 6.20360014007334e-05 0.00245813053704549 0.990869894828085 

0.992574163877327 0.00180974438873667 0.00237124037553242 0.00324485135840363 
0.00816286117251997 0.96805175655446 0.00138965522050677 0.0223957270525128 
0.0223957270525128 0.00138965522050677 0.96805175655446 0.00816286117251997 
0.00324485135840363 0.00237124037553242 0.00180974438873667 0.992574163877327 

0.984074433131002 6.21915153394138e-05 1.26819867936744e-05 0.0158506933668647 
0.00453535909953599 0.976645420777544 0.0187645607799699 5.46593429499743e-05 
5.46593429499743e-05 0.0187645607799699 0.976645420777544 0.00453535909953599 
0.0158506933668647 1.26819867936744e-05 6.21915153394138e-05 0.984074433131002 

0.967472205403166 0.000473168285551013 0.0124164593014633 0.0196381670098197 
0.00234467708752404 0.993320782696202 0.00285038310574853 0.00148415711052565 
0.00148415711052565 0.00285038310574853 0.993320782696202 0.00234467708752404 
0.0196381670098197 0.0124164593014633 0.000473168285551013 0.967472205403166 


