4 5

0.0838297931477427 0.416170206852257 0.416170206852257 0.0838297931477427 

0.292853513758784 0.366569182599007 0.231960398126295 0.108616905515915 
0.0095768931810597 0.499674275448285 0.48916745969759 0.00158137167306504 
0.00158137167306504 0.48916745969759 0.499674275448285 0.0095768931810597 
0.108616905515915 0.231960398126295 0.366569182599007 0.292853513758784 

0.46800089251191 0.0758593116500558 0.00186842926187756 0.454271366576157 
0.083067297842933 0.624961802740417 0.269339531827715 0.0226313675889348 
0.0226313675889348 0.269339531827715 0.624961802740417 0.083067297842933 
0.454271366576157 0.00186842926187756 0.0758593116500558 0.46800089251191 

0.646343823505928 0.0173162087238315 0.00297426334073172 0.333365704429509 
0.011945745865883 0.485425889310945 0.484577075699521 0.0180512891236511 
0.0180512891236511 0.484577075699521 0.485425889310945 0.011945745865883 
0.333365704429509 0.00297426334073172 0.0173162087238315 0.646343823505928 

0.460327095802729 0.00923584119670513 0.112429362723264 0.418007700277302 
0.0642370898571808 0.560548627044087 0.146884107008539 0.228330176090194 
0.228330176090194 0.146884107008539 0.560548627044087 0.0642370898571808 
0.418007700277302 0.112429362723264 0.00923584119670513 0.460327095802729 

0.883748451405123 0.00230542280497171 7.76632921949314e-05 0.11386846249771 
1.69465669109842e-05 0.496983816400599 0.496562773854787 0.00643646317770341 
0.00643646317770341 0.496562773854787 0.496983816400599 1.69465669109842e-05 
0.11386846249771 7.76632921949314e-05 0.00230542280497171 0.883748451405123 


