4 5

0.0195501522393897 0.48044984776061 0.48044984776061 0.0195501522393897 

0.980555125234008 0.00279076190498899 0.00487839249783835 0.0117757203631647 
0.000780491261405164 0.980061493419142 0.0160252003314497 0.00313281498800295 
0.00313281498800295 0.0160252003314497 0.980061493419142 0.000780491261405164 
0.0117757203631647 0.00487839249783835 0.00279076190498899 0.980555125234008 

0.966340132724776 0.00462121175146997 2.47057065205099e-05 0.0290139498172332 
0.0050905099773424 0.994728778414762 0.000128051015244601 5.26605926509599e-05 
5.26605926509599e-05 0.000128051015244601 0.994728778414762 0.0050905099773424 
0.0290139498172332 2.47057065205099e-05 0.00462121175146997 0.966340132724776 

0.991191035361645 0.00180434516688868 0.00159075424772912 0.00541386522373716 
0.00839788484592522 0.96941099344047 0.00765577500401787 0.0145353467095864 
0.0145353467095864 0.00765577500401787 0.96941099344047 0.00839788484592522 
0.00541386522373716 0.00159075424772912 0.00180434516688868 0.991191035361645 

0.993332341102686 0.00100086980631329 0.000402039087260685 0.0052647500037396 
0.00315637902032437 0.967633574194574 0.0270219866649943 0.00218806012010755 
0.00218806012010755 0.0270219866649943 0.967633574194574 0.00315637902032437 
0.0052647500037396 0.000402039087260685 0.00100086980631329 0.993332341102686 

0.990107470498231 0.00497537757200455 0.00134391790247708 0.00357323402728749 
0.00184079920011993 0.970783612231416 0.0271155170598612 0.000260071508602631 
0.000260071508602631 0.0271155170598612 0.970783612231416 0.00184079920011993 
0.00357323402728749 0.00134391790247708 0.00497537757200455 0.990107470498231 


