4 5

0.107642434188165 0.392357565811835 0.392357565811835 0.107642434188165 

0.972135294114389 0.000171987874775542 1.47843697849981e-05 0.0276779336410506 
6.20039381983877e-05 0.998667443805119 0.00124737680667497 2.31754500080146e-05 
2.31754500080146e-05 0.00124737680667497 0.998667443805119 6.20039381983877e-05 
0.0276779336410506 1.47843697849981e-05 0.000171987874775542 0.972135294114389 

0.978947116952075 0.00214248642840179 2.49555155691073e-05 0.018885441103954 
0.000591177885308727 0.991516140662748 0.0054201481170304 0.00247253333491258 
0.00247253333491258 0.0054201481170304 0.991516140662748 0.000591177885308727 
0.018885441103954 2.49555155691073e-05 0.00214248642840179 0.978947116952075 

0.975549759902085 0.00256491967980815 0.000661838057165303 0.0212234823609416 
0.000893995263670752 0.995008544160646 0.00163785530259725 0.00245960527308629 
0.00245960527308629 0.00163785530259725 0.995008544160646 0.000893995263670752 
0.0212234823609416 0.000661838057165303 0.00256491967980815 0.975549759902085 

0.995720007333268 0.000763513476837356 0.000524756288260748 0.0029917229016343 
0.0197683558242157 0.974639280275363 0.000144401227063939 0.00544796267335775 
0.00544796267335775 0.000144401227063939 0.974639280275363 0.0197683558242157 
0.0029917229016343 0.000524756288260748 0.000763513476837356 0.995720007333268 

0.981742056868728 0.00163126880579358 0.0153140868478589 0.0013125874776192 
0.00525970456210973 0.988530903272499 0.00529489335058325 0.000914498814807703 
0.000914498814807703 0.00529489335058325 0.988530903272499 0.00525970456210973 
0.0013125874776192 0.0153140868478589 0.00163126880579358 0.981742056868728 


