4 5

0.365868982160464 0.134131017839536 0.134131017839536 0.365868982160464 

0.989086136716163 0.000920443588140366 0.00952477106558935 0.00046864863010726 
0.00377441382467025 0.991035158757235 0.00442545816499529 0.000764969253099105 
0.000764969253099105 0.00442545816499529 0.991035158757235 0.00377441382467025 
0.00046864863010726 0.00952477106558935 0.000920443588140366 0.989086136716163 

0.983838930129827 0.0018871886236132 0.000904889873364178 0.0133689913731957 
0.000269484771502845 0.996397334249324 0.00303118481988063 0.000301996159292554 
0.000301996159292554 0.00303118481988063 0.996397334249324 0.000269484771502845 
0.0133689913731957 0.000904889873364178 0.0018871886236132 0.983838930129827 

0.996029254175433 0.0010547147128436 9.74691861815589e-05 0.00281856192554142 
0.0123350768369496 0.984127865923818 0.00297945205797234 0.000557605181259745 
0.000557605181259745 0.00297945205797234 0.984127865923818 0.0123350768369496 
0.00281856192554142 9.74691861815589e-05 0.0010547147128436 0.996029254175433 

0.991894500840349 0.000421843273680032 0.00195001454175955 0.00573364134421139 
8.11822691456166e-05 0.988265709755396 0.00816537250533683 0.00348773547012198 
0.00348773547012198 0.00816537250533683 0.988265709755396 8.11822691456166e-05 
0.00573364134421139 0.00195001454175955 0.000421843273680032 0.991894500840349 

0.986640204924624 0.00356112350739382 0.00901298055530728 0.000785691012675005 
0.000987415772182377 0.993491139898718 0.00532238719024325 0.000199057138856639 
0.000199057138856639 0.00532238719024325 0.993491139898718 0.000987415772182377 
0.000785691012675005 0.00901298055530728 0.00356112350739382 0.986640204924624 


