4 5

0.462989559164271 0.0370104408357292 0.0370104408357292 0.462989559164271 

0.462626324070817 0.0188517858424558 0.184763309184625 0.333758580902102 
0.10243348253812 0.487109685318304 0.404096967008813 0.00635986513476278 
0.00635986513476278 0.404096967008813 0.487109685318304 0.10243348253812 
0.333758580902102 0.184763309184625 0.0188517858424558 0.462626324070817 

0.370271173409615 0.0581477939128074 0.225758601901826 0.345822430775752 
0.0275674175877476 0.947976890374634 0.0211679802488171 0.00328771178880173 
0.00328771178880173 0.0211679802488171 0.947976890374634 0.0275674175877476 
0.345822430775752 0.225758601901826 0.0581477939128074 0.370271173409615 

0.759744380434614 0.0249436899655056 0.000605782109583031 0.214706147490297 
0.0674284149182903 0.477096187391393 0.437090652295249 0.0183847453950682 
0.0183847453950682 0.437090652295249 0.477096187391393 0.0674284149182903 
0.214706147490297 0.000605782109583031 0.0249436899655056 0.759744380434614 

0.575390387457745 0.00818720093600617 0.19739778882593 0.219024622780319 
0.0084796734545297 0.492434877689674 0.311327890430822 0.187757558424975 
0.187757558424975 0.311327890430822 0.492434877689674 0.0084796734545297 
0.219024622780319 0.19739778882593 0.00818720093600617 0.575390387457745 

0.400762674309881 0.478417099333252 0.102572233230103 0.0182479931267644 
0.24363325643163 0.63228988432766 0.0992382110585694 0.0248386481821411 
0.0248386481821411 0.0992382110585694 0.63228988432766 0.24363325643163 
0.0182479931267644 0.102572233230103 0.478417099333252 0.400762674309881 


