4 5

0.426025960012339 0.0739740399876609 0.0739740399876609 0.426025960012339 

0.995614835540497 1.90212878515813e-05 0.000349834472963553 0.00401630869868796 
0.00927134987988234 0.965349760241855 0.0248708433897816 0.000508046488481221 
0.000508046488481221 0.0248708433897816 0.965349760241855 0.00927134987988234 
0.00401630869868796 0.000349834472963553 1.90212878515813e-05 0.995614835540497 

0.992877938241804 0.000134344203045112 0.00146092189784744 0.00552679565730385 
0.000284935159130762 0.968208567083786 0.031489261705948 1.72360511353378e-05 
1.72360511353378e-05 0.031489261705948 0.968208567083786 0.000284935159130762 
0.00552679565730385 0.00146092189784744 0.000134344203045112 0.992877938241804 

0.962910421435049 0.000239852569823826 7.22142306539686e-05 0.0367775117644735 
8.86660402929463e-06 0.998526028407579 0.000290001707264398 0.00117510328112738 
0.00117510328112738 0.000290001707264398 0.998526028407579 8.86660402929463e-06 
0.0367775117644735 7.22142306539686e-05 0.000239852569823826 0.962910421435049 

0.967123480555175 0.000271925475613969 0.0288172631380813 0.00378733083112953 
3.88018289591667e-05 0.993554474289881 0.00336929295097771 0.00303743093018243 
0.00303743093018243 0.00336929295097771 0.993554474289881 3.88018289591667e-05 
0.00378733083112953 0.0288172631380813 0.000271925475613969 0.967123480555175 

0.992228067816893 8.9095886829729e-05 0.00127435924474226 0.00640847705153519 
6.11567277111246e-05 0.968719070477857 0.0270750394390397 0.00414473335539233 
0.00414473335539233 0.0270750394390397 0.968719070477857 6.11567277111246e-05 
0.00640847705153519 0.00127435924474226 8.9095886829729e-05 0.992228067816893 


