4 5

0.302604631404392 0.197395368595608 0.197395368595608 0.302604631404392 

0.985079597231475 0.000713502017510156 0.00788227287288505 0.00632462787812982 
0.00575020942785492 0.97554018164947 0.0183192201530873 0.000390388769587251 
0.000390388769587251 0.0183192201530873 0.97554018164947 0.00575020942785492 
0.00632462787812982 0.00788227287288505 0.000713502017510156 0.985079597231475 

0.982491083250442 0.00528638089090128 0.00893313488571834 0.00328940097293862 
0.00906961271186303 0.978045305723028 0.00616033844174152 0.00672474312336723 
0.00672474312336723 0.00616033844174152 0.978045305723028 0.00906961271186303 
0.00328940097293862 0.00893313488571834 0.00528638089090128 0.982491083250442 

0.968285833434852 0.00634987600480042 0.013721735587559 0.0116425549727889 
0.00180610979155484 0.992366201710066 0.00491824871301783 0.00090943978536182 
0.00090943978536182 0.00491824871301783 0.992366201710066 0.00180610979155484 
0.0116425549727889 0.013721735587559 0.00634987600480042 0.968285833434852 

0.977435599142226 0.00539298549079777 0.000550360672315655 0.0166210546946605 
0.0100115052071607 0.983183562608603 0.00564671004458145 0.00115822213965465 
0.00115822213965465 0.00564671004458145 0.983183562608603 0.0100115052071607 
0.0166210546946605 0.000550360672315655 0.00539298549079777 0.977435599142226 

0.977827539669665 0.00796618909263836 2.37012888325517e-05 0.0141825699488645 
1.39525363659285e-05 0.982732791732129 0.010395696597994 0.00685755913351117 
0.00685755913351117 0.010395696597994 0.982732791732129 1.39525363659285e-05 
0.0141825699488645 2.37012888325517e-05 0.00796618909263836 0.977827539669665 


