4 5

0.174655000679195 0.325344999320805 0.325344999320805 0.174655000679195 

0.990565703867421 0.00111571201592148 2.95872806416726e-05 0.00828899683601603 
0.00300934898137224 0.989592753025801 0.0063652974644739 0.00103260052835246 
0.00103260052835246 0.0063652974644739 0.989592753025801 0.00300934898137224 
0.00828899683601603 2.95872806416726e-05 0.00111571201592148 0.990565703867421 

0.986916335761164 0.00039945532136534 0.00447016925295993 0.00821403966451095 
0.00584061289493459 0.993231382974301 0.000623765623676165 0.000304238507088108 
0.000304238507088108 0.000623765623676165 0.993231382974301 0.00584061289493459 
0.00821403966451095 0.00447016925295993 0.00039945532136534 0.986916335761164 

0.98138392111701 0.00596754996755671 0.0089190251417099 0.00372950377372344 
0.000766634370787776 0.998805357959788 0.000295646197774502 0.000132361471649468 
0.000132361471649468 0.000295646197774502 0.998805357959788 0.000766634370787776 
0.00372950377372344 0.0089190251417099 0.00596754996755671 0.98138392111701 

0.988117778764092 8.64192764113876e-07 2.2622762772775e-05 0.0118587342803709 
0.00120049487007104 0.992079657290753 0.00668792411402952 3.1923725146899e-05 
3.1923725146899e-05 0.00668792411402952 0.992079657290753 0.00120049487007104 
0.0118587342803709 2.2622762772775e-05 8.64192764113876e-07 0.988117778764092 

0.983678326119445 0.000876215397321717 0.0139143336025972 0.00153112488063584 
0.00107455208333001 0.996469572341076 0.00230026521057441 0.000155610365019939 
0.000155610365019939 0.00230026521057441 0.996469572341076 0.00107455208333001 
0.00153112488063584 0.0139143336025972 0.000876215397321717 0.983678326119445 


