4 5

0.0462934443494305 0.453706555650569 0.453706555650569 0.0462934443494305 

0.993242500262844 0.000207214269967209 3.775644509114e-06 0.00654650982268001 
0.000345563061520213 0.967867645949103 0.0317351281728638 5.16628165132669e-05 
5.16628165132669e-05 0.0317351281728638 0.967867645949103 0.000345563061520213 
0.00654650982268001 3.775644509114e-06 0.000207214269967209 0.993242500262844 

0.981888226911704 0.0131814781553093 0.000916545179806711 0.00401374975318036 
0.000146987420841981 0.978540883690434 5.05057480985061e-05 0.0212616231406257 
0.0212616231406257 5.05057480985061e-05 0.978540883690434 0.000146987420841981 
0.00401374975318036 0.000916545179806711 0.0131814781553093 0.981888226911704 

0.969944308511641 0.000581311984519278 0.00063782343416951 0.0288365560696702 
0.000590628181430889 0.991034748522119 0.00831250270549766 6.21205909524161e-05 
6.21205909524161e-05 0.00831250270549766 0.991034748522119 0.000590628181430889 
0.0288365560696702 0.00063782343416951 0.000581311984519278 0.969944308511641 

0.984056156313172 0.00247569444139872 0.00938345109119221 0.00408469815423729 
0.00985471895068762 0.976481266064084 0.00562172241602638 0.00804229256920236 
0.00804229256920236 0.00562172241602638 0.976481266064084 0.00985471895068762 
0.00408469815423729 0.00938345109119221 0.00247569444139872 0.984056156313172 

0.975525196631377 0.00390352565067546 0.00905930236587401 0.0115119753520732 
0.00747848547391505 0.985024454128318 0.00582801545992123 0.0016690449378457 
0.0016690449378457 0.00582801545992123 0.985024454128318 0.00747848547391505 
0.0115119753520732 0.00905930236587401 0.00390352565067546 0.975525196631377 


