4 5

0.200819702935405 0.299180297064595 0.299180297064595 0.200819702935405 

0.969627150844017 0.000115350876993358 0.000248209331064587 0.0300092889479248 
0.000950557669067837 0.991389102877615 0.00753133143900458 0.000129008014312465 
0.000129008014312465 0.00753133143900458 0.991389102877615 0.000950557669067837 
0.0300092889479248 0.000248209331064587 0.000115350876993358 0.969627150844017 

0.99010003200095 0.00485654131843742 0.000630762218664834 0.0044126644619476 
0.00118086309112862 0.970679296998977 0.0226722525383474 0.00546758737154686 
0.00546758737154686 0.0226722525383474 0.970679296998977 0.00118086309112862 
0.0044126644619476 0.000630762218664834 0.00485654131843742 0.99010003200095 

0.96767556813798 0.0272115543870041 0.00228520039004766 0.00282767708496851 
0.000802016367347429 0.992930092073405 0.00619296975809808 7.49218011495587e-05 
7.49218011495587e-05 0.00619296975809808 0.992930092073405 0.000802016367347429 
0.00282767708496851 0.00228520039004766 0.0272115543870041 0.96767556813798 

0.994716482507945 0.00229406992899078 0.00131139985207135 0.00167804771099334 
0.00822219123533805 0.966000713348311 0.0115884500377983 0.0141886453785528 
0.0141886453785528 0.0115884500377983 0.966000713348311 0.00822219123533805 
0.00167804771099334 0.00131139985207135 0.00229406992899078 0.994716482507945 

0.979633973267585 0.00602469272449434 0.00204139021506002 0.0122999437928606 
0.00551058039324627 0.980966862951288 0.0134412016245826 8.13550308827902e-05 
8.13550308827902e-05 0.0134412016245826 0.980966862951288 0.00551058039324627 
0.0122999437928606 0.00204139021506002 0.00602469272449434 0.979633973267585 


