4 5

0.0152044154237956 0.484795584576204 0.484795584576204 0.0152044154237956 

0.980820207403633 0.0167686854536362 0.00120723075074912 0.00120387639198211 
1.93757026585412e-05 0.999367589623566 0.000603413360274585 9.62131350122962e-06 
9.62131350122962e-06 0.000603413360274585 0.999367589623566 1.93757026585412e-05 
0.00120387639198211 0.00120723075074912 0.0167686854536362 0.980820207403633 

0.992007630029607 0.000935995326648636 9.27404185009751e-05 0.00696363422524326 
0.000386802177323547 0.988129644217618 0.00407870753165035 0.00740484607340843 
0.00740484607340843 0.00407870753165035 0.988129644217618 0.000386802177323547 
0.00696363422524326 9.27404185009751e-05 0.000935995326648636 0.992007630029607 

0.987123882906493 0.0019558096344166 0.00019605158671516 0.0107242558723753 
0.000448480909484842 0.993050539311615 0.00347300437301956 0.00302797540588091 
0.00302797540588091 0.00347300437301956 0.993050539311615 0.000448480909484842 
0.0107242558723753 0.00019605158671516 0.0019558096344166 0.987123882906493 

0.990947553440348 0.00488281538992629 0.00262551407165813 0.00154411709806801 
0.00402748468176207 0.989194120440796 0.00599936607521384 0.000779028802228127 
0.000779028802228127 0.00599936607521384 0.989194120440796 0.00402748468176207 
0.00154411709806801 0.00262551407165813 0.00488281538992629 0.990947553440348 

0.983744807233425 0.000960718680354363 0.000612099515113032 0.0146823745711079 
0.000112263343557769 0.996509911528196 0.00243072876734057 0.000947096360905812 
0.000947096360905812 0.00243072876734057 0.996509911528196 0.000112263343557769 
0.0146823745711079 0.000612099515113032 0.000960718680354363 0.983744807233425 


