4 5

0.0713238016469404 0.42867619835306 0.42867619835306 0.0713238016469404 

0.426494515306968 0.0422192851398176 0.258155341846954 0.273130857706261 
0.00139068955618193 0.514762365497695 0.411835793894049 0.072011151052074 
0.072011151052074 0.411835793894049 0.514762365497695 0.00139068955618193 
0.273130857706261 0.258155341846954 0.0422192851398176 0.426494515306968 

0.971280755378443 0.00386594159080829 0.00733463371114544 0.0175186693196035 
0.00943838700979927 0.427603178850656 0.426724875637212 0.136233558502333 
0.136233558502333 0.426724875637212 0.427603178850656 0.00943838700979927 
0.0175186693196035 0.00733463371114544 0.00386594159080829 0.971280755378443 

0.827749175149502 0.0116141235987085 0.0969619601737536 0.0636747410780363 
0.0202859981217895 0.370477083963147 0.342186472417707 0.267050445497356 
0.267050445497356 0.342186472417707 0.370477083963147 0.0202859981217895 
0.0636747410780363 0.0969619601737536 0.0116141235987085 0.827749175149502 

0.470413450730732 0.0183965200727366 0.0420941954104262 0.469095833786105 
0.00489891853372509 0.811191180931562 0.158281885882938 0.0256280146517756 
0.0256280146517756 0.158281885882938 0.811191180931562 0.00489891853372509 
0.469095833786105 0.0420941954104262 0.0183965200727366 0.470413450730732 

0.636019064275398 0.0569835587671539 0.249332831273717 0.057664545683731 
0.000193005690654546 0.497611972056284 0.494156512986933 0.00803850926612832 
0.00803850926612832 0.494156512986933 0.497611972056284 0.000193005690654546 
0.057664545683731 0.249332831273717 0.0569835587671539 0.636019064275398 


