4 5

0.373709558160044 0.126290441839956 0.126290441839956 0.373709558160044 

0.855350193756679 0.00346836899684383 0.0227408557563641 0.118440581490113 
0.000905131644839336 0.501249383750693 0.497814681266101 3.0803338366097e-05 
3.0803338366097e-05 0.497814681266101 0.501249383750693 0.000905131644839336 
0.118440581490113 0.0227408557563641 0.00346836899684383 0.855350193756679 

0.484731186499929 0.0678897339717382 0.000891406678986927 0.446487672849346 
0.0651946868791263 0.506291622433908 0.386696948949161 0.0418167417378055 
0.0418167417378055 0.386696948949161 0.506291622433908 0.0651946868791263 
0.446487672849346 0.000891406678986927 0.0678897339717382 0.484731186499929 

0.869554605016664 0.0031727552652967 0.000433182978740177 0.126839456739299 
0.000460051003848616 0.501432446231878 0.498079713263809 2.77895004653252e-05 
2.77895004653252e-05 0.498079713263809 0.501432446231878 0.000460051003848616 
0.126839456739299 0.000433182978740177 0.0031727552652967 0.869554605016664 

0.807262040790444 0.0609046714592184 0.0589163480533818 0.072916939696956 
0.10002982251729 0.451353840472841 0.44675099413084 0.00186534287902881 
0.00186534287902881 0.44675099413084 0.451353840472841 0.10002982251729 
0.072916939696956 0.0589163480533818 0.0609046714592184 0.807262040790444 

0.4660555464864 0.000319030565366585 0.0683745055374358 0.465250917410797 
0.053411926568563 0.680800162978081 0.249547687441305 0.0162402230120511 
0.0162402230120511 0.249547687441305 0.680800162978081 0.053411926568563 
0.465250917410797 0.0683745055374358 0.000319030565366585 0.4660555464864 


