4 5

0.216570561984554 0.283429438015446 0.283429438015446 0.216570561984554 

0.971261492752465 0.00156419017173589 5.0611331415736e-05 0.0271237057443831 
0.000386132324263724 0.999550358311764 1.01406134217497e-06 6.24953026300696e-05 
6.24953026300696e-05 1.01406134217497e-06 0.999550358311764 0.000386132324263724 
0.0271237057443831 5.0611331415736e-05 0.00156419017173589 0.971261492752465 

0.984449078124073 0.00592002266822698 0.000460754728839455 0.00917014447886061 
0.00037272423041832 0.985832109945211 0.00398301256490402 0.00981215325946651 
0.00981215325946651 0.00398301256490402 0.985832109945211 0.00037272423041832 
0.00917014447886061 0.000460754728839455 0.00592002266822698 0.984449078124073 

0.979483238243984 0.0156720551436305 0.000209647417963237 0.00463505919442275 
7.66433795503798e-06 0.990816967780519 0.0080565624531469 0.00111880542837864 
0.00111880542837864 0.0080565624531469 0.990816967780519 7.66433795503798e-06 
0.00463505919442275 0.000209647417963237 0.0156720551436305 0.979483238243984 

0.991368373074531 0.00147775852956369 0.00647401984167814 0.00067984855422748 
0.00184984649131313 0.979007559581053 0.0030862237789086 0.0160563701487253 
0.0160563701487253 0.0030862237789086 0.979007559581053 0.00184984649131313 
0.00067984855422748 0.00647401984167814 0.00147775852956369 0.991368373074531 

0.991426635572837 0.00068841643169364 0.000198400369976158 0.0076865476254937 
0.0110212497149702 0.978925621908308 0.0100035676818285 4.95606948935816e-05 
4.95606948935816e-05 0.0100035676818285 0.978925621908308 0.0110212497149702 
0.0076865476254937 0.000198400369976158 0.00068841643169364 0.991426635572837 


