4 5

0.424616796080954 0.0753832039190456 0.0753832039190456 0.424616796080954 

0.98234566095363 0.0066421383502984 0.000400291753933601 0.0106119089421381 
0.0140077014871856 0.978215234400736 0.00335686557573084 0.00442019853634789 
0.00442019853634789 0.00335686557573084 0.978215234400736 0.0140077014871856 
0.0106119089421381 0.000400291753933601 0.0066421383502984 0.98234566095363 

0.962882482012473 0.0329001356604823 0.00214507867696422 0.00207230365008076 
0.000776727804977615 0.997857263913625 0.000402624458262613 0.000963383823134658 
0.000963383823134658 0.000402624458262613 0.997857263913625 0.000776727804977615 
0.00207230365008076 0.00214507867696422 0.0329001356604823 0.962882482012473 

0.985160559860816 0.00482249861315289 0.00644285872062376 0.00357408280540727 
0.00580308971141267 0.975398085591619 0.00729956454413305 0.0114992601528348 
0.0114992601528348 0.00729956454413305 0.975398085591619 0.00580308971141267 
0.00357408280540727 0.00644285872062376 0.00482249861315289 0.985160559860816 

0.978844919692841 0.00504382638675735 0.0148254205261823 0.001285833394219 
0.00171496224713212 0.98176900453876 0.00332190644285929 0.0131941267712485 
0.0131941267712485 0.00332190644285929 0.98176900453876 0.00171496224713212 
0.001285833394219 0.0148254205261823 0.00504382638675735 0.978844919692841 

0.979143236892179 0.0183883793551799 0.00158996223717826 0.000878421515462802 
0.00112094949415887 0.98130363327987 0.00275905006668298 0.0148163671592879 
0.0148163671592879 0.00275905006668298 0.98130363327987 0.00112094949415887 
0.000878421515462802 0.00158996223717826 0.0183883793551799 0.979143236892179 


