4 5

0.428521275403909 0.0714787245960906 0.0714787245960906 0.428521275403909 

0.603002269861834 0.0109177976807187 0.0725750362167261 0.313504896240722 
0.575062278521817 0.243504322711961 0.178324279975192 0.00310911879103037 
0.00310911879103037 0.178324279975192 0.243504322711961 0.575062278521817 
0.313504896240722 0.0725750362167261 0.0109177976807187 0.603002269861834 

0.810612536591006 0.0321963812656243 0.0192632825698489 0.137927799573521 
0.530435275510408 0.200144177332257 0.0683694775465295 0.201051069610806 
0.201051069610806 0.0683694775465295 0.200144177332257 0.530435275510408 
0.137927799573521 0.0192632825698489 0.0321963812656243 0.810612536591006 

0.48987834636202 0.0017603408341361 0.105211971176617 0.403149341627227 
0.026977839753287 0.592796467810827 0.378320840506945 0.00190485192894106 
0.00190485192894106 0.378320840506945 0.592796467810827 0.026977839753287 
0.403149341627227 0.105211971176617 0.0017603408341361 0.48987834636202 

0.822599873292715 0.011926009148856 0.125328359020039 0.0401457585383896 
0.0502256241182428 0.482210936186076 0.45916263895867 0.00840080073701072 
0.00840080073701072 0.45916263895867 0.482210936186076 0.0502256241182428 
0.0401457585383896 0.125328359020039 0.011926009148856 0.822599873292715 

0.439131400286818 0.0351525940967909 0.221434150291864 0.304281855324527 
0.314100243890266 0.35978353120864 0.21596883603507 0.110147388866024 
0.110147388866024 0.21596883603507 0.35978353120864 0.314100243890266 
0.304281855324527 0.221434150291864 0.0351525940967909 0.439131400286818 


