4 5

0.102821098873392 0.397178901126608 0.397178901126608 0.102821098873392 

0.972956030695479 0.00402309612450129 0.0133702637137418 0.00965060946627833 
0.00300655025062977 0.987618342693015 0.00621639597781365 0.00315871107854173 
0.00315871107854173 0.00621639597781365 0.987618342693015 0.00300655025062977 
0.00965060946627833 0.0133702637137418 0.00402309612450129 0.972956030695479 

0.99509707606423 4.96375981327802e-06 0.0046226772173852 0.00027528295857121 
0.0280490051884649 0.965542853503871 0.00350314933996826 0.00290499196769624 
0.00290499196769624 0.00350314933996826 0.965542853503871 0.0280490051884649 
0.00027528295857121 0.0046226772173852 4.96375981327802e-06 0.99509707606423 

0.962899685587375 0.0322356382223893 0.000324610403774846 0.00454006578646099 
0.000939572841607766 0.997851705771361 0.00119210040332679 1.66209837041023e-05 
1.66209837041023e-05 0.00119210040332679 0.997851705771361 0.000939572841607766 
0.00454006578646099 0.000324610403774846 0.0322356382223893 0.962899685587375 

0.976711251298879 0.00250577514171721 0.0171927538140049 0.00359021974539842 
7.13497817696021e-05 0.983838011972246 0.0154003119200293 0.000690326325955105 
0.000690326325955105 0.0154003119200293 0.983838011972246 7.13497817696021e-05 
0.00359021974539842 0.0171927538140049 0.00250577514171721 0.976711251298879 

0.97449887456562 0.000198698158345294 0.0160320719396634 0.00927035533637083 
0.00568962903598175 0.986011432687665 0.00822588373189181 7.30545444618761e-05 
7.30545444618761e-05 0.00822588373189181 0.986011432687665 0.00568962903598175 
0.00927035533637083 0.0160320719396634 0.000198698158345294 0.97449887456562 


