4 5

0.447363820043392 0.0526361799566075 0.0526361799566075 0.447363820043392 

0.961819779880533 0.000392077016562643 0.00308283565308897 0.0347053074498151 
6.25502940666559e-06 0.999580082358683 0.000305212346566053 0.000108450265344106 
0.000108450265344106 0.000305212346566053 0.999580082358683 6.25502940666559e-06 
0.0347053074498151 0.00308283565308897 0.000392077016562643 0.961819779880533 

0.975301962094674 0.0136404935846333 0.00274223741334188 0.00831530690735116 
0.0101746973616419 0.985307060801101 0.00145939702120684 0.00305884481605066 
0.00305884481605066 0.00145939702120684 0.985307060801101 0.0101746973616419 
0.00831530690735116 0.00274223741334188 0.0136404935846333 0.975301962094674 

0.961477726201614 0.00868034693878488 0.0281831679909478 0.00165875886865335 
0.00030831059320884 0.999299188898042 2.39433383845689e-05 0.000368557170364945 
0.000368557170364945 2.39433383845689e-05 0.999299188898042 0.00030831059320884 
0.00165875886865335 0.0281831679909478 0.00868034693878488 0.961477726201614 

0.981336744665939 0.0123285080941434 7.32025610950936e-05 0.00626154467882223 
0.00280101323349962 0.979168853979319 0.0101756404429894 0.00785449234419173 
0.00785449234419173 0.0101756404429894 0.979168853979319 0.00280101323349962 
0.00626154467882223 7.32025610950936e-05 0.0123285080941434 0.981336744665939 

0.969671092643596 0.0235878888127762 0.00604203892467827 0.000698979618949214 
0.00728478311480691 0.991027261803022 0.0001955757047582 0.00149237937741336 
0.00149237937741336 0.0001955757047582 0.991027261803022 0.00728478311480691 
0.000698979618949214 0.00604203892467827 0.0235878888127762 0.969671092643596 


