4 5

0.0708667989820242 0.429133201017976 0.429133201017976 0.0708667989820242 

0.984795220360191 1.45481089553661e-05 0.000354237553560936 0.0148359939772932 
0.00214510491338422 0.985608987708471 0.0115890943950653 0.000656812983079782 
0.000656812983079782 0.0115890943950653 0.985608987708471 0.00214510491338422 
0.0148359939772932 0.000354237553560936 1.45481089553661e-05 0.984795220360191 

0.971203168257223 0.00382011584184252 0.023882349280277 0.00109436662065771 
0.000113112527418869 0.999231238203934 0.000239417122711749 0.000416232145935102 
0.000416232145935102 0.000239417122711749 0.999231238203934 0.000113112527418869 
0.00109436662065771 0.023882349280277 0.00382011584184252 0.971203168257223 

0.982950928504945 0.00167396729200354 0.000506237087397714 0.014868867115654 
0.00243812815526463 0.987423811878315 0.00739676425124952 0.00274129571517105 
0.00274129571517105 0.00739676425124952 0.987423811878315 0.00243812815526463 
0.014868867115654 0.000506237087397714 0.00167396729200354 0.982950928504945 

0.97515983969453 0.0185291376043062 9.45439231519549e-05 0.0062164787780114 
0.00174691010748123 0.995223204163214 0.00288899131040116 0.000140894418903919 
0.000140894418903919 0.00288899131040116 0.995223204163214 0.00174691010748123 
0.0062164787780114 9.45439231519549e-05 0.0185291376043062 0.97515983969453 

0.985572938262193 0.0017521610743232 0.00015789705263879 0.0125170036108452 
0.000261984240117457 0.984814760353714 0.0128224388862115 0.00210081651995699 
0.00210081651995699 0.0128224388862115 0.984814760353714 0.000261984240117457 
0.0125170036108452 0.00015789705263879 0.0017521610743232 0.985572938262193 


