4 5

0.367811873089522 0.132188126910478 0.132188126910478 0.367811873089522 

0.634166519786913 0.017721422037883 0.0226767084411881 0.325435349734016 
0.0393774465332694 0.48004289449365 0.479474989639328 0.00110466933375209 
0.00110466933375209 0.479474989639328 0.48004289449365 0.0393774465332694 
0.325435349734016 0.0226767084411881 0.017721422037883 0.634166519786913 

0.67718671178268 9.36174742719176e-05 0.219926166294167 0.102793504448881 
0.000279410566949856 0.393721979111172 0.260099715780355 0.345898894541524 
0.345898894541524 0.260099715780355 0.393721979111172 0.000279410566949856 
0.102793504448881 0.219926166294167 9.36174742719176e-05 0.67718671178268 

0.542484552248561 0.106154229923407 0.0274564757957069 0.323904742032326 
0.463008598441961 0.308324054921003 0.161306969099841 0.0673603775371959 
0.0673603775371959 0.161306969099841 0.308324054921003 0.463008598441961 
0.323904742032326 0.0274564757957069 0.106154229923407 0.542484552248561 

0.398641478740426 0.135277404930654 0.0701309176916529 0.395950198637267 
0.00630937151646782 0.639879132071645 0.352820270006648 0.000991226405238855 
0.000991226405238855 0.352820270006648 0.639879132071645 0.00630937151646782 
0.395950198637267 0.0701309176916529 0.135277404930654 0.398641478740426 

0.646337710339219 0.0347400056832871 0.0592820054363596 0.259640278541134 
0.172284088982511 0.258701852067861 0.24709867482827 0.321915384121358 
0.321915384121358 0.24709867482827 0.258701852067861 0.172284088982511 
0.259640278541134 0.0592820054363596 0.0347400056832871 0.646337710339219 


