4 5

0.382975675631315 0.117024324368685 0.117024324368685 0.382975675631315 

0.68020778980015 0.206951955377303 0.0449042395262773 0.06793601529627 
0.449743070283843 0.331236205392567 0.212144773299504 0.00687595102408628 
0.00687595102408628 0.212144773299504 0.331236205392567 0.449743070283843 
0.06793601529627 0.0449042395262773 0.206951955377303 0.68020778980015 

0.920788749818348 0.00246514540789499 0.0107014431209713 0.0660446616527858 
0.041613408706685 0.369240538492714 0.366957708252073 0.222188344548528 
0.222188344548528 0.366957708252073 0.369240538492714 0.041613408706685 
0.0660446616527858 0.0107014431209713 0.00246514540789499 0.920788749818348 

0.468199462005443 0.0229541211559387 0.0408933196735925 0.467953097165026 
0.0325394441970749 0.649182338324603 0.302044676857056 0.0162335406212656 
0.0162335406212656 0.302044676857056 0.649182338324603 0.0325394441970749 
0.467953097165026 0.0408933196735925 0.0229541211559387 0.468199462005443 

0.45649536791441 0.0511462068527114 0.0367505442039492 0.455607881028929 
0.00404075081923002 0.737657126027163 0.258155929590072 0.000146193563535101 
0.000146193563535101 0.258155929590072 0.737657126027163 0.00404075081923002 
0.455607881028929 0.0367505442039492 0.0511462068527114 0.45649536791441 

0.653626644991134 0.0120921373252364 0.123440316737983 0.210840900945646 
0.0944948375753155 0.205922425251709 0.0643064380365501 0.635276299136425 
0.635276299136425 0.0643064380365501 0.205922425251709 0.0944948375753155 
0.210840900945646 0.123440316737983 0.0120921373252364 0.653626644991134 


