4 5

0.325379801215604 0.174620198784396 0.174620198784396 0.325379801215604 

0.493633388003823 0.00669126192844625 0.00679167736344945 0.492883672704281 
0.00746466576775251 0.722215092285323 0.259837543978366 0.0104826979685577 
0.0104826979685577 0.259837543978366 0.722215092285323 0.00746466576775251 
0.492883672704281 0.00679167736344945 0.00669126192844625 0.493633388003823 

0.783433765621408 0.0215193261625925 0.148846857368991 0.0462000508470088 
0.00860924100471342 0.469951371831688 0.460275904489172 0.0611634826744265 
0.0611634826744265 0.460275904489172 0.469951371831688 0.00860924100471342 
0.0462000508470088 0.148846857368991 0.0215193261625925 0.783433765621408 

0.456285618454025 0.236169385983987 0.139050613650782 0.168494381911206 
0.431493197620443 0.31450974233892 0.183257169004859 0.0707398910357769 
0.0707398910357769 0.183257169004859 0.31450974233892 0.431493197620443 
0.168494381911206 0.139050613650782 0.236169385983987 0.456285618454025 

0.372020813604713 0.112447455625999 0.185367173558561 0.330164557210726 
0.0288843776957913 0.578277495583503 0.103304751669951 0.289533375050754 
0.289533375050754 0.103304751669951 0.578277495583503 0.0288843776957913 
0.330164557210726 0.185367173558561 0.112447455625999 0.372020813604713 

0.631183824804201 0.0146808015002137 0.0086468234677358 0.345488550227849 
0.317613210778902 0.228040228671035 0.223466097832644 0.23088046271742 
0.23088046271742 0.223466097832644 0.228040228671035 0.317613210778902 
0.345488550227849 0.0086468234677358 0.0146808015002137 0.631183824804201 


