4 5

0.320934897637926 0.179065102362074 0.179065102362074 0.320934897637926 

0.992847678982324 0.000477785977319815 1.80284221247567e-05 0.00665650661823192 
0.00129540534886835 0.977615339304855 0.0174781053691681 0.00361114997710904 
0.00361114997710904 0.0174781053691681 0.977615339304855 0.00129540534886835 
0.00665650661823192 1.80284221247567e-05 0.000477785977319815 0.992847678982324 

0.995873848623571 0.00186939831347643 3.49601564508936e-06 0.00225325704730783 
0.000776035056188018 0.974775512739734 0.0243921627214146 5.62894826632747e-05 
5.62894826632747e-05 0.0243921627214146 0.974775512739734 0.000776035056188018 
0.00225325704730783 3.49601564508936e-06 0.00186939831347643 0.995873848623571 

0.976891454241191 0.000148412098777152 0.000147719282600699 0.0228124143774312 
8.29313018814391e-05 0.993691588876791 0.00614394700242998 8.15328188977561e-05 
8.15328188977561e-05 0.00614394700242998 0.993691588876791 8.29313018814391e-05 
0.0228124143774312 0.000147719282600699 0.000148412098777152 0.976891454241191 

0.988014618139723 0.00178860311090545 0.00171704151822727 0.0084797372311447 
0.0011938440967708 0.982389338760571 0.0161535597901309 0.000263257352527428 
0.000263257352527428 0.0161535597901309 0.982389338760571 0.0011938440967708 
0.0084797372311447 0.00171704151822727 0.00178860311090545 0.988014618139723 

0.987596983214115 0.00140177386077744 6.29315309926888e-05 0.0109383113941144 
1.8966567067451e-05 0.982841283085885 0.0170459256518163 9.38246952315659e-05 
9.38246952315659e-05 0.0170459256518163 0.982841283085885 1.8966567067451e-05 
0.0109383113941144 6.29315309926888e-05 0.00140177386077744 0.987596983214115 


