4 5

0.451743062003516 0.0482569379964843 0.0482569379964843 0.451743062003516 

0.241525202332819 0.497016828107276 0.0637176761866349 0.197740293373269 
0.0418875497596802 0.731541812592672 0.0845017062286667 0.142068931418981 
0.142068931418981 0.0845017062286667 0.731541812592672 0.0418875497596802 
0.197740293373269 0.0637176761866349 0.497016828107276 0.241525202332819 

0.42954119958928 0.000974000544413989 0.190736626057794 0.378748173808512 
0.000107200235462783 0.87506516056499 0.0341564188949287 0.0906712203046189 
0.0906712203046189 0.0341564188949287 0.87506516056499 0.000107200235462783 
0.378748173808512 0.190736626057794 0.000974000544413989 0.42954119958928 

0.464391986339038 0.00348577873237029 0.0828949450585295 0.449227289870063 
0.21058054677344 0.764544012925865 0.00643180349509742 0.0184436368055971 
0.0184436368055971 0.00643180349509742 0.764544012925865 0.21058054677344 
0.449227289870063 0.0828949450585295 0.00348577873237029 0.464391986339038 

0.523173383808723 0.00496749876395385 0.0130760694101806 0.458783048017143 
0.2132549303716 0.562214829947147 0.210200192861799 0.0143300468194534 
0.0143300468194534 0.210200192861799 0.562214829947147 0.2132549303716 
0.458783048017143 0.0130760694101806 0.00496749876395385 0.523173383808723 

0.285622751039342 0.397549566211704 0.206446660949203 0.110381021799752 
0.0137944581019298 0.623699069956861 0.34204798871707 0.020458483224139 
0.020458483224139 0.34204798871707 0.623699069956861 0.0137944581019298 
0.110381021799752 0.206446660949203 0.397549566211704 0.285622751039342 


