4 5

0.319584074080922 0.180415925919078 0.180415925919078 0.319584074080922 

0.442833205288811 0.23935367362543 0.00549451517508931 0.31231860591067 
0.0129308454194477 0.506410410447414 0.480342606714426 0.000316137418712579 
0.000316137418712579 0.480342606714426 0.506410410447414 0.0129308454194477 
0.31231860591067 0.00549451517508931 0.23935367362543 0.442833205288811 

0.427174327663314 0.226519976170452 0.0776056137234133 0.268700082442821 
0.35264873156626 0.449584838606917 0.153095448440385 0.0446709813864375 
0.0446709813864375 0.153095448440385 0.449584838606917 0.35264873156626 
0.268700082442821 0.0776056137234133 0.226519976170452 0.427174327663314 

0.734241399103302 0.00114057071997525 0.00427667537777649 0.260341354798946 
0.00237553059449921 0.491360377291853 0.49054716966453 0.0157169224491176 
0.0157169224491176 0.49054716966453 0.491360377291853 0.00237553059449921 
0.260341354798946 0.00427667537777649 0.00114057071997525 0.734241399103302 

0.849401508442611 0.027578379926499 0.0393758231624293 0.0836442884684608 
0.0325761098375174 0.408213251040758 0.405764667002626 0.153445972119098 
0.153445972119098 0.405764667002626 0.408213251040758 0.0325761098375174 
0.0836442884684608 0.0393758231624293 0.027578379926499 0.849401508442611 

0.61677648799594 0.0098211429053746 0.0288382370461029 0.344564132052583 
0.0282181477858489 0.480684080744998 0.480585292421637 0.0105124790475159 
0.0105124790475159 0.480585292421637 0.480684080744998 0.0282181477858489 
0.344564132052583 0.0288382370461029 0.0098211429053746 0.61677648799594 


