4 5

0.079530488117598 0.420469511882402 0.420469511882402 0.079530488117598 

0.437020731178706 0.0316757462647721 0.397637632278297 0.133665890278225 
0.0924517439804586 0.410290646454122 0.392574038628481 0.104683570936939 
0.104683570936939 0.392574038628481 0.410290646454122 0.0924517439804586 
0.133665890278225 0.397637632278297 0.0316757462647721 0.437020731178706 

0.442390840969761 0.0156925939954034 0.171079388128265 0.370837176906572 
0.00763054800294603 0.631631734717634 0.122433282467701 0.238304434811719 
0.238304434811719 0.122433282467701 0.631631734717634 0.00763054800294603 
0.370837176906572 0.171079388128265 0.0156925939954034 0.442390840969761 

0.716268242283301 0.00151222375527184 0.000229223838014251 0.281990310123413 
0.329094120595226 0.333547553367584 0.33142813320033 0.00593019283685975 
0.00593019283685975 0.33142813320033 0.333547553367584 0.329094120595226 
0.281990310123413 0.000229223838014251 0.00151222375527184 0.716268242283301 

0.393315537175386 0.0515563835141978 0.197038359760334 0.358089719550083 
0.0079203547285319 0.572703249965608 0.364358404438769 0.0550179908670912 
0.0550179908670912 0.364358404438769 0.572703249965608 0.0079203547285319 
0.358089719550083 0.197038359760334 0.0515563835141978 0.393315537175386 

0.818897094606305 0.00935482501790941 3.98685425599919e-05 0.171708211833225 
0.0323390758049817 0.483238293781054 0.482261804922142 0.00216082549182198 
0.00216082549182198 0.482261804922142 0.483238293781054 0.0323390758049817 
0.171708211833225 3.98685425599919e-05 0.00935482501790941 0.818897094606305 


