4 5

0.249247521045618 0.250752478954382 0.250752478954382 0.249247521045618 

0.491933374681264 0.000655414016449585 0.0180476627552872 0.489363548546999 
0.00253492986075664 0.985031415706364 0.0118043585321194 0.000629295900759565 
0.000629295900759565 0.0118043585321194 0.985031415706364 0.00253492986075664 
0.489363548546999 0.0180476627552872 0.000655414016449585 0.491933374681264 

0.476006907412294 0.118092543152592 0.000449299121159118 0.405451250313955 
7.43252596128426e-05 0.506205224472095 0.48323108730347 0.0104893629648223 
0.0104893629648223 0.48323108730347 0.506205224472095 7.43252596128426e-05 
0.405451250313955 0.000449299121159118 0.118092543152592 0.476006907412294 

0.342522427923079 0.334346171662148 0.0379476650937315 0.285183735321042 
0.101590728129313 0.552133281001913 0.279257470298545 0.0670185205702289 
0.0670185205702289 0.279257470298545 0.552133281001913 0.101590728129313 
0.285183735321042 0.0379476650937315 0.334346171662148 0.342522427923079 

0.976867910283737 0.000837754926940702 0.00060207345697806 0.0216922613323441 
0.018836399971719 0.49170246765242 0.489048022480838 0.000413109895023489 
0.000413109895023489 0.489048022480838 0.49170246765242 0.018836399971719 
0.0216922613323441 0.00060207345697806 0.000837754926940702 0.976867910283737 

0.445985838425609 0.131072844915791 0.151244542218702 0.271696774439897 
0.0571184711782603 0.403934604503492 0.360370245617559 0.178576678700689 
0.178576678700689 0.360370245617559 0.403934604503492 0.0571184711782603 
0.271696774439897 0.151244542218702 0.131072844915791 0.445985838425609 


