4 5

0.0748477999586612 0.425152200041339 0.425152200041339 0.0748477999586612 

0.990607346154566 0.00542016928968795 0.00114456839758922 0.00282791615815642 
0.00030202344599949 0.989509488031449 0.00187899273258813 0.00830949578996388 
0.00830949578996388 0.00187899273258813 0.989509488031449 0.00030202344599949 
0.00282791615815642 0.00114456839758922 0.00542016928968795 0.990607346154566 

0.996406787269355 0.00158556943154966 0.00109585016218481 0.000911793136910033 
0.00530992969038113 0.983790197944284 0.00956687875783524 0.00133299360749917 
0.00133299360749917 0.00956687875783524 0.983790197944284 0.00530992969038113 
0.000911793136910033 0.00109585016218481 0.00158556943154966 0.996406787269355 

0.988551872070545 4.50038231048638e-06 0.00608608356611273 0.00535754398103194 
5.84826730155848e-05 0.991598784519243 0.00788096025848045 0.000461772549261248 
0.000461772549261248 0.00788096025848045 0.991598784519243 5.84826730155848e-05 
0.00535754398103194 0.00608608356611273 4.50038231048638e-06 0.988551872070545 

0.989377434217406 0.000844242413738078 0.00405760654637662 0.0057207168224796 
0.00641657093597436 0.990752837948771 0.000909278172365358 0.00192131294288956 
0.00192131294288956 0.000909278172365358 0.990752837948771 0.00641657093597436 
0.0057207168224796 0.00405760654637662 0.000844242413738078 0.989377434217406 

0.986182147171171 0.0117688695423879 0.000342862904950543 0.00170612038149087 
3.80428319571237e-05 0.993936526066424 0.000359131863479467 0.00566629923813895 
0.00566629923813895 0.000359131863479467 0.993936526066424 3.80428319571237e-05 
0.00170612038149087 0.000342862904950543 0.0117688695423879 0.986182147171171 


