4 5

0.35312723973766 0.14687276026234 0.14687276026234 0.35312723973766 

0.616392222101015 0.00472399800300208 0.337067340475461 0.0418164394205227 
0.0151036488711171 0.473011726045101 0.232536791905666 0.279347833178116 
0.279347833178116 0.232536791905666 0.473011726045101 0.0151036488711171 
0.0418164394205227 0.337067340475461 0.00472399800300208 0.616392222101015 

0.793410591012925 0.0924504932837613 0.017075233208917 0.0970636824943966 
0.0968968402727204 0.366367367299753 0.333328861469345 0.203406930958181 
0.203406930958181 0.333328861469345 0.366367367299753 0.0968968402727204 
0.0970636824943966 0.017075233208917 0.0924504932837613 0.793410591012925 

0.554018939697298 0.0181440231623841 0.0289250851169158 0.398911952023402 
0.118026289687543 0.391733071150379 0.120194914980614 0.370045724181464 
0.370045724181464 0.120194914980614 0.391733071150379 0.118026289687543 
0.398911952023402 0.0289250851169158 0.0181440231623841 0.554018939697298 

0.561798398683647 2.1673853945841e-05 0.0141025495270388 0.424077377935369 
0.0246671920159321 0.431460918315212 0.168684204130576 0.37518768553828 
0.37518768553828 0.168684204130576 0.431460918315212 0.0246671920159321 
0.424077377935369 0.0141025495270388 2.1673853945841e-05 0.561798398683647 

0.23634072816944 0.412334490815209 0.177638790962584 0.173685990052767 
0.0291581434682545 0.897528152914268 0.0532520434282597 0.0200616601892174 
0.0200616601892174 0.0532520434282597 0.897528152914268 0.0291581434682545 
0.173685990052767 0.177638790962584 0.412334490815209 0.23634072816944 


