4 5

0.00828862190246582 0.491711378097534 0.491711378097534 0.00828862190246582 

0.990470481576619 0.000192881023488527 0.00221028067046485 0.00712635672942724 
0.00663224540275697 0.979886432516084 0.0120893557369746 0.00139196634418427 
0.00139196634418427 0.0120893557369746 0.979886432516084 0.00663224540275697 
0.00712635672942724 0.00221028067046485 0.000192881023488527 0.990470481576619 

0.986895980260737 0.00987624363604308 0.00035557653821575 0.00287219956500451 
0.00650466903592648 0.98341616072235 0.00533666184835602 0.00474250839336789 
0.00474250839336789 0.00533666184835602 0.98341616072235 0.00650466903592648 
0.00287219956500451 0.00035557653821575 0.00987624363604308 0.986895980260737 

0.987223517523078 0.00639419649352998 0.00130687212322681 0.00507541386016497 
0.000603500896073646 0.983128155351065 0.0143023781454912 0.00196596560737038 
0.00196596560737038 0.0143023781454912 0.983128155351065 0.000603500896073646 
0.00507541386016497 0.00130687212322681 0.00639419649352998 0.987223517523078 

0.991662442663228 0.000115923757125414 0.00083141431115199 0.00739021926849431 
1.72261501562865e-05 0.978856104441211 0.0209429914301456 0.000183677978486756 
0.000183677978486756 0.0209429914301456 0.978856104441211 1.72261501562865e-05 
0.00739021926849431 0.00083141431115199 0.000115923757125414 0.991662442663228 

0.991192183123649 0.000181682341254191 5.29841779946544e-06 0.00862083611729775 
1.27295330069795e-05 0.979303349307079 0.0196578960967195 0.00102602506319453 
0.00102602506319453 0.0196578960967195 0.979303349307079 1.27295330069795e-05 
0.00862083611729775 5.29841779946544e-06 0.000181682341254191 0.991192183123649 


