4 5

0.218845744151622 0.281154255848378 0.281154255848378 0.218845744151622 

0.99522379466435 0.00408226097140594 0.000384453450743694 0.000309490913500743 
0.0200208543899186 0.975192748040676 0.00380496525913238 0.000981432310273039 
0.000981432310273039 0.00380496525913238 0.975192748040676 0.0200208543899186 
0.000309490913500743 0.000384453450743694 0.00408226097140594 0.99522379466435 

0.982591585892619 0.0137083125738692 0.0004188691286412 0.00328123240487055 
3.36197665194568e-05 0.987650899280151 0.00229996089125245 0.010015520062077 
0.010015520062077 0.00229996089125245 0.987650899280151 3.36197665194568e-05 
0.00328123240487055 0.0004188691286412 0.0137083125738692 0.982591585892619 

0.980241560729815 0.000590442746782526 0.00174083510218173 0.0174271614212209 
0.00211858752000266 0.990176527201235 0.00104098530499164 0.00666389997377086 
0.00666389997377086 0.00104098530499164 0.990176527201235 0.00211858752000266 
0.0174271614212209 0.00174083510218173 0.000590442746782526 0.980241560729815 

0.988885199399004 0.00216180636901312 0.00603990269233886 0.00291309153964397 
0.0166188022945543 0.981395999801104 0.00179236945048944 0.000192828453851742 
0.000192828453851742 0.00179236945048944 0.981395999801104 0.0166188022945543 
0.00291309153964397 0.00603990269233886 0.00216180636901312 0.988885199399004 

0.979528146894078 0.016503762384465 7.07198735091542e-05 0.00389737084794828 
4.9654633593495e-05 0.990736925513282 0.00126269022451364 0.00795072962861046 
0.00795072962861046 0.00126269022451364 0.990736925513282 4.9654633593495e-05 
0.00389737084794828 7.07198735091542e-05 0.016503762384465 0.979528146894078 


