4 5

0.173158345045522 0.326841654954478 0.326841654954478 0.173158345045522 

0.922650438297096 0.00244695680982699 0.00765578776090458 0.067246817132172 
5.64407076291133e-05 0.500871876008329 0.497934428829417 0.00113725445462531 
0.00113725445462531 0.497934428829417 0.500871876008329 5.64407076291133e-05 
0.067246817132172 0.00765578776090458 0.00244695680982699 0.922650438297096 

0.706664518227494 0.0681651588828154 0.0400451417425619 0.185125181147129 
0.0412205467665361 0.478515680645598 0.471136922434738 0.00912685015312786 
0.00912685015312786 0.471136922434738 0.478515680645598 0.0412205467665361 
0.185125181147129 0.0400451417425619 0.0681651588828154 0.706664518227494 

0.603747278855834 0.0612968683800418 0.296875056343189 0.0380807964209348 
0.076920428152347 0.374961402742427 0.0084217802927522 0.539696388812474 
0.539696388812474 0.0084217802927522 0.374961402742427 0.076920428152347 
0.0380807964209348 0.296875056343189 0.0612968683800418 0.603747278855834 

0.401970674151861 0.250140487554787 0.0027613795699289 0.345127458723423 
0.116652450514121 0.703043622853146 0.169981318268886 0.0103226083638473 
0.0103226083638473 0.169981318268886 0.703043622853146 0.116652450514121 
0.345127458723423 0.0027613795699289 0.250140487554787 0.401970674151861 

0.385745514248066 0.0434199911779042 0.331909297606677 0.238925196967352 
0.0848333567081387 0.544493796925453 0.0862764673135016 0.284396379052907 
0.284396379052907 0.0862764673135016 0.544493796925453 0.0848333567081387 
0.238925196967352 0.331909297606677 0.0434199911779042 0.385745514248066 


