4 5

0.17766092880629 0.32233907119371 0.32233907119371 0.17766092880629 

0.987702857671233 0.00114613336315223 0.0111448645318081 6.14443380636542e-06 
0.000856907811828819 0.98269770541173 0.00158718048240825 0.0148582062940332 
0.0148582062940332 0.00158718048240825 0.98269770541173 0.000856907811828819 
6.14443380636542e-06 0.0111448645318081 0.00114613336315223 0.987702857671233 

0.97998339738718 0.00373903844422222 0.00175202820895256 0.0145255359596455 
0.00369957277693774 0.990407423783343 0.0058431453461788 4.98580935401178e-05 
4.98580935401178e-05 0.0058431453461788 0.990407423783343 0.00369957277693774 
0.0145255359596455 0.00175202820895256 0.00373903844422222 0.97998339738718 

0.987467837223696 0.00280541305204305 0.00452413958441325 0.00520261013984807 
0.00386981395296712 0.982836866586611 0.0036368713177482 0.00965644814267422 
0.00965644814267422 0.0036368713177482 0.982836866586611 0.00386981395296712 
0.00520261013984807 0.00452413958441325 0.00280541305204305 0.987467837223696 

0.987251118293276 0.000499224639339005 0.000184516340931793 0.0120651407264533 
0.00192819110747965 0.983085749232806 0.00802348384180779 0.00696257581790639 
0.00696257581790639 0.00802348384180779 0.983085749232806 0.00192819110747965 
0.0120651407264533 0.000184516340931793 0.000499224639339005 0.987251118293276 

0.979623158264324 7.15636720261684e-05 0.00274618623490046 0.0175590918287493 
0.000390857849935773 0.990813169852812 0.00464232474928766 0.00415364754796475 
0.00415364754796475 0.00464232474928766 0.990813169852812 0.000390857849935773 
0.0175590918287493 0.00274618623490046 7.15636720261684e-05 0.979623158264324 


