4 5

0.138818348874338 0.361181651125662 0.361181651125662 0.138818348874338 

0.355963101160795 0.0108463888764739 0.397391627416619 0.235798882546113 
0.0106013829564331 0.660504314955368 0.185192905601128 0.14370139648707 
0.14370139648707 0.185192905601128 0.660504314955368 0.0106013829564331 
0.235798882546113 0.397391627416619 0.0108463888764739 0.355963101160795 

0.49343722962979 0.00729753461879878 0.2811147744476 0.218150461303811 
3.87171852810128e-05 0.506295860439309 0.492502539937104 0.00116288243830611 
0.00116288243830611 0.492502539937104 0.506295860439309 3.87171852810128e-05 
0.218150461303811 0.2811147744476 0.00729753461879878 0.49343722962979 

0.478897228827453 0.0163663908799665 0.0337220343921128 0.471014345900468 
0.00444539106737718 0.663055401328425 0.327510504665101 0.00498870293909681 
0.00498870293909681 0.327510504665101 0.663055401328425 0.00444539106737718 
0.471014345900468 0.0337220343921128 0.0163663908799665 0.478897228827453 

0.581221241838469 0.144844970558095 0.0401088358988327 0.233824951704603 
0.034630436659279 0.490447374408266 0.471775502133643 0.00314668679881197 
0.00314668679881197 0.471775502133643 0.490447374408266 0.034630436659279 
0.233824951704603 0.0401088358988327 0.144844970558095 0.581221241838469 

0.426700634557371 0.134732618010277 0.0154262840917309 0.423140463340621 
0.000347420588101759 0.909385449053094 0.0899057042682771 0.000361426090526935 
0.000361426090526935 0.0899057042682771 0.909385449053094 0.000347420588101759 
0.423140463340621 0.0154262840917309 0.134732618010277 0.426700634557371 


