4 5

0.289849579683505 0.210150420316495 0.210150420316495 0.289849579683505 

0.985734198708174 0.00717569727885327 0.000656360538579635 0.00643374347439302 
1.2884784643806e-05 0.974842073919064 0.0154281081110569 0.00971693318523501 
0.00971693318523501 0.0154281081110569 0.974842073919064 1.2884784643806e-05 
0.00643374347439302 0.000656360538579635 0.00717569727885327 0.985734198708174 

0.990588340696386 0.00105837514097103 0.00445742371445472 0.00389586044818874 
3.99118707616625e-06 0.970368833254239 0.0292781299962614 0.000349045562423547 
0.000349045562423547 0.0292781299962614 0.970368833254239 3.99118707616625e-06 
0.00389586044818874 0.00445742371445472 0.00105837514097103 0.990588340696386 

0.995308571399945 0.00362919523441536 6.07745804033686e-05 0.00100145878523616 
0.00544767464412147 0.965340382559118 0.000782327498427604 0.0284296152983325 
0.0284296152983325 0.000782327498427604 0.965340382559118 0.00544767464412147 
0.00100145878523616 6.07745804033686e-05 0.00362919523441536 0.995308571399945 

0.967433791597729 0.0240635886788047 0.00584011510632634 0.00266250461713968 
0.00505760061606366 0.993271327108283 1.82547256273868e-05 0.00165281755002587 
0.00165281755002587 1.82547256273868e-05 0.993271327108283 0.00505760061606366 
0.00266250461713968 0.00584011510632634 0.0240635886788047 0.967433791597729 

0.972969894415384 0.000370090300149967 0.0243498273865675 0.00231018789789816 
0.00385164499824488 0.987543388447478 0.00734062269589719 0.00126434385838036 
0.00126434385838036 0.00734062269589719 0.987543388447478 0.00385164499824488 
0.00231018789789816 0.0243498273865675 0.000370090300149967 0.972969894415384 


