4 5

0.301633364404552 0.198366635595448 0.198366635595448 0.301633364404552 

0.91552965898909 0.0107955912948397 0.00528653284311974 0.0683882168729504 
0.680232636801946 0.161169369123559 0.0418458587381212 0.116752135336374 
0.116752135336374 0.0418458587381212 0.161169369123559 0.680232636801946 
0.0683882168729504 0.00528653284311974 0.0107955912948397 0.91552965898909 

0.566781685357386 0.0155060130745327 0.0395968386263543 0.378115462941727 
0.132189092278336 0.362761730739957 0.00271416419000586 0.502335012791701 
0.502335012791701 0.00271416419000586 0.362761730739957 0.132189092278336 
0.378115462941727 0.0395968386263543 0.0155060130745327 0.566781685357386 

0.312631503976018 0.516416666915384 0.00886855074636983 0.162083278362227 
0.131032654438879 0.81941176290091 0.0417521470116849 0.00780343564852664 
0.00780343564852664 0.0417521470116849 0.81941176290091 0.131032654438879 
0.162083278362227 0.00886855074636983 0.516416666915384 0.312631503976018 

0.665099784704651 0.153530507741378 0.0345989617288681 0.146770745825103 
0.0430258852307469 0.238965645801872 0.210260360387652 0.507748108579729 
0.507748108579729 0.210260360387652 0.238965645801872 0.0430258852307469 
0.146770745825103 0.0345989617288681 0.153530507741378 0.665099784704651 

0.864599039192331 0.000639286891481042 0.0160192214449986 0.118742452471189 
0.189665989955995 0.415660182953419 0.388245759160473 0.00642806793011183 
0.00642806793011183 0.388245759160473 0.415660182953419 0.189665989955995 
0.118742452471189 0.0160192214449986 0.000639286891481042 0.864599039192331 


