4 5

0.192275951150805 0.307724048849195 0.307724048849195 0.192275951150805 

0.989797984230043 0.00791546594660889 0.00191763393091701 0.000368915892430766 
0.000264373547025651 0.990321297110366 0.000479898816386992 0.00893443052622182 
0.00893443052622182 0.000479898816386992 0.990321297110366 0.000264373547025651 
0.000368915892430766 0.00191763393091701 0.00791546594660889 0.989797984230043 

0.985313891040275 1.00172494109617e-05 0.00556251309140643 0.00911357861890771 
0.00409373473812293 0.994855639363339 0.000218891186942183 0.000831734711596236 
0.000831734711596236 0.000218891186942183 0.994855639363339 0.00409373473812293 
0.00911357861890771 0.00556251309140643 1.00172494109617e-05 0.985313891040275 

0.98885166343543 0.00106662800602877 6.09748055333272e-05 0.0100207337530083 
0.000402672377826937 0.991334512956702 0.00817631997624607 8.64946892245506e-05 
8.64946892245506e-05 0.00817631997624607 0.991334512956702 0.000402672377826937 
0.0100207337530083 6.09748055333272e-05 0.00106662800602877 0.98885166343543 

0.992303516908073 0.00342313843109119 0.00146720848939854 0.00280613617143743 
0.000162590748617315 0.987870787721331 0.0112426151925363 0.000724006337515386 
0.000724006337515386 0.0112426151925363 0.987870787721331 0.000162590748617315 
0.00280613617143743 0.00146720848939854 0.00342313843109119 0.992303516908073 

0.993400114320553 0.00632832223271279 3.37543005399284e-05 0.000237809146194312 
0.0124420636353932 0.986790171341259 0.000147715386836555 0.000620049636511528 
0.000620049636511528 0.000147715386836555 0.986790171341259 0.0124420636353932 
0.000237809146194312 3.37543005399284e-05 0.00632832223271279 0.993400114320553 


