4 5

0.451112236944027 0.0488877630559728 0.0488877630559728 0.451112236944027 

0.477144234016757 0.00570242308466734 0.0797828534985841 0.437370489399992 
0.064103739229959 0.736361354650486 0.125974002962121 0.0735609031574334 
0.0735609031574334 0.125974002962121 0.736361354650486 0.064103739229959 
0.437370489399992 0.0797828534985841 0.00570242308466734 0.477144234016757 

0.989121242806865 0.00904798322188016 0.000243588823935607 0.0015871851473197 
0.0559432539477588 0.137583874525344 0.00323415034373647 0.803238721183161 
0.803238721183161 0.00323415034373647 0.137583874525344 0.0559432539477588 
0.0015871851473197 0.000243588823935607 0.00904798322188016 0.989121242806865 

0.612569862201499 0.0885425009097197 0.00349604496228138 0.2953915919265 
0.046388539879244 0.220183188486232 0.161898804639212 0.571529466995311 
0.571529466995311 0.161898804639212 0.220183188486232 0.046388539879244 
0.2953915919265 0.00349604496228138 0.0885425009097197 0.612569862201499 

0.715703423868135 0.0531295708147671 0.00799420191795266 0.223172803399146 
0.00153268771131784 0.464709763443641 0.429486541482485 0.104271007362556 
0.104271007362556 0.429486541482485 0.464709763443641 0.00153268771131784 
0.223172803399146 0.00799420191795266 0.0531295708147671 0.715703423868135 

0.348482251812037 0.389901999967442 0.0128962205788182 0.248719527641703 
0.000250017409860116 0.522769473251775 0.414484988390961 0.0624955209474039 
0.0624955209474039 0.414484988390961 0.522769473251775 0.000250017409860116 
0.248719527641703 0.0128962205788182 0.389901999967442 0.348482251812037 


