4 5

0.414140124688856 0.0858598753111437 0.0858598753111437 0.414140124688856 

0.978192256436662 0.000651957373373878 0.0122172047982595 0.00893858139170495 
0.000386895612261171 0.992174333497196 0.00386423337273029 0.00357453751781307 
0.00357453751781307 0.00386423337273029 0.992174333497196 0.000386895612261171 
0.00893858139170495 0.0122172047982595 0.000651957373373878 0.978192256436662 

0.985580616707185 0.000235596795577529 0.00809742699486867 0.00608635950236847 
0.00482387879336205 0.984717926500758 0.0103008502762449 0.000157344429634824 
0.000157344429634824 0.0103008502762449 0.984717926500758 0.00482387879336205 
0.00608635950236847 0.00809742699486867 0.000235596795577529 0.985580616707185 

0.987374930837804 0.00261904327917243 0.00118740099081179 0.00881862489221147 
0.00101913069026109 0.982959013543833 0.0105584856999686 0.0054633700659374 
0.0054633700659374 0.0105584856999686 0.982959013543833 0.00101913069026109 
0.00881862489221147 0.00118740099081179 0.00261904327917243 0.987374930837804 

0.97982887422071 0.000267942995735627 0.00464966784724763 0.0152535149363063 
0.00654494048951595 0.990552957541956 0.00138329426517625 0.0015188077033522 
0.0015188077033522 0.00138329426517625 0.990552957541956 0.00654494048951595 
0.0152535149363063 0.00464966784724763 0.000267942995735627 0.97982887422071 

0.98134036974552 0.00459630152316538 0.000434497907581758 0.0136288308237332 
0.00130076387920395 0.98902858090217 0.0074906764429557 0.00217997877567036 
0.00217997877567036 0.0074906764429557 0.98902858090217 0.00130076387920395 
0.0136288308237332 0.000434497907581758 0.00459630152316538 0.98134036974552 


