4 5

0.163410202250816 0.336589797749184 0.336589797749184 0.163410202250816 

0.991795583229063 0.0010439336131889 0.00324610525180633 0.00391437790594146 
0.0117663508160435 0.978519577882897 0.00310865370055941 0.00660541760049985 
0.00660541760049985 0.00310865370055941 0.978519577882897 0.0117663508160435 
0.00391437790594146 0.00324610525180633 0.0010439336131889 0.991795583229063 

0.979965795703623 0.000629090381276441 0.0004607918218983 0.0189443220932018 
0.0017030722347386 0.990498362266052 0.007294620624128 0.000503944875081813 
0.000503944875081813 0.007294620624128 0.990498362266052 0.0017030722347386 
0.0189443220932018 0.0004607918218983 0.000629090381276441 0.979965795703623 

0.991649061999087 7.88632950304607e-06 3.55088263168126e-05 0.00830754284509277 
0.000396640831797187 0.97887124500868 0.0207044230113885 2.76911481347818e-05 
2.76911481347818e-05 0.0207044230113885 0.97887124500868 0.000396640831797187 
0.00830754284509277 3.55088263168126e-05 7.88632950304607e-06 0.991649061999087 

0.987575579658499 0.000127263854526145 2.8080332683382e-05 0.0122690761542911 
0.0110094488375139 0.982748586184903 0.00575891426300862 0.000483050714574751 
0.000483050714574751 0.00575891426300862 0.982748586184903 0.0110094488375139 
0.0122690761542911 2.8080332683382e-05 0.000127263854526145 0.987575579658499 

0.986547558907251 0.00266811776721003 0.000471227299983126 0.0103130960255563 
0.000628618229483723 0.983855512878288 0.0154704961631607 4.53727290670844e-05 
4.53727290670844e-05 0.0154704961631607 0.983855512878288 0.000628618229483723 
0.0103130960255563 0.000471227299983126 0.00266811776721003 0.986547558907251 


