4 5

0.385721475584432 0.114278524415568 0.114278524415568 0.385721475584432 

0.715073831328913 0.056601760788382 0.209660327436957 0.0186640804457476 
0.0394119917239086 0.484969829144184 0.448158372731915 0.0274598063999923 
0.0274598063999923 0.448158372731915 0.484969829144184 0.0394119917239086 
0.0186640804457476 0.209660327436957 0.056601760788382 0.715073831328913 

0.747689182167233 0.00982097210908184 0.000842402386359461 0.241647443337325 
0.0597592659045048 0.388737284306357 0.341082101914857 0.210421347874281 
0.210421347874281 0.341082101914857 0.388737284306357 0.0597592659045048 
0.241647443337325 0.000842402386359461 0.00982097210908184 0.747689182167233 

0.330147639547922 0.282940047512535 0.100464144652982 0.286448168286561 
0.00800775973156368 0.75228500034655 0.186462816308994 0.0532444236128929 
0.0532444236128929 0.186462816308994 0.75228500034655 0.00800775973156368 
0.286448168286561 0.100464144652982 0.282940047512535 0.330147639547922 

0.531796886109693 0.275172296662239 0.00827057744963033 0.184760239778438 
0.261555883697468 0.520335280530938 0.208213724558479 0.00989511121311493 
0.00989511121311493 0.208213724558479 0.520335280530938 0.261555883697468 
0.184760239778438 0.00827057744963033 0.275172296662239 0.531796886109693 

0.314338735105853 0.685273068048573 0.000363403297684639 2.47935478899508e-05 
2.93783191923636e-06 0.729301534129401 0.000569098104844179 0.270126429933835 
0.270126429933835 0.000569098104844179 0.729301534129401 2.93783191923636e-06 
2.47935478899508e-05 0.000363403297684639 0.685273068048573 0.314338735105853 


