4 5

0.0283729364164174 0.471627063583583 0.471627063583583 0.0283729364164174 

0.988273961941979 0.0055373319887175 0.00124515627830871 0.00494354979099448 
0.000842841107237828 0.98206281017447 0.0125774791576245 0.00451686956066792 
0.00451686956066792 0.0125774791576245 0.98206281017447 0.000842841107237828 
0.00494354979099448 0.00124515627830871 0.0055373319887175 0.988273961941979 

0.973082960146282 0.000225043008667871 0.0262943647709055 0.000397632074144949 
0.00145998545644278 0.997294950893195 0.00108288447338517 0.000162179176977022 
0.000162179176977022 0.00108288447338517 0.997294950893195 0.00145998545644278 
0.000397632074144949 0.0262943647709055 0.000225043008667871 0.973082960146282 

0.978465974553324 0.00587087942919086 0.0152509791753673 0.000412166842118089 
0.000988824962832089 0.991841852543792 0.00636897896596567 0.000800343527410487 
0.000800343527410487 0.00636897896596567 0.991841852543792 0.000988824962832089 
0.000412166842118089 0.0152509791753673 0.00587087942919086 0.978465974553324 

0.979842900815062 5.55980201061568e-05 0.00661599802253152 0.0134855031423005 
0.000183049254077745 0.990550616332208 0.00283136714372917 0.00643496726998516 
0.00643496726998516 0.00283136714372917 0.990550616332208 0.000183049254077745 
0.0134855031423005 0.00661599802253152 5.55980201061568e-05 0.979842900815062 

0.988095577802057 0.00200533999440912 0.00642798299049916 0.00347109921303507 
0.00762677400601527 0.982211451987006 0.00250775433235118 0.0076540196746279 
0.0076540196746279 0.00250775433235118 0.982211451987006 0.00762677400601527 
0.00347109921303507 0.00642798299049916 0.00200533999440912 0.988095577802057 


