4 5

0.196771579794586 0.303228420205414 0.303228420205414 0.196771579794586 

0.52882182257646 0.00387301794522585 2.07170142598649e-06 0.467303087776888 
0.0911475335455361 0.446022041920873 0.435777741814637 0.0270526827189531 
0.0270526827189531 0.435777741814637 0.446022041920873 0.0911475335455361 
0.467303087776888 2.07170142598649e-06 0.00387301794522585 0.52882182257646 

0.588039511984842 0.0135235342269489 0.311027752390767 0.0874092013974422 
0.0795515343017056 0.346895709580051 0.11982434564884 0.453728410469403 
0.453728410469403 0.11982434564884 0.346895709580051 0.0795515343017056 
0.0874092013974422 0.311027752390767 0.0135235342269489 0.588039511984842 

0.374054421692999 0.0700015590986151 0.229257118366634 0.326686900841752 
0.0781663803503307 0.633922133970465 0.0382115838924623 0.249699901786742 
0.249699901786742 0.0382115838924623 0.633922133970465 0.0781663803503307 
0.326686900841752 0.229257118366634 0.0700015590986151 0.374054421692999 

0.375945872436603 0.274141007556289 0.234563199548144 0.115349920458964 
0.163567883088952 0.386218067561233 0.368547751000579 0.0816662983492355 
0.0816662983492355 0.368547751000579 0.386218067561233 0.163567883088952 
0.115349920458964 0.234563199548144 0.274141007556289 0.375945872436603 

0.714243302296343 0.094169044896159 0.184013611970432 0.00757404083706631 
0.00456175352449049 0.480254706446882 0.475028331412346 0.0401552086162819 
0.0401552086162819 0.475028331412346 0.480254706446882 0.00456175352449049 
0.00757404083706631 0.184013611970432 0.094169044896159 0.714243302296343 


