4 5

0.0607118871994317 0.439288112800568 0.439288112800568 0.0607118871994317 

0.384041869952262 0.218913322063893 0.0622909429548293 0.334753865029015 
0.0542313881959722 0.789176517819585 0.126585602833431 0.030006491151012 
0.030006491151012 0.126585602833431 0.789176517819585 0.0542313881959722 
0.334753865029015 0.0622909429548293 0.218913322063893 0.384041869952262 

0.522437080284463 0.00100655536856429 0.00274551697040494 0.473810847376567 
0.11129418187392 0.634248712777134 0.155428119809789 0.099028985539158 
0.099028985539158 0.155428119809789 0.634248712777134 0.11129418187392 
0.473810847376567 0.00274551697040494 0.00100655536856429 0.522437080284463 

0.498925500649001 0.0636289275528377 0.146991668647687 0.290453903150474 
0.00365723698472876 0.552496158585959 0.440117778676497 0.00372882575281507 
0.00372882575281507 0.440117778676497 0.552496158585959 0.00365723698472876 
0.290453903150474 0.146991668647687 0.0636289275528377 0.498925500649001 

0.855885209526544 0.0357064890449302 0.0291738739277738 0.0792344275007522 
0.680968693286724 0.205363659046547 0.10278607553478 0.0108815721319494 
0.0108815721319494 0.10278607553478 0.205363659046547 0.680968693286724 
0.0792344275007522 0.0291738739277738 0.0357064890449302 0.855885209526544 

0.899527015359998 0.00168352994029544 0.0865454206170425 0.0122440340826639 
0.813665266626726 0.165795695192061 0.0118025722568547 0.00873646592435862 
0.00873646592435862 0.0118025722568547 0.165795695192061 0.813665266626726 
0.0122440340826639 0.0865454206170425 0.00168352994029544 0.899527015359998 


