4 5

0.439808400231414 0.0601915997685865 0.0601915997685865 0.439808400231414 

0.994273852698545 0.000153748719429946 4.68167126787222e-05 0.00552558186934593 
0.0194968967921172 0.966341655006119 0.000838268350937033 0.0133231798508264 
0.0133231798508264 0.000838268350937033 0.966341655006119 0.0194968967921172 
0.00552558186934593 4.68167126787222e-05 0.000153748719429946 0.994273852698545 

0.979561633355143 0.00363023196857868 0.000181340840046748 0.0166267938362315 
0.000144697372244272 0.981064711339083 0.0130126129279581 0.00577797836071485 
0.00577797836071485 0.0130126129279581 0.981064711339083 0.000144697372244272 
0.0166267938362315 0.000181340840046748 0.00363023196857868 0.979561633355143 

0.967058096304119 0.0261925525259142 0.00389602057615393 0.00285333059381249 
0.0044433972844326 0.993644353560619 0.00185358998041679 5.8659174531578e-05 
5.8659174531578e-05 0.00185358998041679 0.993644353560619 0.0044433972844326 
0.00285333059381249 0.00389602057615393 0.0261925525259142 0.967058096304119 

0.974247686828569 0.0172199003757775 0.00510659393472712 0.00342581886092691 
0.00359462776777734 0.986305595749516 0.00980247829809572 0.000297298184610851 
0.000297298184610851 0.00980247829809572 0.986305595749516 0.00359462776777734 
0.00342581886092691 0.00510659393472712 0.0172199003757775 0.974247686828569 

0.965718199043499 6.97317148565759e-05 0.000249755647914855 0.0339623135937291 
0.00187724572800162 0.99551522417343 0.00243607754176561 0.000171452556803078 
0.000171452556803078 0.00243607754176561 0.99551522417343 0.00187724572800162 
0.0339623135937291 0.000249755647914855 6.97317148565759e-05 0.965718199043499 


