4 5

0.216894568759017 0.283105431240983 0.283105431240983 0.216894568759017 

0.943740898384836 0.0117321359211793 0.000330925039168231 0.0441960406548163 
0.0441782539805371 0.488464026215536 0.466319109217631 0.0010386105862957 
0.0010386105862957 0.466319109217631 0.488464026215536 0.0441782539805371 
0.0441960406548163 0.000330925039168231 0.0117321359211793 0.943740898384836 

0.311499080609832 0.680737217450452 0.00112573981787045 0.00663796212184573 
0.0970997823089763 0.695560911119666 0.207318692209603 2.06143617553015e-05 
2.06143617553015e-05 0.207318692209603 0.695560911119666 0.0970997823089763 
0.00663796212184573 0.00112573981787045 0.680737217450452 0.311499080609832 

0.521097572586462 0.122699385954494 0.00212268582133646 0.354080355637707 
0.121637684730578 0.547515373312756 0.319917823129332 0.0109291188273334 
0.0109291188273334 0.319917823129332 0.547515373312756 0.121637684730578 
0.354080355637707 0.00212268582133646 0.122699385954494 0.521097572586462 

0.406739213469606 0.0555296290100464 0.17571358221352 0.362017575306828 
0.00675536253879752 0.858393489156815 0.0524404605875375 0.0824106877168503 
0.0824106877168503 0.0524404605875375 0.858393489156815 0.00675536253879752 
0.362017575306828 0.17571358221352 0.0555296290100464 0.406739213469606 

0.255767936423157 0.113540290697026 0.401152186228972 0.229539586650844 
0.13553025861686 0.715888414326313 0.144956229311014 0.00362509774581243 
0.00362509774581243 0.144956229311014 0.715888414326313 0.13553025861686 
0.229539586650844 0.401152186228972 0.113540290697026 0.255767936423157 


