4 5

0.10990687739104 0.39009312260896 0.39009312260896 0.10990687739104 

0.144947096570485 0.00620856084522881 0.848677273352633 0.000167069231653272 
0.0205613345964792 0.938097134292922 0.0412864881105552 5.50430000438931e-05 
5.50430000438931e-05 0.0412864881105552 0.938097134292922 0.0205613345964792 
0.000167069231653272 0.848677273352633 0.00620856084522881 0.144947096570485 

0.697242098096523 0.0297440432597067 0.18084746839769 0.0921663902460803 
0.304630235384455 0.279661142721092 0.108268052687487 0.307440569206966 
0.307440569206966 0.108268052687487 0.279661142721092 0.304630235384455 
0.0921663902460803 0.18084746839769 0.0297440432597067 0.697242098096523 

0.516322769864063 0.00848736361948069 0.000792302414109297 0.474397564102347 
0.00678526153480009 0.711224436257042 0.259814313122648 0.0221759890855101 
0.0221759890855101 0.259814313122648 0.711224436257042 0.00678526153480009 
0.474397564102347 0.000792302414109297 0.00848736361948069 0.516322769864063 

0.695200797096486 0.0387577092449776 0.00552714602317915 0.260514347635358 
0.0307611568555312 0.504640115441699 0.456939736096542 0.00765899160622781 
0.00765899160622781 0.456939736096542 0.504640115441699 0.0307611568555312 
0.260514347635358 0.00552714602317915 0.0387577092449776 0.695200797096486 

0.511386499715598 0.00178882091281897 6.23505829854063e-06 0.486818444313285 
1.28250734008875e-05 0.873125418971697 0.125023345185028 0.00183841076987407 
0.00183841076987407 0.125023345185028 0.873125418971697 1.28250734008875e-05 
0.486818444313285 6.23505829854063e-06 0.00178882091281897 0.511386499715598 


