4 5

0.0392632108414546 0.460736789158545 0.460736789158545 0.0392632108414546 

0.721464831794033 0.13815438050419 0.00830059847530532 0.132080189226472 
0.0976700380432212 0.479168836473055 0.417478257407174 0.00568286807655 
0.00568286807655 0.417478257407174 0.479168836473055 0.0976700380432212 
0.132080189226472 0.00830059847530532 0.13815438050419 0.721464831794033 

0.765351997527771 0.0558419163014177 0.00316692004263605 0.175639166128175 
0.0331237908938849 0.244420359384307 0.208526106746142 0.513929742975666 
0.513929742975666 0.208526106746142 0.244420359384307 0.0331237908938849 
0.175639166128175 0.00316692004263605 0.0558419163014177 0.765351997527771 

0.477840633114125 0.0608166944390714 0.00433351475428607 0.457009157692518 
0.00782048140051078 0.809795348866925 0.0461506548309467 0.136233514901618 
0.136233514901618 0.0461506548309467 0.809795348866925 0.00782048140051078 
0.457009157692518 0.00433351475428607 0.0608166944390714 0.477840633114125 

0.540964101609904 0.0359073840960366 0.404973999976636 0.0181545143174226 
0.000587929433437596 0.527722452874945 0.43562545206329 0.036064165628327 
0.036064165628327 0.43562545206329 0.527722452874945 0.000587929433437596 
0.0181545143174226 0.404973999976636 0.0359073840960366 0.540964101609904 

0.335749193203904 0.394408117920827 0.0233535062467289 0.24648918262854 
0.118585549305707 0.576738227476585 0.118384462849932 0.186291760367776 
0.186291760367776 0.118384462849932 0.576738227476585 0.118585549305707 
0.24648918262854 0.0233535062467289 0.394408117920827 0.335749193203904 


