4 5

0.029143399791792 0.470856600208208 0.470856600208208 0.029143399791792 

0.411097308266216 0.285659529707361 0.0531533885721824 0.25008977345424 
0.0390892558580057 0.468111787639296 0.365544669981851 0.127254286520847 
0.127254286520847 0.365544669981851 0.468111787639296 0.0390892558580057 
0.25008977345424 0.0531533885721824 0.285659529707361 0.411097308266216 

0.520655625911407 0.012106339293141 0.449213476482188 0.0180245583132641 
0.49346729004672 0.459788588508888 0.0447860918618672 0.00195802958252458 
0.00195802958252458 0.0447860918618672 0.459788588508888 0.49346729004672 
0.0180245583132641 0.449213476482188 0.012106339293141 0.520655625911407 

0.40508549543228 0.279124770389346 0.182853133400204 0.132936600778171 
0.31533882802908 0.55582076262718 0.0871066036810904 0.0417338056626496 
0.0417338056626496 0.0871066036810904 0.55582076262718 0.31533882802908 
0.132936600778171 0.182853133400204 0.279124770389346 0.40508549543228 

0.504839033246527 0.158030466013427 0.117409384126676 0.21972111661337 
0.000254865846314675 0.544215812411371 0.455490031508476 3.92902338390319e-05 
3.92902338390319e-05 0.455490031508476 0.544215812411371 0.000254865846314675 
0.21972111661337 0.117409384126676 0.158030466013427 0.504839033246527 

0.620378115526212 0.082412099141756 0.111781338137513 0.185428447194519 
0.390859050208988 0.310951770134273 0.195608511825468 0.102580667831271 
0.102580667831271 0.195608511825468 0.310951770134273 0.390859050208988 
0.185428447194519 0.111781338137513 0.082412099141756 0.620378115526212 


