4 5

0.407601387705654 0.0923986122943461 0.0923986122943461 0.407601387705654 

0.995421722327865 0.00045914954876876 1.36305662750534e-05 0.004105497557091 
0.00166542713578602 0.984725063025518 0.00418475433739657 0.00942475550129959 
0.00942475550129959 0.00418475433739657 0.984725063025518 0.00166542713578602 
0.004105497557091 1.36305662750534e-05 0.00045914954876876 0.995421722327865 

0.982179943613802 0.000491978319855465 0.0142844522993645 0.00304362576697786 
1.18657200986825e-05 0.997990669923585 0.00191073450563772 8.67298506786109e-05 
8.67298506786109e-05 0.00191073450563772 0.997990669923585 1.18657200986825e-05 
0.00304362576697786 0.0142844522993645 0.000491978319855465 0.982179943613802 

0.989443879193632 0.00109431657224347 0.000570554709417794 0.00889124952470627 
0.00587376145580145 0.990705376200292 0.00195511150702143 0.0014657508368847 
0.0014657508368847 0.00195511150702143 0.990705376200292 0.00587376145580145 
0.00889124952470627 0.000570554709417794 0.00109431657224347 0.989443879193632 

0.988033193597324 0.00875120122845957 0.000850422460363428 0.00236518271385322 
1.48956129316631e-07 0.992104833089016 0.00789294590716 2.07204769487103e-06 
2.07204769487103e-06 0.00789294590716 0.992104833089016 1.48956129316631e-07 
0.00236518271385322 0.000850422460363428 0.00875120122845957 0.988033193597324 

0.984158125622211 0.00776724037431319 0.00168702216293849 0.00638761184053699 
0.00065985875046226 0.996007188732948 0.00133037486827581 0.0020025776483138 
0.0020025776483138 0.00133037486827581 0.996007188732948 0.00065985875046226 
0.00638761184053699 0.00168702216293849 0.00776724037431319 0.984158125622211 


