4 5

0.447308461531065 0.0526915384689346 0.0526915384689346 0.447308461531065 

0.989879069405613 0.000632270542073935 0.00581635951953152 0.00367230053278139 
0.000206949937604109 0.990266949107545 0.00683918565636377 0.00268691529848681 
0.00268691529848681 0.00683918565636377 0.990266949107545 0.000206949937604109 
0.00367230053278139 0.00581635951953152 0.000632270542073935 0.989879069405613 

0.995597812292674 0.00260982006190152 0.00169203929520596 0.000100328350218504 
0.000233306596478741 0.984573097869941 0.00719212159187249 0.00800147394170797 
0.00800147394170797 0.00719212159187249 0.984573097869941 0.000233306596478741 
0.000100328350218504 0.00169203929520596 0.00260982006190152 0.995597812292674 

0.984053364218283 0.0035293000796139 0.00020878100511538 0.0122085546969881 
8.14075391089332e-05 0.996160439213419 0.000392705880274902 0.00336544736719743 
0.00336544736719743 0.000392705880274902 0.996160439213419 8.14075391089332e-05 
0.0122085546969881 0.00020878100511538 0.0035293000796139 0.984053364218283 

0.983483907472324 0.00168340079217814 0.0133373325597372 0.00149535917576105 
0.00258801900238464 0.996668093717441 0.00053405577089144 0.000209831509282727 
0.000209831509282727 0.00053405577089144 0.996668093717441 0.00258801900238464 
0.00149535917576105 0.0133373325597372 0.00168340079217814 0.983483907472324 

0.9960613494261 0.000313518349902842 0.00205951182772385 0.00156562039627312 
0.0121171113578555 0.984085402104918 0.0025410349590182 0.00125645157820844 
0.00125645157820844 0.0025410349590182 0.984085402104918 0.0121171113578555 
0.00156562039627312 0.00205951182772385 0.000313518349902842 0.9960613494261 


