4 5

0.404363755253144 0.0956362447468564 0.0956362447468564 0.404363755253144 

0.458510258330963 0.0086286041215898 0.102556890125452 0.430304247421996 
0.00153161375085977 0.914812276302965 0.0508890656548188 0.0327670442913567 
0.0327670442913567 0.0508890656548188 0.914812276302965 0.00153161375085977 
0.430304247421996 0.102556890125452 0.0086286041215898 0.458510258330963 

0.338887939037466 0.421975857835034 0.0472511318176861 0.191885071309814 
0.106930672203605 0.703340513155324 0.170983025308647 0.0187457893324239 
0.0187457893324239 0.170983025308647 0.703340513155324 0.106930672203605 
0.191885071309814 0.0472511318176861 0.421975857835034 0.338887939037466 

0.501133829056132 0.0119508039961975 0.0973363249089391 0.389579042038732 
0.0135945313641799 0.581582872920037 0.403805715181238 0.00101688053454482 
0.00101688053454482 0.403805715181238 0.581582872920037 0.0135945313641799 
0.389579042038732 0.0973363249089391 0.0119508039961975 0.501133829056132 

0.410047326562365 0.0387579800900997 0.324492930509421 0.226701762838114 
0.1530332374654 0.473830967929644 0.255029684589118 0.118106110015838 
0.118106110015838 0.255029684589118 0.473830967929644 0.1530332374654 
0.226701762838114 0.324492930509421 0.0387579800900997 0.410047326562365 

0.84378951973236 0.000700963872494288 0.00724385239496606 0.148265664000179 
0.000522576391987786 0.485224722302892 0.456484678239785 0.0577680230653354 
0.0577680230653354 0.456484678239785 0.485224722302892 0.000522576391987786 
0.148265664000179 0.00724385239496606 0.000700963872494288 0.84378951973236 


