4 5

0.0929142854874954 0.407085714512505 0.407085714512505 0.0929142854874954 

0.987782270499341 0.0084330185821481 0.00105170899964488 0.00273300191886605 
0.00901607822354651 0.982540900541626 0.00356596638351325 0.004877054851314 
0.004877054851314 0.00356596638351325 0.982540900541626 0.00901607822354651 
0.00273300191886605 0.00105170899964488 0.0084330185821481 0.987782270499341 

0.978232530555517 0.00263571020103573 1.02395167797032e-06 0.0191307352917691 
0.00260883965344976 0.992245508792194 0.00423706903765136 0.000908582516704954 
0.000908582516704954 0.00423706903765136 0.992245508792194 0.00260883965344976 
0.0191307352917691 1.02395167797032e-06 0.00263571020103573 0.978232530555517 

0.982321021168227 0.00625330564337326 0.00157198721365711 0.00985368597474284 
0.000202357500967218 0.987978695424135 0.0017841422128993 0.0100348048619988 
0.0100348048619988 0.0017841422128993 0.987978695424135 0.000202357500967218 
0.00985368597474284 0.00157198721365711 0.00625330564337326 0.982321021168227 

0.990585307165305 0.000408922657255676 0.00071453610436167 0.00829123407307769 
0.0161027750469249 0.979715912704242 0.00332967271339935 0.000851639535434163 
0.000851639535434163 0.00332967271339935 0.979715912704242 0.0161027750469249 
0.00829123407307769 0.00071453610436167 0.000408922657255676 0.990585307165305 

0.980113973455051 0.000313670896502368 3.47757660555876e-05 0.0195375798823907 
1.97971409851756e-05 0.990337451447118 0.00317532828313394 0.0064674231287624 
0.0064674231287624 0.00317532828313394 0.990337451447118 1.97971409851756e-05 
0.0195375798823907 3.47757660555876e-05 0.000313670896502368 0.980113973455051 


