4 5

0.37626516178716 0.12373483821284 0.12373483821284 0.37626516178716 

0.979396711465851 0.00499335349720318 0.00119568406774353 0.0144142509692017 
0.00126278927768094 0.981218686569825 0.0140815040287103 0.00343702012378359 
0.00343702012378359 0.0140815040287103 0.981218686569825 0.00126278927768094 
0.0144142509692017 0.00119568406774353 0.00499335349720318 0.979396711465851 

0.970635731340748 0.00507916733269333 0.0240896980785626 0.00019540324799594 
0.0089675205970854 0.989911491978545 0.000774181648555916 0.000346805775814129 
0.000346805775814129 0.000774181648555916 0.989911491978545 0.0089675205970854 
0.00019540324799594 0.0240896980785626 0.00507916733269333 0.970635731340748 

0.993983206500559 0.00203644397190479 0.000803880059333113 0.00317646946820305 
0.00063906847116246 0.966908683250173 0.0237026870942672 0.00874956118439774 
0.00874956118439774 0.0237026870942672 0.966908683250173 0.00063906847116246 
0.00317646946820305 0.000803880059333113 0.00203644397190479 0.993983206500559 

0.970550343602024 0.0156368550623751 1.07453406363815e-05 0.0138020559949644 
0.000227731314069188 0.990087062093209 0.00896845315697026 0.000716753435751818 
0.000716753435751818 0.00896845315697026 0.990087062093209 0.000227731314069188 
0.0138020559949644 1.07453406363815e-05 0.0156368550623751 0.970550343602024 

0.983846712366378 0.00139066865160601 4.17710482730452e-05 0.0147208479337433 
0.00812247987359867 0.976786867561132 0.014108451208473 0.000982201356796314 
0.000982201356796314 0.014108451208473 0.976786867561132 0.00812247987359867 
0.0147208479337433 4.17710482730452e-05 0.00139066865160601 0.983846712366378 


