4 5

0.446261772536673 0.0537382274633273 0.0537382274633273 0.446261772536673 

0.992377214699574 9.38978386321597e-05 0.000117977696992691 0.00741090976480074 
0.00888002403897662 0.968461594954544 0.0226198699395208 3.85110669582521e-05 
3.85110669582521e-05 0.0226198699395208 0.968461594954544 0.00888002403897662 
0.00741090976480074 0.000117977696992691 9.38978386321597e-05 0.992377214699574 

0.980442709639766 0.000345902599316795 0.0113462766005598 0.00786511116035771 
0.000252844990937786 0.980148170892948 0.012565243711556 0.00703374040455809 
0.00703374040455809 0.012565243711556 0.980148170892948 0.000252844990937786 
0.00786511116035771 0.0113462766005598 0.000345902599316795 0.980442709639766 

0.970091209244274 0.0201900496969753 0.00151107654804874 0.00820766451070226 
0.00228058217867969 0.990518992751506 0.00694739991070609 0.00025302515910816 
0.00025302515910816 0.00694739991070609 0.990518992751506 0.00228058217867969 
0.00820766451070226 0.00151107654804874 0.0201900496969753 0.970091209244274 

0.973702196440862 1.17417047828168e-05 0.00488319215431708 0.0214028697000384 
0.0040629321004431 0.987010003598743 0.00649814816128763 0.00242891613952574 
0.00242891613952574 0.00649814816128763 0.987010003598743 0.0040629321004431 
0.0214028697000384 0.00488319215431708 1.17417047828168e-05 0.973702196440862 

0.972950697160771 0.022512694737813 0.00299999070678641 0.00153661739462946 
0.0074193816334109 0.987685402147278 0.0011860794628975 0.00370913675641408 
0.00370913675641408 0.0011860794628975 0.987685402147278 0.0074193816334109 
0.00153661739462946 0.00299999070678641 0.022512694737813 0.972950697160771 


