4 5

0.247650865232572 0.252349134767428 0.252349134767428 0.247650865232572 

0.982435610499212 0.015640271209058 0.00148113822538472 0.000442980066345744 
0.010142605914773 0.987958859992981 0.00122736546423446 0.00067116862801108 
0.00067116862801108 0.00122736546423446 0.987958859992981 0.010142605914773 
0.000442980066345744 0.00148113822538472 0.015640271209058 0.982435610499212 

0.976188663404298 0.00732977302943485 0.0142411872084633 0.002240376357804 
0.000594948021345431 0.99417451352397 0.00186986784254406 0.00336067061214005 
0.00336067061214005 0.00186986784254406 0.99417451352397 0.000594948021345431 
0.002240376357804 0.0142411872084633 0.00732977302943485 0.976188663404298 

0.974578399959188 0.00187746819401342 0.0235200498370444 2.40820097544558e-05 
0.00411594436478181 0.995769165587383 3.58450916748132e-05 7.90449561599445e-05 
7.90449561599445e-05 3.58450916748132e-05 0.995769165587383 0.00411594436478181 
2.40820097544558e-05 0.0235200498370444 0.00187746819401342 0.974578399959188 

0.992291080211455 0.00166235166645459 0.00327795190137389 0.002768616220717 
0.000468412977793405 0.978180720328793 0.0189503778908262 0.00240048880258739 
0.00240048880258739 0.0189503778908262 0.978180720328793 0.000468412977793405 
0.002768616220717 0.00327795190137389 0.00166235166645459 0.992291080211455 

0.98120561499126 0.00610690243867736 0.000231423223307971 0.0124560593467547 
0.000583508622277681 0.989154958995915 0.00862945811567473 0.00163207426613216 
0.00163207426613216 0.00862945811567473 0.989154958995915 0.000583508622277681 
0.0124560593467547 0.000231423223307971 0.00610690243867736 0.98120561499126 


