4 5

0.299106955877505 0.200893044122495 0.200893044122495 0.299106955877505 

0.991286112301741 0.002505077844102 0.00377433223591853 0.00243447761823889 
0.00278872116703216 0.979097113186002 0.0135604254169878 0.00455374022997773 
0.00455374022997773 0.0135604254169878 0.979097113186002 0.00278872116703216 
0.00243447761823889 0.00377433223591853 0.002505077844102 0.991286112301741 

0.971925354231176 0.0218608725461513 0.000754720386744508 0.00545905283592835 
0.00107498954511768 0.998517481564571 0.000276686558454975 0.000130842331855862 
0.000130842331855862 0.000276686558454975 0.998517481564571 0.00107498954511768 
0.00545905283592835 0.000754720386744508 0.0218608725461513 0.971925354231176 

0.994133360800645 5.84840759377452e-06 0.00087005694314101 0.00499073384862059 
1.38061892809987e-05 0.976416891836629 0.0211979622096026 0.00237133976448749 
0.00237133976448749 0.0211979622096026 0.976416891836629 1.38061892809987e-05 
0.00499073384862059 0.00087005694314101 5.84840759377452e-06 0.994133360800645 

0.9769153351685 0.000471942826844309 0.00145346312979451 0.0211592588748607 
0.000329616595557126 0.993628856896166 0.0060279898510337 1.3536657242973e-05 
1.3536657242973e-05 0.0060279898510337 0.993628856896166 0.000329616595557126 
0.0211592588748607 0.00145346312979451 0.000471942826844309 0.9769153351685 

0.976660285219292 0.0149190897703712 0.00134146927208932 0.00707915573824774 
0.000110628403125461 0.993675945774432 0.00424421699998889 0.00196920882245357 
0.00196920882245357 0.00424421699998889 0.993675945774432 0.000110628403125461 
0.00707915573824774 0.00134146927208932 0.0149190897703712 0.976660285219292 


