4 5

0.035313616739586 0.464686383260414 0.464686383260414 0.035313616739586 

0.984773879993345 0.00454175011368727 6.74809418955901e-05 0.0106168889510725 
0.000117317874449343 0.985587375309555 0.0125192306298659 0.00177607618612952 
0.00177607618612952 0.0125192306298659 0.985587375309555 0.000117317874449343 
0.0106168889510725 6.74809418955901e-05 0.00454175011368727 0.984773879993345 

0.990815797624022 9.37147620123875e-08 3.58217062106856e-06 0.00918052649059464 
0.000599017941766957 0.97965609555225 0.0184168645606512 0.00132802194533168 
0.00132802194533168 0.0184168645606512 0.97965609555225 0.000599017941766957 
0.00918052649059464 3.58217062106856e-06 9.37147620123875e-08 0.990815797624022 

0.984209617205743 0.000976575660465267 0.0145339330126398 0.000279874121151769 
0.012269518356152 0.986049575260801 0.000169192340229329 0.00151171404281722 
0.00151171404281722 0.000169192340229329 0.986049575260801 0.012269518356152 
0.000279874121151769 0.0145339330126398 0.000976575660465267 0.984209617205743 

0.973263686082925 0.016338447236358 9.34163327850328e-05 0.0103044503479319 
4.11065077788354e-05 0.997161132814063 0.000789102668026065 0.00200865801013244 
0.00200865801013244 0.000789102668026065 0.997161132814063 4.11065077788354e-05 
0.0103044503479319 9.34163327850328e-05 0.016338447236358 0.973263686082925 

0.978258133433843 0.00647217526856238 0.0140740521549881 0.00119563914260623 
0.00185262117367825 0.99209426150731 0.00142176727549842 0.00463135004351321 
0.00463135004351321 0.00142176727549842 0.99209426150731 0.00185262117367825 
0.00119563914260623 0.0140740521549881 0.00647217526856238 0.978258133433843 


