4 5

0.211132991826162 0.288867008173838 0.288867008173838 0.211132991826162 

0.994121214437843 0.00375198900896583 0.00180165198724875 0.000325144565942181 
0.00777682994787456 0.986035164942169 0.000339679430523765 0.00584832567943237 
0.00584832567943237 0.000339679430523765 0.986035164942169 0.00777682994787456 
0.000325144565942181 0.00180165198724875 0.00375198900896583 0.994121214437843 

0.995000561292046 0.00129723057210991 0.000339892897559688 0.00336231523828412 
0.010410815589028 0.985148654463722 0.00324453159191662 0.00119599835533378 
0.00119599835533378 0.00324453159191662 0.985148654463722 0.010410815589028 
0.00336231523828412 0.000339892897559688 0.00129723057210991 0.995000561292046 

0.98297691880708 0.000239777025718443 0.0167831199865614 1.84180639906106e-07 
0.00263154133366691 0.997174628887448 0.000174064909396088 1.9764869489217e-05 
1.9764869489217e-05 0.000174064909396088 0.997174628887448 0.00263154133366691 
1.84180639906106e-07 0.0167831199865614 0.000239777025718443 0.98297691880708 

0.985592268883921 0.00444713768513047 0.00499813540831809 0.00496245802263068 
0.000231570016398031 0.99455486015731 0.00519752801457196 1.60418117199134e-05 
1.60418117199134e-05 0.00519752801457196 0.99455486015731 0.000231570016398031 
0.00496245802263068 0.00499813540831809 0.00444713768513047 0.985592268883921 

0.992531561349838 0.00106443058418053 0.00616394573893704 0.000240062327044599 
0.0120997657413159 0.987588878368778 5.69711951619589e-05 0.000254384694743917 
0.000254384694743917 5.69711951619589e-05 0.987588878368778 0.0120997657413159 
0.000240062327044599 0.00616394573893704 0.00106443058418053 0.992531561349838 


