4 5

0.288768160971813 0.211231839028187 0.211231839028187 0.288768160971813 

0.314465776328711 0.090722964330141 0.305171607649631 0.289639651691517 
0.00163642895034895 0.753986249275038 0.179099896111264 0.0652774256633499 
0.0652774256633499 0.179099896111264 0.753986249275038 0.00163642895034895 
0.289639651691517 0.305171607649631 0.090722964330141 0.314465776328711 

0.497867218198992 0.00450121167413985 0.000328512931663597 0.497303057195205 
0.00685820885994136 0.813093708703447 0.177564913556168 0.00248316888044332 
0.00248316888044332 0.177564913556168 0.813093708703447 0.00685820885994136 
0.497303057195205 0.000328512931663597 0.00450121167413985 0.497867218198992 

0.664454069865609 0.0345839270915891 0.0805543546446926 0.220407648398109 
0.0448537924658638 0.447054833221897 0.444100081298952 0.0639912930132868 
0.0639912930132868 0.444100081298952 0.447054833221897 0.0448537924658638 
0.220407648398109 0.0805543546446926 0.0345839270915891 0.664454069865609 

0.248904929222078 0.672340752908498 0.00179961878993312 0.0769546990794913 
0.179023750522089 0.765797076377379 0.055014118507684 0.000165054592847755 
0.000165054592847755 0.055014118507684 0.765797076377379 0.179023750522089 
0.0769546990794913 0.00179961878993312 0.672340752908498 0.248904929222078 

0.498563475467643 5.24251359464651e-05 0.00321864234055883 0.498165457055852 
0.0393000984148528 0.767878174548049 0.191884725396179 0.000937001640918509 
0.000937001640918509 0.191884725396179 0.767878174548049 0.0393000984148528 
0.498165457055852 0.00321864234055883 5.24251359464651e-05 0.498563475467643 


