4 5

0.335423162789084 0.164576837210916 0.164576837210916 0.335423162789084 

0.996824163272017 0.00245510980596362 0.000309500285428328 0.000411226636590878 
0.0245370004259413 0.973598844313587 0.00127204374458156 0.000592111515890083 
0.000592111515890083 0.00127204374458156 0.973598844313587 0.0245370004259413 
0.000411226636590878 0.000309500285428328 0.00245510980596362 0.996824163272017 

0.986270344812632 0.0111597685258616 0.00212835530170682 0.000441531359799241 
0.0124746618733343 0.98410188317442 0.000936309896405418 0.00248714505584004 
0.00248714505584004 0.000936309896405418 0.98410188317442 0.0124746618733343 
0.000441531359799241 0.00212835530170682 0.0111597685258616 0.986270344812632 

0.990309650796637 0.00152862789584693 0.000502331066104446 0.00765939024141155 
0.000501199257320025 0.980159687266685 0.019198231089572 0.000140882386422662 
0.000140882386422662 0.019198231089572 0.980159687266685 0.000501199257320025 
0.00765939024141155 0.000502331066104446 0.00152862789584693 0.990309650796637 

0.988838989033447 0.00506989193941907 0.00340437459212541 0.00268674443500899 
2.85399742244695e-05 0.981460375630243 0.00409500353695125 0.0144160808585813 
0.0144160808585813 0.00409500353695125 0.981460375630243 2.85399742244695e-05 
0.00268674443500899 0.00340437459212541 0.00506989193941907 0.988838989033447 

0.982186436585037 0.000119219898247198 0.000217235001787335 0.0174771085149282 
0.00328577870102251 0.98823562583309 0.00801825142115764 0.000460344044729858 
0.000460344044729858 0.00801825142115764 0.98823562583309 0.00328577870102251 
0.0174771085149282 0.000217235001787335 0.000119219898247198 0.982186436585037 


