4 5

0.170036285649985 0.329963714350015 0.329963714350015 0.170036285649985 

0.850265195526829 0.0403683357867463 0.00802597679795275 0.101340491888472 
0.0448263910702038 0.476670316510096 0.474414834726478 0.00408845769322183 
0.00408845769322183 0.474414834726478 0.476670316510096 0.0448263910702038 
0.101340491888472 0.00802597679795275 0.0403683357867463 0.850265195526829 

0.302684753403043 0.235133768277282 0.419139186575259 0.0430422917444157 
0.0132410881708763 0.477512783170789 0.41381657460153 0.095429554056805 
0.095429554056805 0.41381657460153 0.477512783170789 0.0132410881708763 
0.0430422917444157 0.419139186575259 0.235133768277282 0.302684753403043 

0.46179244003522 0.0167255367153156 0.0803382428619609 0.441143780387504 
0.0149358523171918 0.617389556022671 0.23587202214924 0.131802569510898 
0.131802569510898 0.23587202214924 0.617389556022671 0.0149358523171918 
0.441143780387504 0.0803382428619609 0.0167255367153156 0.46179244003522 

0.487890994562591 0.0241325351696293 0.00290234558946568 0.485074124678314 
0.0263795550501621 0.618267973207933 0.348008222281312 0.00734424946059272 
0.00734424946059272 0.348008222281312 0.618267973207933 0.0263795550501621 
0.485074124678314 0.00290234558946568 0.0241325351696293 0.487890994562591 

0.496990416432381 0.0112286894974973 0.0450673269446111 0.446713567125511 
0.0278415704069733 0.467464308941791 0.423694150417238 0.0809999702339981 
0.0809999702339981 0.423694150417238 0.467464308941791 0.0278415704069733 
0.446713567125511 0.0450673269446111 0.0112286894974973 0.496990416432381 


