4 5

0.0705422648461536 0.429457735153846 0.429457735153846 0.0705422648461536 

0.978816893366722 0.000801728329767329 0.000319245817458011 0.0200621324860525 
0.00249381095174644 0.981815479695105 0.00657825044237803 0.00911245891077101 
0.00911245891077101 0.00657825044237803 0.981815479695105 0.00249381095174644 
0.0200621324860525 0.000319245817458011 0.000801728329767329 0.978816893366722 

0.992261714084218 0.00127008367159095 0.00373083069578853 0.00273737154840281 
0.00323201389662963 0.968458205327917 0.0152035383406894 0.013106242434764 
0.013106242434764 0.0152035383406894 0.968458205327917 0.00323201389662963 
0.00273737154840281 0.00373083069578853 0.00127008367159095 0.992261714084218 

0.983452988378762 0.0121833612567554 0.00146916463041893 0.0028944857340632 
0.000936161496550469 0.977149541371579 0.0184599669750649 0.00345433015680512 
0.00345433015680512 0.0184599669750649 0.977149541371579 0.000936161496550469 
0.0028944857340632 0.00146916463041893 0.0121833612567554 0.983452988378762 

0.991988785806853 0.000945343892703489 8.58616439550973e-05 0.00698000865648801 
0.000119040125532537 0.969061984726146 0.030787908859918 3.10662884034428e-05 
3.10662884034428e-05 0.030787908859918 0.969061984726146 0.000119040125532537 
0.00698000865648801 8.58616439550973e-05 0.000945343892703489 0.991988785806853 

0.989941322978093 0.00241114052527139 0.000624835690326095 0.00702270080630957 
0.00368580546178209 0.970616067441677 0.00608002949528264 0.019618097601258 
0.019618097601258 0.00608002949528264 0.970616067441677 0.00368580546178209 
0.00702270080630957 0.000624835690326095 0.00241114052527139 0.989941322978093 


