4 5

0.0774630701635033 0.422536929836497 0.422536929836497 0.0774630701635033 

0.643016913081689 0.273945101300177 0.0771986462531734 0.00583933936496028 
0.11799061272084 0.461117865562253 0.418161886908035 0.00272963480887164 
0.00272963480887164 0.418161886908035 0.461117865562253 0.11799061272084 
0.00583933936496028 0.0771986462531734 0.273945101300177 0.643016913081689 

0.508594084282193 0.000157420641495105 0.00923615481076084 0.482012340265551 
0.00163978193819231 0.443522901826301 0.139944568926348 0.414892747309159 
0.414892747309159 0.139944568926348 0.443522901826301 0.00163978193819231 
0.482012340265551 0.00923615481076084 0.000157420641495105 0.508594084282193 

0.452423719124467 0.0356237733168711 0.132505344584035 0.379447162974627 
0.00368771970953232 0.517639514041804 0.471125953740871 0.00754681250779319 
0.00754681250779319 0.471125953740871 0.517639514041804 0.00368771970953232 
0.379447162974627 0.132505344584035 0.0356237733168711 0.452423719124467 

0.633794037597539 0.00253163637866189 0.0201869994891224 0.343487326534677 
0.00647592755959335 0.385688364696395 0.359132673316333 0.24870303442768 
0.24870303442768 0.359132673316333 0.385688364696395 0.00647592755959335 
0.343487326534677 0.0201869994891224 0.00253163637866189 0.633794037597539 

0.46064389915713 0.0579767443013163 0.0280133160255894 0.453366040515964 
0.155092144684836 0.687618821109651 0.0309214383295002 0.126367595876013 
0.126367595876013 0.0309214383295002 0.687618821109651 0.155092144684836 
0.453366040515964 0.0280133160255894 0.0579767443013163 0.46064389915713 


