4 5

0.164221800281666 0.335778199718334 0.335778199718334 0.164221800281666 

0.987463648225252 0.000501000555917288 0.0111247686996827 0.000910582519147773 
0.00121787166182548 0.982885063460515 0.0128914111977469 0.00300565367991305 
0.00300565367991305 0.0128914111977469 0.982885063460515 0.00121787166182548 
0.000910582519147773 0.0111247686996827 0.000501000555917288 0.987463648225252 

0.983882059649483 0.00796486342403446 0.00762784637450919 0.000525230551973677 
0.00241814033945196 0.986428102065177 0.00354561826557315 0.00760813932979777 
0.00760813932979777 0.00354561826557315 0.986428102065177 0.00241814033945196 
0.000525230551973677 0.00762784637450919 0.00796486342403446 0.983882059649483 

0.997279459919399 0.000525681712295891 0.000234365736105634 0.00196049263219955 
0.0142077709778577 0.973181201048587 0.012396673571145 0.000214354402409965 
0.000214354402409965 0.012396673571145 0.973181201048587 0.0142077709778577 
0.00196049263219955 0.000234365736105634 0.000525681712295891 0.997279459919399 

0.995663004652539 0.000243025043330202 0.000638423874426009 0.0034555464297048 
0.000107068642520601 0.974914429704708 0.021337876686792 0.00364062496597953 
0.00364062496597953 0.021337876686792 0.974914429704708 0.000107068642520601 
0.0034555464297048 0.000638423874426009 0.000243025043330202 0.995663004652539 

0.99375223285382 0.002325616861115 1.24403868575372e-05 0.00390970989820733 
0.0149061750865392 0.976622607784851 0.00807710993801003 0.000394107190599931 
0.000394107190599931 0.00807710993801003 0.976622607784851 0.0149061750865392 
0.00390970989820733 1.24403868575372e-05 0.002325616861115 0.99375223285382 


