4 5

0.462967841653153 0.0370321583468467 0.0370321583468467 0.462967841653153 

0.998150633564207 6.25490395380891e-05 1.55810006105635e-06 0.00178525929619344 
0.0306759685383239 0.962590876067365 0.00585889197103556 0.000874263423275616 
0.000874263423275616 0.00585889197103556 0.962590876067365 0.0306759685383239 
0.00178525929619344 1.55810006105635e-06 6.25490395380891e-05 0.998150633564207 

0.966707712900994 0.019972175954794 0.0132980107009066 2.21004433054728e-05 
0.00293131123674459 0.993979083376914 0.000136989618991168 0.00295261576735031 
0.00295261576735031 0.000136989618991168 0.993979083376914 0.00293131123674459 
2.21004433054728e-05 0.0132980107009066 0.019972175954794 0.966707712900994 

0.980993517553345 0.000230528079259155 0.0176874637731035 0.001088490594292 
0.0132711672941948 0.979468098122012 0.00441778794533237 0.00284294663846073 
0.00284294663846073 0.00441778794533237 0.979468098122012 0.0132711672941948 
0.001088490594292 0.0176874637731035 0.000230528079259155 0.980993517553345 

0.990942965284966 0.00727899909651255 0.00026637444209474 0.00151166117642709 
0.000523155365175372 0.96959795435514 0.00572778133874585 0.0241511089409384 
0.0241511089409384 0.00572778133874585 0.96959795435514 0.000523155365175372 
0.00151166117642709 0.00026637444209474 0.00727899909651255 0.990942965284966 

0.983363001931353 0.00429830231716917 0.000606228825676994 0.0117324669258005 
0.000380474888668646 0.977365581179112 0.0220948715972089 0.000159072335010014 
0.000159072335010014 0.0220948715972089 0.977365581179112 0.000380474888668646 
0.0117324669258005 0.000606228825676994 0.00429830231716917 0.983363001931353 


