4 5

0.429184748907574 0.0708152510924265 0.0708152510924265 0.429184748907574 

0.772016978729005 0.00442916436870137 0.138853071467513 0.0847007854347806 
0.0317031415141968 0.363294425586837 0.303675325928939 0.301327106970028 
0.301327106970028 0.303675325928939 0.363294425586837 0.0317031415141968 
0.0847007854347806 0.138853071467513 0.00442916436870137 0.772016978729005 

0.4907584267095 0.0328294430682989 0.000172223763310535 0.47623990645889 
0.174261377692057 0.684518111849552 0.119656987657249 0.0215635228011429 
0.0215635228011429 0.119656987657249 0.684518111849552 0.174261377692057 
0.47623990645889 0.000172223763310535 0.0328294430682989 0.4907584267095 

0.473261321628211 0.000577100152618581 0.269947272256198 0.256214305962972 
3.54193839006561e-05 0.522671135727184 0.365567533712147 0.111725911176769 
0.111725911176769 0.365567533712147 0.522671135727184 3.54193839006561e-05 
0.256214305962972 0.269947272256198 0.000577100152618581 0.473261321628211 

0.921500083053912 0.0278864980855755 0.00255456171056909 0.0480588571499435 
0.000858761635851036 0.489467332367737 0.487097674805091 0.0225762311913209 
0.0225762311913209 0.487097674805091 0.489467332367737 0.000858761635851036 
0.0480588571499435 0.00255456171056909 0.0278864980855755 0.921500083053912 

0.648876791362398 0.0932573121200114 0.0430689622018066 0.214796934315784 
0.00124658803945551 0.497811785186115 0.492009795671646 0.0089318311027831 
0.0089318311027831 0.492009795671646 0.497811785186115 0.00124658803945551 
0.214796934315784 0.0430689622018066 0.0932573121200114 0.648876791362398 


