4 5

0.192348696524277 0.307651303475723 0.307651303475723 0.192348696524277 

0.983304633295768 0.00317583237300121 0.00190124466723287 0.0116182896639979 
0.000610471623870403 0.987070101163555 0.0123015799282325 1.78472843425074e-05 
1.78472843425074e-05 0.0123015799282325 0.987070101163555 0.000610471623870403 
0.0116182896639979 0.00190124466723287 0.00317583237300121 0.983304633295768 

0.973980486490987 0.0218172306983796 0.00363003647582069 0.000572246334813065 
8.89140251703487e-05 0.996382641556508 0.00098931635671301 0.0025391280616089 
0.0025391280616089 0.00098931635671301 0.996382641556508 8.89140251703487e-05 
0.000572246334813065 0.00363003647582069 0.0218172306983796 0.973980486490987 

0.985523251059963 0.000236071584074902 0.000132163422084665 0.0141085139338776 
0.00134146460793918 0.9848922065918 0.0133229110132582 0.00044341778700216 
0.00044341778700216 0.0133229110132582 0.9848922065918 0.00134146460793918 
0.0141085139338776 0.000132163422084665 0.000236071584074902 0.985523251059963 

0.986250318326975 0.00560920259559713 0.00269502868292407 0.00544545039450428 
0.000124398072006535 0.98406900244288 0.0114867266125462 0.00431987287256736 
0.00431987287256736 0.0114867266125462 0.98406900244288 0.000124398072006535 
0.00544545039450428 0.00269502868292407 0.00560920259559713 0.986250318326975 

0.986065161465432 0.000339750662113812 0.00823531159219401 0.00535977628026052 
0.0139225513792952 0.984182711959753 0.00148558956085137 0.000409147100100427 
0.000409147100100427 0.00148558956085137 0.984182711959753 0.0139225513792952 
0.00535977628026052 0.00823531159219401 0.000339750662113812 0.986065161465432 


