4 5

0.0048888671444729 0.495111132855527 0.495111132855527 0.0048888671444729 

0.870204620946303 0.00347020212849876 0.0117701060844827 0.114555070840715 
0.0169532111543911 0.469947938657069 0.442336765766708 0.0707620844218317 
0.0707620844218317 0.442336765766708 0.469947938657069 0.0169532111543911 
0.114555070840715 0.0117701060844827 0.00347020212849876 0.870204620946303 

0.675606890783708 0.0579627010001652 0.0154518847276749 0.250978523488452 
0.0258573310054492 0.506723390268021 0.456742010976807 0.0106772677497227 
0.0106772677497227 0.456742010976807 0.506723390268021 0.0258573310054492 
0.250978523488452 0.0154518847276749 0.0579627010001652 0.675606890783708 

0.867443708917336 0.00661907617099324 1.73223095010187e-06 0.12593548268072 
0.00383806225439841 0.510572199215511 0.485576135756154 1.36027739359294e-05 
1.36027739359294e-05 0.485576135756154 0.510572199215511 0.00383806225439841 
0.12593548268072 1.73223095010187e-06 0.00661907617099324 0.867443708917336 

0.589876093769451 0.0753599006709107 0.0547589764696501 0.280005029089988 
0.139266853417192 0.46772128753601 0.376803814392298 0.0162080446544998 
0.0162080446544998 0.376803814392298 0.46772128753601 0.139266853417192 
0.280005029089988 0.0547589764696501 0.0753599006709107 0.589876093769451 

0.506254018468831 0.0474833820614935 0.00308333809879755 0.443179261370878 
0.297666544936012 0.664319246658093 0.00891940129569729 0.0290948071101979 
0.0290948071101979 0.00891940129569729 0.664319246658093 0.297666544936012 
0.443179261370878 0.00308333809879755 0.0474833820614935 0.506254018468831 


