4 5

0.337297309422866 0.162702690577134 0.162702690577134 0.337297309422866 

0.502208607665033 0.468869700170943 0.00776360019946862 0.0211580919645551 
0.178759824666172 0.494677973902766 0.323870297234995 0.00269190419606685 
0.00269190419606685 0.323870297234995 0.494677973902766 0.178759824666172 
0.0211580919645551 0.00776360019946862 0.468869700170943 0.502208607665033 

0.226577836159537 0.00345868611790828 0.543823157875221 0.226140319847333 
0.00380858833072216 0.832391897467411 0.160839295065416 0.0029602191364503 
0.0029602191364503 0.160839295065416 0.832391897467411 0.00380858833072216 
0.226140319847333 0.543823157875221 0.00345868611790828 0.226577836159537 

0.715139172527689 0.150836480574983 0.0808813064208381 0.0531430404764894 
0.000483010122456981 0.499320006323371 0.49875962211407 0.00143736144010277 
0.00143736144010277 0.49875962211407 0.499320006323371 0.000483010122456981 
0.0531430404764894 0.0808813064208381 0.150836480574983 0.715139172527689 

0.497647547230158 0.00201098404525433 0.00317674337446496 0.497164725350122 
0.000835250126685101 0.848282118760056 0.150688920587342 0.000193710525917616 
0.000193710525917616 0.150688920587342 0.848282118760056 0.000835250126685101 
0.497164725350122 0.00317674337446496 0.00201098404525433 0.497647547230158 

0.455556995299407 0.0911716631592426 0.0136262565331453 0.439645085008205 
0.229482250926404 0.542380980930665 0.0843513628224963 0.143785405320435 
0.143785405320435 0.0843513628224963 0.542380980930665 0.229482250926404 
0.439645085008205 0.0136262565331453 0.0911716631592426 0.455556995299407 


