4 5

0.321265442995355 0.178734557004645 0.178734557004645 0.321265442995355 

0.967702279758794 0.000203887010848953 0.00469115551166732 0.0274026777186894 
0.000973214358127516 0.99327102746864 0.00475345858062159 0.00100229959261073 
0.00100229959261073 0.00475345858062159 0.99327102746864 0.000973214358127516 
0.0274026777186894 0.00469115551166732 0.000203887010848953 0.967702279758794 

0.970535527389118 0.00799922839256915 0.0129183592895779 0.00854688492873468 
0.00046885772550494 0.990049127981109 0.00860330141396726 0.000878712879419024 
0.000878712879419024 0.00860330141396726 0.990049127981109 0.00046885772550494 
0.00854688492873468 0.0129183592895779 0.00799922839256915 0.970535527389118 

0.983163615539636 0.00901343422504585 0.00563753152186798 0.00218541871344985 
0.000325710535909442 0.977363836418914 0.00255157771311587 0.0197588753320605 
0.0197588753320605 0.00255157771311587 0.977363836418914 0.000325710535909442 
0.00218541871344985 0.00563753152186798 0.00901343422504585 0.983163615539636 

0.986792319850331 8.42175470793536e-05 0.00161326593908814 0.0115101966635012 
0.00035443965942977 0.973933747575586 0.0201950611759263 0.00551675158905779 
0.00551675158905779 0.0201950611759263 0.973933747575586 0.00035443965942977 
0.0115101966635012 0.00161326593908814 8.42175470793536e-05 0.986792319850331 

0.978395935663663 0.000971874312346153 0.0145867465188787 0.00604544350511244 
0.0139307736020322 0.982067120894731 0.00202937533181091 0.00197273017142543 
0.00197273017142543 0.00202937533181091 0.982067120894731 0.0139307736020322 
0.00604544350511244 0.0145867465188787 0.000971874312346153 0.978395935663663 


