4 5

0.231455858214758 0.268544141785242 0.268544141785242 0.231455858214758 

0.748197914987787 0.0838100107652928 0.00945690273612829 0.158535171510792 
0.0812435778437097 0.356892120990545 0.323789809294695 0.23807449187105 
0.23807449187105 0.323789809294695 0.356892120990545 0.0812435778437097 
0.158535171510792 0.00945690273612829 0.0838100107652928 0.748197914987787 

0.529450537959301 0.0351623389860491 9.53288856479773e-06 0.435377590166085 
0.000345891571545579 0.590986006633398 0.391714134658107 0.0169539671369487 
0.0169539671369487 0.391714134658107 0.590986006633398 0.000345891571545579 
0.435377590166085 9.53288856479773e-06 0.0351623389860491 0.529450537959301 

0.441950344078409 0.369969320384266 0.129327756232984 0.0587525793043418 
0.0312554343622452 0.404209617527921 0.221208178342876 0.343326769766959 
0.343326769766959 0.221208178342876 0.404209617527921 0.0312554343622452 
0.0587525793043418 0.129327756232984 0.369969320384266 0.441950344078409 

0.580732362746421 0.0159240299853263 0.000241915400615874 0.403101691867636 
0.0406854107345398 0.516311845636885 0.402046624260903 0.0409561193676717 
0.0409561193676717 0.402046624260903 0.516311845636885 0.0406854107345398 
0.403101691867636 0.000241915400615874 0.0159240299853263 0.580732362746421 

0.450218927426954 0.00174381858112527 0.10153518854725 0.446502065444671 
0.297779474114641 0.623229629310637 0.071151896107833 0.00783900046688979 
0.00783900046688979 0.071151896107833 0.623229629310637 0.297779474114641 
0.446502065444671 0.10153518854725 0.00174381858112527 0.450218927426954 


