4 5

0.0104273003526032 0.489572699647397 0.489572699647397 0.0104273003526032 

0.978029623769708 0.0104285407382297 0.000822294416311513 0.0107195410757508 
0.00654728147708627 0.992375439389777 0.000914836601679569 0.000162442531457482 
0.000162442531457482 0.000914836601679569 0.992375439389777 0.00654728147708627 
0.0107195410757508 0.000822294416311513 0.0104285407382297 0.978029623769708 

0.987053606776814 0.00231082658431737 0.000940726670042845 0.00969483996882536 
0.00188683045300629 0.983331768965763 0.0144065173564235 0.000374883224807069 
0.000374883224807069 0.0144065173564235 0.983331768965763 0.00188683045300629 
0.00969483996882536 0.000940726670042845 0.00231082658431737 0.987053606776814 

0.971395804670069 0.0010321110832509 0.0267956856690635 0.000776398577616189 
0.000605417707316061 0.99902293675127 0.000365110530895163 6.53501051847965e-06 
6.53501051847965e-06 0.000365110530895163 0.99902293675127 0.000605417707316061 
0.000776398577616189 0.0267956856690635 0.0010321110832509 0.971395804670069 

0.991449486430084 0.00794725851649754 0.000255467818140155 0.000347787235278618 
0.000457965957314138 0.978834880020851 0.00502245726074974 0.0156846967610851 
0.0156846967610851 0.00502245726074974 0.978834880020851 0.000457965957314138 
0.000347787235278618 0.000255467818140155 0.00794725851649754 0.991449486430084 

0.982837007298314 0.0137214778587011 0.000802699443147933 0.00263881539983707 
0.000763053232451745 0.987419989127143 0.00396438862177917 0.00785256901862618 
0.00785256901862618 0.00396438862177917 0.987419989127143 0.000763053232451745 
0.00263881539983707 0.000802699443147933 0.0137214778587011 0.982837007298314 


