4 5

0.0556149207986891 0.444385079201311 0.444385079201311 0.0556149207986891 

0.608795216473681 0.158123962256505 0.149167131270736 0.0839136899990771 
0.0839756060073266 0.410490664783898 0.331805185044871 0.173728544163904 
0.173728544163904 0.331805185044871 0.410490664783898 0.0839756060073266 
0.0839136899990771 0.149167131270736 0.158123962256505 0.608795216473681 

0.588725767563196 0.0050109504017369 0.000115867787961724 0.406147414247105 
0.297177369801014 0.325761786170691 0.067875531900764 0.30918531212753 
0.30918531212753 0.067875531900764 0.325761786170691 0.297177369801014 
0.406147414247105 0.000115867787961724 0.0050109504017369 0.588725767563196 

0.768152924408549 0.157183307399205 0.00311362624528046 0.0715501419469656 
0.019403639474648 0.50424499641721 0.469200460347401 0.00715090376074084 
0.00715090376074084 0.469200460347401 0.50424499641721 0.019403639474648 
0.0715501419469656 0.00311362624528046 0.157183307399205 0.768152924408549 

0.651409344228308 0.104849447485269 0.0141137252396216 0.229627483046801 
0.243120318911591 0.41966951967504 0.302815721566424 0.0343944398469451 
0.0343944398469451 0.302815721566424 0.41966951967504 0.243120318911591 
0.229627483046801 0.0141137252396216 0.104849447485269 0.651409344228308 

0.245797091818899 0.0007733611289788 0.709340326378386 0.0440892206737359 
0.000446919913135328 0.794724326569517 0.134426098607174 0.0704026549101739 
0.0704026549101739 0.134426098607174 0.794724326569517 0.000446919913135328 
0.0440892206737359 0.709340326378386 0.0007733611289788 0.245797091818899 


