4 5

0.277561430237256 0.222438569762744 0.222438569762744 0.277561430237256 

0.531572658535435 0.0875314664070625 0.0119665747657683 0.368929300291734 
0.355054996469884 0.298044927409664 0.197354471704873 0.149545604415579 
0.149545604415579 0.197354471704873 0.298044927409664 0.355054996469884 
0.368929300291734 0.0119665747657683 0.0875314664070625 0.531572658535435 

0.288473680052887 0.363890638205153 0.0820536037657139 0.265582077976246 
0.1108918310223 0.786963532352326 0.0481992281302799 0.0539454084950936 
0.0539454084950936 0.0481992281302799 0.786963532352326 0.1108918310223 
0.265582077976246 0.0820536037657139 0.363890638205153 0.288473680052887 

0.464069651792074 0.0437930916677227 0.0290441519263104 0.463093104613893 
0.0175068501062699 0.792271467603199 0.187672083616524 0.00254959867400696 
0.00254959867400696 0.187672083616524 0.792271467603199 0.0175068501062699 
0.463093104613893 0.0290441519263104 0.0437930916677227 0.464069651792074 

0.840185729363772 0.00756152585984136 0.096547453987756 0.0557052907886302 
0.0536539585163362 0.252326461860461 0.201298284426954 0.492721295196248 
0.492721295196248 0.201298284426954 0.252326461860461 0.0536539585163362 
0.0557052907886302 0.096547453987756 0.00756152585984136 0.840185729363772 

0.835875160281236 0.00718005871055406 0.154983734746423 0.00196104626178767 
0.0077534305588596 0.440216601377604 0.417096391200782 0.134933576862754 
0.134933576862754 0.417096391200782 0.440216601377604 0.0077534305588596 
0.00196104626178767 0.154983734746423 0.00718005871055406 0.835875160281236 


