4 5

0.439446523785591 0.0605534762144089 0.0605534762144089 0.439446523785591 

0.708816443860308 0.00380907363065171 0.00734258205971742 0.280031900449323 
0.00501919783225035 0.352479154191268 0.348968213885293 0.293533434091189 
0.293533434091189 0.348968213885293 0.352479154191268 0.00501919783225035 
0.280031900449323 0.00734258205971742 0.00380907363065171 0.708816443860308 

0.349281607029369 0.234945493646835 0.12687446088639 0.288898438437407 
0.198248824888285 0.522230109035994 0.234290188047169 0.0452308780285518 
0.0452308780285518 0.234290188047169 0.522230109035994 0.198248824888285 
0.288898438437407 0.12687446088639 0.234945493646835 0.349281607029369 

0.230241303197666 0.0508909926655718 0.599456820694922 0.11941088344184 
0.0634481083476577 0.724913401671211 0.0111140973783827 0.200524392602749 
0.200524392602749 0.0111140973783827 0.724913401671211 0.0634481083476577 
0.11941088344184 0.599456820694922 0.0508909926655718 0.230241303197666 

0.486882482141177 0.0078000417941499 0.0276061423734483 0.477711333691225 
0.000897839255271177 0.608142811817811 0.240771638120747 0.150187710806171 
0.150187710806171 0.240771638120747 0.608142811817811 0.000897839255271177 
0.477711333691225 0.0276061423734483 0.0078000417941499 0.486882482141177 

0.476760730722062 0.047775079337838 0.000124246773402534 0.475339943166697 
0.0230317850761733 0.962790483522785 0.0119021368779005 0.00227559452314101 
0.00227559452314101 0.0119021368779005 0.962790483522785 0.0230317850761733 
0.475339943166697 0.000124246773402534 0.047775079337838 0.476760730722062 


