4 5

0.044335778686218 0.455664221313782 0.455664221313782 0.044335778686218 

0.994449494053166 0.00182695067213665 0.000127121379729062 0.00359643389496828 
0.00847351600963379 0.985693243700385 0.00145852741709074 0.00437471287289012 
0.00437471287289012 0.00145852741709074 0.985693243700385 0.00847351600963379 
0.00359643389496828 0.000127121379729062 0.00182695067213665 0.994449494053166 

0.994459251925048 0.000557821019984962 0.0022898581270387 0.00269306892792859 
0.00608699640843046 0.985700863741246 0.0081810446543481 3.10951959753363e-05 
3.10951959753363e-05 0.0081810446543481 0.985700863741246 0.00608699640843046 
0.00269306892792859 0.0022898581270387 0.000557821019984962 0.994459251925048 

0.991740223046722 1.01692998817939e-05 3.66097893494605e-06 0.00824594667446077 
8.70666194163256e-05 0.988462595087022 0.0114313298852495 1.90084083121994e-05 
1.90084083121994e-05 0.0114313298852495 0.988462595087022 8.70666194163256e-05 
0.00824594667446077 3.66097893494605e-06 1.01692998817939e-05 0.991740223046722 

0.986945577008744 7.24447800263595e-05 0.00214368799329753 0.0108382902179318 
0.00122735123189725 0.993235671569381 7.42496021938766e-05 0.00546272759652796 
0.00546272759652796 7.42496021938766e-05 0.993235671569381 0.00122735123189725 
0.0108382902179318 0.00214368799329753 7.24447800263595e-05 0.986945577008744 

0.988295727110118 0.00707745547945153 8.01394665354721e-05 0.00454667794389468 
3.64645081247588e-05 0.991842884069734 0.00705286191071564 0.00106778951142552 
0.00106778951142552 0.00705286191071564 0.991842884069734 3.64645081247588e-05 
0.00454667794389468 8.01394665354721e-05 0.00707745547945153 0.988295727110118 


