4 5

0.0887745647924021 0.411225435207598 0.411225435207598 0.0887745647924021 

0.726101113624907 0.0654979892418436 0.0767677451084212 0.131633152024828 
0.0148637061263761 0.508175671131445 0.471565897478858 0.00539472526332077 
0.00539472526332077 0.471565897478858 0.508175671131445 0.0148637061263761 
0.131633152024828 0.0767677451084212 0.0654979892418436 0.726101113624907 

0.56068306190891 0.150046447307807 0.224392742920156 0.0648777478631272 
0.338377142254959 0.399138068139921 0.0843241278171663 0.178160661787954 
0.178160661787954 0.0843241278171663 0.399138068139921 0.338377142254959 
0.0648777478631272 0.224392742920156 0.150046447307807 0.56068306190891 

0.389301418527075 0.146210454151971 0.19104652434641 0.273441602974544 
0.031571342753256 0.611808908071356 0.0949814218453679 0.261638327330021 
0.261638327330021 0.0949814218453679 0.611808908071356 0.031571342753256 
0.273441602974544 0.19104652434641 0.146210454151971 0.389301418527075 

0.885271572345072 0.00413612919988186 0.0722318169053648 0.0383604815496813 
0.683858699341814 0.16152628789123 0.0607968523923212 0.0938181603746346 
0.0938181603746346 0.0607968523923212 0.16152628789123 0.683858699341814 
0.0383604815496813 0.0722318169053648 0.00413612919988186 0.885271572345072 

0.611511587745572 0.0269338692632031 0.249255618120186 0.112298924871038 
0.0841791848103561 0.466569029425676 0.443750547277498 0.00550123848646916 
0.00550123848646916 0.443750547277498 0.466569029425676 0.0841791848103561 
0.112298924871038 0.249255618120186 0.0269338692632031 0.611511587745572 


