4 5

0.0525584312854335 0.447441568714567 0.447441568714567 0.0525584312854335 

0.991454436522268 0.00458719266857002 0.000298944885971568 0.00365942592319063 
0.0027828081118378 0.988669211890279 0.000405635194519749 0.00814234480336333 
0.00814234480336333 0.000405635194519749 0.988669211890279 0.0027828081118378 
0.00365942592319063 0.000298944885971568 0.00458719266857002 0.991454436522268 

0.984523796862463 0.013565291669173 0.000180130283425292 0.00173078118493869 
0.0026741732963162 0.995646571363113 0.0016026637940999 7.65915464704873e-05 
7.65915464704873e-05 0.0016026637940999 0.995646571363113 0.0026741732963162 
0.00173078118493869 0.000180130283425292 0.013565291669173 0.984523796862463 

0.988041331676106 5.09672359880085e-05 0.00523713893861872 0.00667056214928691 
0.000491788751759837 0.992118714796204 0.00116376277489888 0.00622573367713761 
0.00622573367713761 0.00116376277489888 0.992118714796204 0.000491788751759837 
0.00667056214928691 0.00523713893861872 5.09672359880085e-05 0.988041331676106 

0.983018065714312 0.00011201765026344 0.00363569837136705 0.0132342182640572 
2.45792918447212e-05 0.997231174134466 0.000355988222620618 0.00238825835106828 
0.00238825835106828 0.000355988222620618 0.997231174134466 2.45792918447212e-05 
0.0132342182640572 0.00363569837136705 0.00011201765026344 0.983018065714312 

0.995284671668768 0.000386664782619745 0.00124231010188578 0.00308635344672675 
1.84442871856471e-06 0.984961305106877 0.014983550279405 5.33001849992411e-05 
5.33001849992411e-05 0.014983550279405 0.984961305106877 1.84442871856471e-06 
0.00308635344672675 0.00124231010188578 0.000386664782619745 0.995284671668768 


