4 5

0.384345943457447 0.115654056542553 0.115654056542553 0.384345943457447 

0.816635364926069 0.00233220930052598 0.156693598371446 0.0243388274019583 
0.112483726804826 0.443904531782708 0.43109259280138 0.0125191486110856 
0.0125191486110856 0.43109259280138 0.443904531782708 0.112483726804826 
0.0243388274019583 0.156693598371446 0.00233220930052598 0.816635364926069 

0.780088134616523 0.0797615946437135 0.00106418440000971 0.139086086339754 
0.50587024144578 0.303176084653669 0.170869597663316 0.0200840762372347 
0.0200840762372347 0.170869597663316 0.303176084653669 0.50587024144578 
0.139086086339754 0.00106418440000971 0.0797615946437135 0.780088134616523 

0.38015424246352 0.333429140205881 0.0156478695840733 0.270768747746526 
0.00278788904328056 0.58641544676113 0.384771849031406 0.0260248151641841 
0.0260248151641841 0.384771849031406 0.58641544676113 0.00278788904328056 
0.270768747746526 0.0156478695840733 0.333429140205881 0.38015424246352 

0.333727171070231 0.389881979573021 0.0827517451144364 0.193639104242312 
0.0417074484721565 0.655999655447969 0.299658414353527 0.00263448172634676 
0.00263448172634676 0.299658414353527 0.655999655447969 0.0417074484721565 
0.193639104242312 0.0827517451144364 0.389881979573021 0.333727171070231 

0.572936345275713 0.0243303443096174 0.0123306391305041 0.390402671284166 
0.0939172325632083 0.320053284891308 0.0343820639019345 0.551647418643549 
0.551647418643549 0.0343820639019345 0.320053284891308 0.0939172325632083 
0.390402671284166 0.0123306391305041 0.0243303443096174 0.572936345275713 


