4 5

0.377784305019304 0.122215694980696 0.122215694980696 0.377784305019304 

0.492032279256678 0.00298443370385098 0.0133447219857484 0.491638565053722 
0.0109948298860501 0.791920402527878 0.196772930826276 0.000311836759795901 
0.000311836759795901 0.196772930826276 0.791920402527878 0.0109948298860501 
0.491638565053722 0.0133447219857484 0.00298443370385098 0.492032279256678 

0.812539889454418 0.0205940160939335 0.0980662065447361 0.0687998879069127 
0.0102189222762797 0.487316768259298 0.486154665730552 0.0163096437338706 
0.0163096437338706 0.486154665730552 0.487316768259298 0.0102189222762797 
0.0687998879069127 0.0980662065447361 0.0205940160939335 0.812539889454418 

0.499189233171027 0.000611488190740709 0.00166465367951045 0.498534624958722 
0.368959948360473 0.474308574977814 0.108939224899995 0.0477922517617181 
0.0477922517617181 0.108939224899995 0.474308574977814 0.368959948360473 
0.498534624958722 0.00166465367951045 0.000611488190740709 0.499189233171027 

0.492794986476774 0.0126119246085176 0.00241557944899859 0.49217750946571 
0.00847539246060718 0.826267407673333 0.163173689290353 0.0020835105757065 
0.0020835105757065 0.163173689290353 0.826267407673333 0.00847539246060718 
0.49217750946571 0.00241557944899859 0.0126119246085176 0.492794986476774 

0.352562854740034 0.0924368546245326 0.248935972753599 0.306064317881835 
0.0827672077545402 0.642281291949298 0.0116791342269206 0.263272366069241 
0.263272366069241 0.0116791342269206 0.642281291949298 0.0827672077545402 
0.306064317881835 0.248935972753599 0.0924368546245326 0.352562854740034 


