4 5

0.152874146704562 0.347125853295438 0.347125853295438 0.152874146704562 

0.510117014399996 0.0210683119443603 0.196090750489498 0.272723923166145 
0.148859773046972 0.430518034206589 0.386324247112003 0.0342979456344369 
0.0342979456344369 0.386324247112003 0.430518034206589 0.148859773046972 
0.272723923166145 0.196090750489498 0.0210683119443603 0.510117014399996 

0.193754138557093 0.0594967124300801 0.622728434423916 0.124020714588911 
0.133689089969164 0.633298139126774 0.229455471683735 0.00355729922032669 
0.00355729922032669 0.229455471683735 0.633298139126774 0.133689089969164 
0.124020714588911 0.622728434423916 0.0594967124300801 0.193754138557093 

0.404686774744687 0.221517325439107 0.00257926251970489 0.371216637296501 
0.0266328981385499 0.935139246323837 0.037063553223068 0.00116430231454545 
0.00116430231454545 0.037063553223068 0.935139246323837 0.0266328981385499 
0.371216637296501 0.00257926251970489 0.221517325439107 0.404686774744687 

0.511195121614483 0.00615823647269743 0.142436178441589 0.340210463471231 
0.0156286554909295 0.548611578343915 0.339172391503457 0.0965873746616979 
0.0965873746616979 0.339172391503457 0.548611578343915 0.0156286554909295 
0.340210463471231 0.142436178441589 0.00615823647269743 0.511195121614483 

0.499248791710375 0.00444873443914482 0.0238576050169066 0.472444868833573 
0.00791137799443634 0.863969385449503 0.0644562538340895 0.0636629827219715 
0.0636629827219715 0.0644562538340895 0.863969385449503 0.00791137799443634 
0.472444868833573 0.0238576050169066 0.00444873443914482 0.499248791710375 


