4 5

0.0595038407482207 0.440496159251779 0.440496159251779 0.0595038407482207 

0.991683866486604 5.54133794165846e-06 0.00168607135095684 0.0066245208244971 
3.77146649243404e-06 0.988507175071445 0.0114748248874764 1.42285745864465e-05 
1.42285745864465e-05 0.0114748248874764 0.988507175071445 3.77146649243404e-06 
0.0066245208244971 0.00168607135095684 5.54133794165846e-06 0.991683866486604 

0.986579799252463 0.0121364852530026 0.00082885154258816 0.000454863951946216 
0.00306009830478426 0.993575469343626 0.00334888048292764 1.55518686619865e-05 
1.55518686619865e-05 0.00334888048292764 0.993575469343626 0.00306009830478426 
0.000454863951946216 0.00082885154258816 0.0121364852530026 0.986579799252463 

0.986794061120212 3.55107851391153e-05 1.25465250186633e-05 0.0131578815696299 
0.000121068806912781 0.993425093990946 0.00637038190849842 8.34552936431552e-05 
8.34552936431552e-05 0.00637038190849842 0.993425093990946 0.000121068806912781 
0.0131578815696299 1.25465250186633e-05 3.55107851391153e-05 0.986794061120212 

0.995772599381818 0.000407101585069194 0.00137198496295275 0.00244831407016055 
0.0069945839966567 0.98439323661308 0.0070750526250371 0.00153712676522594 
0.00153712676522594 0.0070750526250371 0.98439323661308 0.0069945839966567 
0.00244831407016055 0.00137198496295275 0.000407101585069194 0.995772599381818 

0.996779353497579 4.34178594180675e-05 0.0027599241453128 0.00041730449769023 
0.00224021417905047 0.983404570658324 0.000432051949698198 0.0139231632129271 
0.0139231632129271 0.000432051949698198 0.983404570658324 0.00224021417905047 
0.00041730449769023 0.0027599241453128 4.34178594180675e-05 0.996779353497579 


