4 5

0.345544554293156 0.154455445706844 0.154455445706844 0.345544554293156 

0.987939291456226 0.00875098248878423 0.00121739448714577 0.00209233156784422 
0.00573908481702353 0.992220361641476 3.75740050794771e-05 0.00200297953642052 
0.00200297953642052 3.75740050794771e-05 0.992220361641476 0.00573908481702353 
0.00209233156784422 0.00121739448714577 0.00875098248878423 0.987939291456226 

0.995433519116507 0.000202031820324925 0.0028188283279144 0.00154562073525327 
0.00380149159557442 0.984729370019389 0.000111777453325246 0.0113573609317117 
0.0113573609317117 0.000111777453325246 0.984729370019389 0.00380149159557442 
0.00154562073525327 0.0028188283279144 0.000202031820324925 0.995433519116507 

0.988382591294969 0.00112190885325254 0.00113363614865296 0.00936186370312531 
6.22663519369481e-05 0.991788630676309 0.00668500929902827 0.00146409367272594 
0.00146409367272594 0.00668500929902827 0.991788630676309 6.22663519369481e-05 
0.00936186370312531 0.00113363614865296 0.00112190885325254 0.988382591294969 

0.986461644710617 0.000211307666873643 1.26574167003867e-05 0.0133143902058093 
0.00105144781735979 0.993754753719515 0.00506990459734985 0.000123893865774814 
0.000123893865774814 0.00506990459734985 0.993754753719515 0.00105144781735979 
0.0133143902058093 1.26574167003867e-05 0.000211307666873643 0.986461644710617 

0.990231239867455 0.00765119307459148 0.000518353493434123 0.00159921356451975 
0.00911870154764287 0.989940608835928 0.00016788889756697 0.000772800718861835 
0.000772800718861835 0.00016788889756697 0.989940608835928 0.00911870154764287 
0.00159921356451975 0.000518353493434123 0.00765119307459148 0.990231239867455 


