4 5

0.322611320880242 0.177388679119758 0.177388679119758 0.322611320880242 

0.945340290192266 0.0434884047545129 0.00456460462012163 0.00660670043309941 
0.254328586801557 0.159242900965229 0.0496410435403943 0.53678746869282 
0.53678746869282 0.0496410435403943 0.159242900965229 0.254328586801557 
0.00660670043309941 0.00456460462012163 0.0434884047545129 0.945340290192266 

0.302327034488369 0.0602245273723147 0.525781689945242 0.111666748194074 
0.0397175879155821 0.678466037790306 0.182109028016681 0.0997073462774312 
0.0997073462774312 0.182109028016681 0.678466037790306 0.0397175879155821 
0.111666748194074 0.525781689945242 0.0602245273723147 0.302327034488369 

0.354512917618577 0.0531910822141531 0.563372737823274 0.0289232623439953 
0.0554172530259944 0.636773026598168 0.151674147745164 0.156135572630674 
0.156135572630674 0.151674147745164 0.636773026598168 0.0554172530259944 
0.0289232623439953 0.563372737823274 0.0531910822141531 0.354512917618577 

0.869285992655887 0.0610206780193245 0.00712362083421898 0.0625697084905693 
0.398819402736645 0.298489853371184 0.227269877521419 0.0754208663707519 
0.0754208663707519 0.227269877521419 0.298489853371184 0.398819402736645 
0.0625697084905693 0.00712362083421898 0.0610206780193245 0.869285992655887 

0.704927939142897 0.0954335485366475 0.197639208179329 0.00199930414112598 
0.170774479908328 0.386196670657273 0.334239742928717 0.108789106505682 
0.108789106505682 0.334239742928717 0.386196670657273 0.170774479908328 
0.00199930414112598 0.197639208179329 0.0954335485366475 0.704927939142897 


