4 5

0.0169287244789302 0.48307127552107 0.48307127552107 0.0169287244789302 

0.429662468750804 0.251838268077809 0.0817670907091225 0.236732172462264 
0.190926646364134 0.465663059012217 0.0736310945343343 0.269779200089314 
0.269779200089314 0.0736310945343343 0.465663059012217 0.190926646364134 
0.236732172462264 0.0817670907091225 0.251838268077809 0.429662468750804 

0.536377633781466 0.00319793825043491 0.000525436767948471 0.459898991200151 
0.24552506465485 0.538071964571406 0.206630177529137 0.00977279324460628 
0.00977279324460628 0.206630177529137 0.538071964571406 0.24552506465485 
0.459898991200151 0.000525436767948471 0.00319793825043491 0.536377633781466 

0.459955083813525 0.18377474374676 0.0143561037028044 0.34191406873691 
0.183398562496888 0.401650935963885 0.0534901899076876 0.361460311631539 
0.361460311631539 0.0534901899076876 0.401650935963885 0.183398562496888 
0.34191406873691 0.0143561037028044 0.18377474374676 0.459955083813525 

0.306470091386794 0.102647072514689 0.296993237076919 0.293889599021598 
0.256299387694104 0.688136920630187 0.0423294351717521 0.0132342565039571 
0.0132342565039571 0.0423294351717521 0.688136920630187 0.256299387694104 
0.293889599021598 0.296993237076919 0.102647072514689 0.306470091386794 

0.661079184718564 0.000610124214373245 0.235085277419408 0.103225413647655 
0.0984358463983012 0.453614089210768 0.443457617464867 0.00449244692606351 
0.00449244692606351 0.443457617464867 0.453614089210768 0.0984358463983012 
0.103225413647655 0.235085277419408 0.000610124214373245 0.661079184718564 


