4 5

0.0174214821308851 0.482578517869115 0.482578517869115 0.0174214821308851 

0.984888525750596 0.0123436627979945 0.000731710683934073 0.00203610076747512 
0.000790954677321742 0.985403105115414 0.0102797026502993 0.00352623755696476 
0.00352623755696476 0.0102797026502993 0.985403105115414 0.000790954677321742 
0.00203610076747512 0.000731710683934073 0.0123436627979945 0.984888525750596 

0.976465135692607 0.000176867701162663 4.27922543268964e-05 0.0233152043519035 
0.000536984077536696 0.99412952646774 0.00460502783803307 0.000728461616690011 
0.000728461616690011 0.00460502783803307 0.99412952646774 0.000536984077536696 
0.0233152043519035 4.27922543268964e-05 0.000176867701162663 0.976465135692607 

0.994590074257731 0.0010157006446184 0.000414533819412503 0.00397969127823761 
0.0125317367594242 0.975777054709662 0.00775087982639383 0.00394032870452036 
0.00394032870452036 0.00775087982639383 0.975777054709662 0.0125317367594242 
0.00397969127823761 0.000414533819412503 0.0010157006446184 0.994590074257731 

0.987596542042097 7.70060012294082e-05 0.00392726956808608 0.00839918238858767 
0.00939432674825951 0.982700334324364 0.0077263832783015 0.00017895564907517 
0.00017895564907517 0.0077263832783015 0.982700334324364 0.00939432674825951 
0.00839918238858767 0.00392726956808608 7.70060012294082e-05 0.987596542042097 

0.982502944521753 0.00406276320757462 0.0131769701192624 0.000257322151410277 
0.00198444160715788 0.987871973226611 1.15620128410265e-05 0.0101320231533902 
0.0101320231533902 1.15620128410265e-05 0.987871973226611 0.00198444160715788 
0.000257322151410277 0.0131769701192624 0.00406276320757462 0.982502944521753 


