4 5

0.218920101528056 0.281079898471944 0.281079898471944 0.218920101528056 

0.574987777812451 0.0224119551945149 0.33602955770769 0.0665707092853439 
0.00066144251417663 0.498214381124047 0.0962783399102224 0.404845836451554 
0.404845836451554 0.0962783399102224 0.498214381124047 0.00066144251417663 
0.0665707092853439 0.33602955770769 0.0224119551945149 0.574987777812451 

0.71105509148966 0.0629282464174394 0.0206328021863296 0.205383859906571 
0.0294209291195859 0.499843789672035 0.457053668819453 0.0136816123889265 
0.0136816123889265 0.457053668819453 0.499843789672035 0.0294209291195859 
0.205383859906571 0.0206328021863296 0.0629282464174394 0.71105509148966 

0.464211516225983 0.0976525149282092 0.00501901155425392 0.433116957291554 
0.0635919663110092 0.812633693830053 0.0560289928693716 0.0677453469895663 
0.0677453469895663 0.0560289928693716 0.812633693830053 0.0635919663110092 
0.433116957291554 0.00501901155425392 0.0976525149282092 0.464211516225983 

0.437259652656083 0.446241726892287 0.0358122308076317 0.0806863896439982 
0.11139726414429 0.487400210924621 0.0716906113237077 0.329511913607382 
0.329511913607382 0.0716906113237077 0.487400210924621 0.11139726414429 
0.0806863896439982 0.0358122308076317 0.446241726892287 0.437259652656083 

0.521946676099097 0.0138974830119131 0.000838231347533537 0.463317609541457 
0.0117105320756271 0.654991502098692 0.331281379167739 0.00201658665794196 
0.00201658665794196 0.331281379167739 0.654991502098692 0.0117105320756271 
0.463317609541457 0.000838231347533537 0.0138974830119131 0.521946676099097 


