4 5

0.421363512519747 0.078636487480253 0.078636487480253 0.421363512519747 

0.882140369837709 0.00351941531905998 0.00746320662162247 0.106877008221609 
0.175642002198509 0.399188378308165 0.39585487232075 0.0293147471725753 
0.0293147471725753 0.39585487232075 0.399188378308165 0.175642002198509 
0.106877008221609 0.00746320662162247 0.00351941531905998 0.882140369837709 

0.704741841763558 0.00304644897782586 0.0654697976408017 0.226741911617815 
0.0755892252411802 0.226786811110131 0.147938103548537 0.549685860100152 
0.549685860100152 0.147938103548537 0.226786811110131 0.0755892252411802 
0.226741911617815 0.0654697976408017 0.00304644897782586 0.704741841763558 

0.466587763322739 0.169779905777359 0.263197157897301 0.100435173002602 
0.047340719605847 0.348083518340133 0.18986159379307 0.414714168260951 
0.414714168260951 0.18986159379307 0.348083518340133 0.047340719605847 
0.100435173002602 0.263197157897301 0.169779905777359 0.466587763322739 

0.474979729788122 0.00521071559189784 0.105397094119885 0.414412460500095 
0.0123114883138713 0.507705210149947 0.477968201322863 0.00201510021331945 
0.00201510021331945 0.477968201322863 0.507705210149947 0.0123114883138713 
0.414412460500095 0.105397094119885 0.00521071559189784 0.474979729788122 

0.670062519662764 0.0562285100684015 0.0158084487645895 0.257900521504245 
0.472053436216793 0.251989986571994 0.197459659411718 0.0784969177994955 
0.0784969177994955 0.197459659411718 0.251989986571994 0.472053436216793 
0.257900521504245 0.0158084487645895 0.0562285100684015 0.670062519662764 


