4 5

0.256305633694865 0.243694366305135 0.243694366305135 0.256305633694865 

0.601391169014501 0.0034306964985318 0.000877125210544816 0.394301009276422 
0.0826059695294442 0.505450729396883 0.407115375935921 0.00482792513775203 
0.00482792513775203 0.407115375935921 0.505450729396883 0.0826059695294442 
0.394301009276422 0.000877125210544816 0.0034306964985318 0.601391169014501 

0.586606380828603 0.092179836824077 0.294400964674173 0.0268128176731472 
0.0560079350078137 0.430203495673488 0.221151387910783 0.292637181407916 
0.292637181407916 0.221151387910783 0.430203495673488 0.0560079350078137 
0.0268128176731472 0.294400964674173 0.092179836824077 0.586606380828603 

0.489194505272494 0.0052288925249349 0.0624369577057457 0.443139644496825 
0.0260410588257354 0.714881556361185 0.194456110329768 0.0646212744833115 
0.0646212744833115 0.194456110329768 0.714881556361185 0.0260410588257354 
0.443139644496825 0.0624369577057457 0.0052288925249349 0.489194505272494 

0.500419357807787 0.00202564140477338 0.0392095510370542 0.458345449750385 
0.0523623526708172 0.728473209975236 0.0730592730298134 0.146105164324134 
0.146105164324134 0.0730592730298134 0.728473209975236 0.0523623526708172 
0.458345449750385 0.0392095510370542 0.00202564140477338 0.500419357807787 

0.359861637093905 0.041303913760668 0.27841652975927 0.320417919386156 
0.307895311988944 0.511642799737712 0.0825854499318788 0.0978764383414653 
0.0978764383414653 0.0825854499318788 0.511642799737712 0.307895311988944 
0.320417919386156 0.27841652975927 0.041303913760668 0.359861637093905 


