4 5

0.419761039782315 0.0802389602176845 0.0802389602176845 0.419761039782315 

0.979329486551988 0.00757923320439809 0.000741134647045209 0.0123501455965685 
0.000121814548597279 0.991031128829798 0.00651734304789536 0.00232971357370937 
0.00232971357370937 0.00651734304789536 0.991031128829798 0.000121814548597279 
0.0123501455965685 0.000741134647045209 0.00757923320439809 0.979329486551988 

0.971963034836758 0.0223957185546712 0.00455492331922712 0.00108632328934372 
0.00095787506814072 0.998461658602412 0.000561491783421797 1.89745460259439e-05 
1.89745460259439e-05 0.000561491783421797 0.998461658602412 0.00095787506814072 
0.00108632328934372 0.00455492331922712 0.0223957185546712 0.971963034836758 

0.981037477983801 0.00172359842728501 0.00615361922529053 0.0110853043636232 
0.000814025853659212 0.989312720546206 0.00394969188798744 0.00592356171214757 
0.00592356171214757 0.00394969188798744 0.989312720546206 0.000814025853659212 
0.0110853043636232 0.00615361922529053 0.00172359842728501 0.981037477983801 

0.973071291114514 0.0224053547504605 0.00022375566804784 0.00429959846697814 
0.000154382261658549 0.997315516538458 0.000983543092215766 0.00154655810766767 
0.00154655810766767 0.000983543092215766 0.997315516538458 0.000154382261658549 
0.00429959846697814 0.00022375566804784 0.0224053547504605 0.973071291114514 

0.993995021816367 0.00520798226086409 0.000642788394654665 0.000154207528114625 
0.00109122178213476 0.976518091435663 0.0199000936111061 0.00249059317109586 
0.00249059317109586 0.0199000936111061 0.976518091435663 0.00109122178213476 
0.000154207528114625 0.000642788394654665 0.00520798226086409 0.993995021816367 


