4 5

0.06014048459474 0.43985951540526 0.43985951540526 0.06014048459474 

0.218980036415788 0.629220275405675 0.0299130032989868 0.121886684879551 
0.128872170262269 0.749396389045938 0.0770651306509133 0.0446663100408797 
0.0446663100408797 0.0770651306509133 0.749396389045938 0.128872170262269 
0.121886684879551 0.0299130032989868 0.629220275405675 0.218980036415788 

0.512807329979746 0.0502083190549555 0.000457247107809866 0.436527103857489 
0.112141425702819 0.455656382811272 0.376978206569384 0.0552239849165256 
0.0552239849165256 0.376978206569384 0.455656382811272 0.112141425702819 
0.436527103857489 0.000457247107809866 0.0502083190549555 0.512807329979746 

0.501902254553893 0.00227822082866595 0.0153848159624526 0.480434708654988 
0.414687166111842 0.273549579786253 0.17389052810766 0.137872725994245 
0.137872725994245 0.17389052810766 0.273549579786253 0.414687166111842 
0.480434708654988 0.0153848159624526 0.00227822082866595 0.501902254553893 

0.583393510721628 0.123725653329125 0.0433820576569691 0.249498778292278 
0.19050875220815 0.401453004550763 0.355637657690766 0.0524005855503213 
0.0524005855503213 0.355637657690766 0.401453004550763 0.19050875220815 
0.249498778292278 0.0433820576569691 0.123725653329125 0.583393510721628 

0.414941709380984 0.0442150313384051 0.140876896588594 0.399966362692017 
0.00263631312533554 0.712817375569839 0.242319422733057 0.0422268885717682 
0.0422268885717682 0.242319422733057 0.712817375569839 0.00263631312533554 
0.399966362692017 0.140876896588594 0.0442150313384051 0.414941709380984 


