4 5

0.00352524616755545 0.496474753832445 0.496474753832445 0.00352524616755545 

0.991054526741967 0.00432373879202976 0.000619557915249465 0.00400217655075424 
0.0183430005948877 0.969557553740182 0.00188712883478248 0.0102123168301479 
0.0102123168301479 0.00188712883478248 0.969557553740182 0.0183430005948877 
0.00400217655075424 0.000619557915249465 0.00432373879202976 0.991054526741967 

0.998376064023716 0.000114571164702121 0.000675716963019629 0.000833647848561714 
0.000907604159104836 0.962487260413678 0.0152076083088816 0.0213975271183352 
0.0213975271183352 0.0152076083088816 0.962487260413678 0.000907604159104836 
0.000833647848561714 0.000675716963019629 0.000114571164702121 0.998376064023716 

0.986872589755034 0.00667352135283091 0.00292805709234559 0.00352583179978949 
0.0170692189762269 0.973730068230758 0.00850482940641639 0.000695883386598328 
0.000695883386598328 0.00850482940641639 0.973730068230758 0.0170692189762269 
0.00352583179978949 0.00292805709234559 0.00667352135283091 0.986872589755034 

0.979281647883257 0.0188075075023722 0.00113652323408736 0.00077432138028305 
0.000217106905238512 0.981274162979207 0.0172788528770824 0.00122987723847163 
0.00122987723847163 0.0172788528770824 0.981274162979207 0.000217106905238512 
0.00077432138028305 0.00113652323408736 0.0188075075023722 0.979281647883257 

0.977973602919939 0.0176337199449722 0.00305605837114319 0.00133661876394525 
0.00286352446752667 0.982521609616323 0.00240183172778519 0.0122130341883651 
0.0122130341883651 0.00240183172778519 0.982521609616323 0.00286352446752667 
0.00133661876394525 0.00305605837114319 0.0176337199449722 0.977973602919939 


