4 5

0.368117905803956 0.131882094196044 0.131882094196044 0.368117905803956 

0.488676588590436 0.0459858144649939 0.00916566840722911 0.456171928537341 
0.0247204087633166 0.80747601300351 0.16731269232178 0.000490885911394115 
0.000490885911394115 0.16731269232178 0.80747601300351 0.0247204087633166 
0.456171928537341 0.00916566840722911 0.0459858144649939 0.488676588590436 

0.485997591107014 0.00300638431016384 0.0750522030219178 0.435943821560904 
0.00394593227122658 0.703653215034689 0.271662075529035 0.0207387771650491 
0.0207387771650491 0.271662075529035 0.703653215034689 0.00394593227122658 
0.435943821560904 0.0750522030219178 0.00300638431016384 0.485997591107014 

0.651807094469917 0.143047348686945 0.0366900290072878 0.168455527835849 
0.19614398514132 0.352008755259479 0.263340277950025 0.188506981649175 
0.188506981649175 0.263340277950025 0.352008755259479 0.19614398514132 
0.168455527835849 0.0366900290072878 0.143047348686945 0.651807094469917 

0.488617461292289 0.133396689462007 0.110722070691814 0.26726377855389 
0.0305418947002782 0.537596312442098 0.419691747609672 0.0121700452479517 
0.0121700452479517 0.419691747609672 0.537596312442098 0.0305418947002782 
0.26726377855389 0.110722070691814 0.133396689462007 0.488617461292289 

0.788996745507182 0.000647377715501604 2.03835139495101e-05 0.210335493263367 
1.1207749903575e-05 0.515769816702893 0.484092687205719 0.000126288341484781 
0.000126288341484781 0.484092687205719 0.515769816702893 1.1207749903575e-05 
0.210335493263367 2.03835139495101e-05 0.000647377715501604 0.788996745507182 


