4 5

0.444525412167422 0.0554745878325775 0.0554745878325775 0.444525412167422 

0.275978471914402 0.128195140075315 0.546460204467969 0.049366183542314 
0.142688261033165 0.681586458616114 0.106760943129434 0.0689643372212878 
0.0689643372212878 0.106760943129434 0.681586458616114 0.142688261033165 
0.049366183542314 0.546460204467969 0.128195140075315 0.275978471914402 

0.48728333189903 0.205455519087457 0.130622491016649 0.176638657996864 
0.0335241510038034 0.426754574028276 0.328946221713259 0.210775053254661 
0.210775053254661 0.328946221713259 0.426754574028276 0.0335241510038034 
0.176638657996864 0.130622491016649 0.205455519087457 0.48728333189903 

0.7162220171528 0.161731751350312 0.0120061366304702 0.110040094866419 
0.215825008766275 0.410002998303605 0.316307012042158 0.0578649808879631 
0.0578649808879631 0.316307012042158 0.410002998303605 0.215825008766275 
0.110040094866419 0.0120061366304702 0.161731751350312 0.7162220171528 

0.206638441631577 0.121503377467965 0.596565524286264 0.0752926566141941 
0.0577900769926441 0.816928657169768 0.0796373480943474 0.0456439177432401 
0.0456439177432401 0.0796373480943474 0.816928657169768 0.0577900769926441 
0.0752926566141941 0.596565524286264 0.121503377467965 0.206638441631577 

0.410416564286366 0.442121245908362 0.0348331621069088 0.112629027698363 
0.239485502641505 0.611093672461521 0.0903564040041712 0.0590644208928024 
0.0590644208928024 0.0903564040041712 0.611093672461521 0.239485502641505 
0.112629027698363 0.0348331621069088 0.442121245908362 0.410416564286366 


