4 5

0.13852489576675 0.36147510423325 0.36147510423325 0.13852489576675 

0.323707889205895 0.228022483907678 0.132503506762054 0.315766120124373 
0.000353272107054957 0.667389905061653 0.319399819619246 0.0128570032120455 
0.0128570032120455 0.319399819619246 0.667389905061653 0.000353272107054957 
0.315766120124373 0.132503506762054 0.228022483907678 0.323707889205895 

0.697713449800973 0.00434387759370151 0.209901828775441 0.0880408438298842 
0.241796645986079 0.226082072906138 0.0244729710897562 0.507648310018027 
0.507648310018027 0.0244729710897562 0.226082072906138 0.241796645986079 
0.0880408438298842 0.209901828775441 0.00434387759370151 0.697713449800973 

0.945753949273174 0.0154091035747701 0.020241020688283 0.0185959264637724 
0.111557966595041 0.433194421460973 0.430417398376388 0.0248302135675977 
0.0248302135675977 0.430417398376388 0.433194421460973 0.111557966595041 
0.0185959264637724 0.020241020688283 0.0154091035747701 0.945753949273174 

0.309849076473484 0.215678918428422 0.222211636085289 0.252260369012805 
0.174135485218203 0.450915008873286 0.348697815659048 0.0262516902494626 
0.0262516902494626 0.348697815659048 0.450915008873286 0.174135485218203 
0.252260369012805 0.222211636085289 0.215678918428422 0.309849076473484 

0.145304267700145 0.654229742222975 0.0577524873626104 0.14271350271427 
0.0157465335385163 0.921560631867261 0.0337222592869982 0.0289705753072241 
0.0289705753072241 0.0337222592869982 0.921560631867261 0.0157465335385163 
0.14271350271427 0.0577524873626104 0.654229742222975 0.145304267700145 


