4 5

0.0164963381830603 0.48350366181694 0.48350366181694 0.0164963381830603 

0.99685470353425 0.00298143524808828 0.00010811679355435 5.57444241076621e-05 
0.00186615040847484 0.973515747680346 4.43544681541508e-05 0.0245737474430252 
0.0245737474430252 4.43544681541508e-05 0.973515747680346 0.00186615040847484 
5.57444241076621e-05 0.00010811679355435 0.00298143524808828 0.99685470353425 

0.98159453506597 0.000568991519018973 0.0168129968158848 0.00102347659912605 
0.00251529339603433 0.988683957055361 0.00864848918966687 0.000152260358937527 
0.000152260358937527 0.00864848918966687 0.988683957055361 0.00251529339603433 
0.00102347659912605 0.0168129968158848 0.000568991519018973 0.98159453506597 

0.989855434546208 4.68657546561903e-06 0.000247955305233004 0.00989192357309315 
2.46373390317106e-06 0.98061307101329 0.0184026437817512 0.000981821471055575 
0.000981821471055575 0.0184026437817512 0.98061307101329 2.46373390317106e-06 
0.00989192357309315 0.000247955305233004 4.68657546561903e-06 0.989855434546208 

0.983472422938836 0.0134402919145672 0.00196184668681196 0.0011254384597853 
0.000616489111098174 0.986788243514509 0.00416214951164356 0.00843311786274954 
0.00843311786274954 0.00416214951164356 0.986788243514509 0.000616489111098174 
0.0011254384597853 0.00196184668681196 0.0134402919145672 0.983472422938836 

0.974087144999766 0.00297021169463315 0.00014613102133124 0.0227965122842699 
0.00189180061840234 0.996541122873875 0.00133139060305121 0.000235685904671033 
0.000235685904671033 0.00133139060305121 0.996541122873875 0.00189180061840234 
0.0227965122842699 0.00014613102133124 0.00297021169463315 0.974087144999766 


