4 5

0.475084100384265 0.0249158996157348 0.0249158996157348 0.475084100384265 

0.395811811842974 0.211830606259036 0.0149884456013886 0.377369136296601 
0.0167771940513707 0.571489625826617 0.272152357941476 0.139580822180536 
0.139580822180536 0.272152357941476 0.571489625826617 0.0167771940513707 
0.377369136296601 0.0149884456013886 0.211830606259036 0.395811811842974 

0.395542266618979 0.0161937813557142 0.386311781400348 0.201952170624959 
0.092238378756278 0.619468985008161 0.0805062481290965 0.207786388106464 
0.207786388106464 0.0805062481290965 0.619468985008161 0.092238378756278 
0.201952170624959 0.386311781400348 0.0161937813557142 0.395542266618979 

0.787637520402731 0.0809266798060858 0.092328831194227 0.0391069685969564 
0.0335743357518856 0.489091005096401 0.457669204715698 0.0196654544360148 
0.0196654544360148 0.457669204715698 0.489091005096401 0.0335743357518856 
0.0391069685969564 0.092328831194227 0.0809266798060858 0.787637520402731 

0.464487368735398 0.0767453008798644 0.314716859623338 0.1440504707614 
0.00672197175482643 0.539024154050032 0.389485016974012 0.0647688572211295 
0.0647688572211295 0.389485016974012 0.539024154050032 0.00672197175482643 
0.1440504707614 0.314716859623338 0.0767453008798644 0.464487368735398 

0.799342509220692 0.00894138004117515 0.00119116378524833 0.190524946952884 
0.094565809155142 0.207381799250829 0.118187155565521 0.579865236028508 
0.579865236028508 0.118187155565521 0.207381799250829 0.094565809155142 
0.190524946952884 0.00119116378524833 0.00894138004117515 0.799342509220692 


