4 5

0.145894131856039 0.354105868143961 0.354105868143961 0.145894131856039 

0.214789980752938 0.0495950007557707 0.611556713198751 0.12405830529254 
0.00235394484537572 0.848764481920534 0.132671298465861 0.0162102747682291 
0.0162102747682291 0.132671298465861 0.848764481920534 0.00235394484537572 
0.12405830529254 0.611556713198751 0.0495950007557707 0.214789980752938 

0.502940634743549 0.0970930005380897 0.0403561751081867 0.359610189610174 
0.0403625304847953 0.516781660120003 0.36065615737384 0.0821996520213618 
0.0821996520213618 0.36065615737384 0.516781660120003 0.0403625304847953 
0.359610189610174 0.0403561751081867 0.0970930005380897 0.502940634743549 

0.414294730206437 0.0786227883127782 0.116488673394538 0.390593808086247 
0.0146977536557541 0.970690259698159 0.0137453536996907 0.00086663294639628 
0.00086663294639628 0.0137453536996907 0.970690259698159 0.0146977536557541 
0.390593808086247 0.116488673394538 0.0786227883127782 0.414294730206437 

0.637555211761389 0.0101363991836333 0.0047582056223413 0.347550183432636 
0.0311685236653459 0.262930206489422 0.0832711606353568 0.622630109209875 
0.622630109209875 0.0832711606353568 0.262930206489422 0.0311685236653459 
0.347550183432636 0.0047582056223413 0.0101363991836333 0.637555211761389 

0.526537618728633 0.00625431509308857 0.0750033636319069 0.392204702546371 
0.00512799843165057 0.531774106413707 0.0412650302249039 0.421832864929739 
0.421832864929739 0.0412650302249039 0.531774106413707 0.00512799843165057 
0.392204702546371 0.0750033636319069 0.00625431509308857 0.526537618728633 


