4 5

0.30128654348664 0.19871345651336 0.19871345651336 0.30128654348664 

0.969148354694114 0.00672038414302874 0.0117516652447643 0.0123795959180926 
0.000588875370321523 0.991541407756108 0.0011473027028297 0.00672241417074123 
0.00672241417074123 0.0011473027028297 0.991541407756108 0.000588875370321523 
0.0123795959180926 0.0117516652447643 0.00672038414302874 0.969148354694114 

0.993148980885497 0.00310059828000723 0.00141974392410245 0.00233067691039329 
0.00629752490675112 0.96771086830665 0.0227368954774032 0.00325471130919535 
0.00325471130919535 0.0227368954774032 0.96771086830665 0.00629752490675112 
0.00233067691039329 0.00141974392410245 0.00310059828000723 0.993148980885497 

0.979665919600406 0.000326998053661935 0.00829845587094219 0.0117086264749899 
0.0128702918292996 0.980824867815235 0.00606889352797324 0.000235946827492186 
0.000235946827492186 0.00606889352797324 0.980824867815235 0.0128702918292996 
0.0117086264749899 0.00829845587094219 0.000326998053661935 0.979665919600406 

0.985951227809295 3.05933031241653e-05 0.0106176208664702 0.00340055802111044 
4.75631514882025e-06 0.974798433267963 0.0243261237667283 0.000870686650160128 
0.000870686650160128 0.0243261237667283 0.974798433267963 4.75631514882025e-06 
0.00340055802111044 0.0106176208664702 3.05933031241653e-05 0.985951227809295 

0.97796785230042 0.0011880454598218 2.15306412057613e-05 0.0208225715985528 
2.02794424671174e-05 0.982674427753985 0.0058115561832543 0.0114937366202936 
0.0114937366202936 0.0058115561832543 0.982674427753985 2.02794424671174e-05 
0.0208225715985528 2.15306412057613e-05 0.0011880454598218 0.97796785230042 


