4 5

0.192201555124484 0.307798444875516 0.307798444875516 0.192201555124484 

0.556983865388054 0.229126761593485 0.040953160227426 0.172936212791035 
0.338189501438004 0.409931746522528 0.126630813251134 0.125247938788333 
0.125247938788333 0.126630813251134 0.409931746522528 0.338189501438004 
0.172936212791035 0.040953160227426 0.229126761593485 0.556983865388054 

0.364407880385577 0.504788845518631 0.0790199779649611 0.0517832961308304 
0.17296369732257 0.643328801757148 0.170938800895736 0.0127687000245461 
0.0127687000245461 0.170938800895736 0.643328801757148 0.17296369732257 
0.0517832961308304 0.0790199779649611 0.504788845518631 0.364407880385577 

0.293708308798246 0.191830319787423 0.383882221001235 0.130579150413096 
0.0435757053349385 0.62958906632416 0.272166107624178 0.0546691207167242 
0.0546691207167242 0.272166107624178 0.62958906632416 0.0435757053349385 
0.130579150413096 0.383882221001235 0.191830319787423 0.293708308798246 

0.254725364719106 0.602047927910578 0.134330993228092 0.00889571414222387 
0.0630281011564701 0.761405611402771 0.0722709512072774 0.103295336233481 
0.103295336233481 0.0722709512072774 0.761405611402771 0.0630281011564701 
0.00889571414222387 0.134330993228092 0.602047927910578 0.254725364719106 

0.51917483201614 0.00439174951115591 0.000977714911185746 0.475455703561518 
0.026463466855416 0.678503176883216 0.207589058536168 0.0874442977251999 
0.0874442977251999 0.207589058536168 0.678503176883216 0.026463466855416 
0.475455703561518 0.000977714911185746 0.00439174951115591 0.51917483201614 


