4 5

0.351968773175031 0.148031226824969 0.148031226824969 0.351968773175031 

0.531880409828012 0.0134379920019837 0.0591221544977133 0.395559443672291 
0.0282766885055799 0.555603809544043 0.415189276399752 0.000930225550624669 
0.000930225550624669 0.415189276399752 0.555603809544043 0.0282766885055799 
0.395559443672291 0.0591221544977133 0.0134379920019837 0.531880409828012 

0.483108039771386 0.034882544848068 0.0749920284244324 0.407017386956114 
0.000226177030605722 0.634900180841952 0.362832058943704 0.00204158318373822 
0.00204158318373822 0.362832058943704 0.634900180841952 0.000226177030605722 
0.407017386956114 0.0749920284244324 0.034882544848068 0.483108039771386 

0.522273735401494 0.103446125850074 0.00926365560651742 0.365016483141915 
0.00262426064823039 0.546338165379296 0.424802085058884 0.0262354889135896 
0.0262354889135896 0.424802085058884 0.546338165379296 0.00262426064823039 
0.365016483141915 0.00926365560651742 0.103446125850074 0.522273735401494 

0.782428865607997 0.199230116629358 0.000848655481397356 0.0174923622812473 
0.0136281243330956 0.218565539342691 0.0495937148011268 0.718212621523086 
0.718212621523086 0.0495937148011268 0.218565539342691 0.0136281243330956 
0.0174923622812473 0.000848655481397356 0.199230116629358 0.782428865607997 

0.871272105581902 0.00343237823988755 0.000105783613289126 0.125189732564922 
0.00289843574519072 0.386766656708708 0.354622845908173 0.255712061637928 
0.255712061637928 0.354622845908173 0.386766656708708 0.00289843574519072 
0.125189732564922 0.000105783613289126 0.00343237823988755 0.871272105581902 


