4 5

0.436602242989466 0.0633977570105344 0.0633977570105344 0.436602242989466 

0.468509996411818 0.281181400631234 0.00550163350590283 0.244806969451045 
0.217380357836448 0.606092092743387 0.174728654932522 0.00179889448764274 
0.00179889448764274 0.174728654932522 0.606092092743387 0.217380357836448 
0.244806969451045 0.00550163350590283 0.281181400631234 0.468509996411818 

0.296948446846283 0.371934552959242 0.0429540975749164 0.288162902619559 
0.00882637291807375 0.529514343308565 0.333940432780334 0.127718850993027 
0.127718850993027 0.333940432780334 0.529514343308565 0.00882637291807375 
0.288162902619559 0.0429540975749164 0.371934552959242 0.296948446846283 

0.673544635912168 0.263130815494428 0.00142477413061926 0.0618997744627854 
0.23722265720443 0.433057069371653 0.284734959940042 0.0449853134838748 
0.0449853134838748 0.284734959940042 0.433057069371653 0.23722265720443 
0.0618997744627854 0.00142477413061926 0.263130815494428 0.673544635912168 

0.419762086303694 0.198107702050674 0.0210360933959571 0.361094118249675 
0.0453182603366797 0.501776372168422 0.296983144897164 0.155922222597734 
0.155922222597734 0.296983144897164 0.501776372168422 0.0453182603366797 
0.361094118249675 0.0210360933959571 0.198107702050674 0.419762086303694 

0.604917913865188 0.172589704703949 0.143443691177595 0.0790486902532676 
0.0266903290367783 0.350323270925554 0.245143075303823 0.377843324733845 
0.377843324733845 0.245143075303823 0.350323270925554 0.0266903290367783 
0.0790486902532676 0.143443691177595 0.172589704703949 0.604917913865188 


