4 5

0.019671814632602 0.480328185367398 0.480328185367398 0.019671814632602 

0.973362279870189 0.0194308218384685 0.00525344030049732 0.00195345799084523 
9.59635428399357e-05 0.987153539671388 0.0103388445285507 0.00241165225722171 
0.00241165225722171 0.0103388445285507 0.987153539671388 9.59635428399357e-05 
0.00195345799084523 0.00525344030049732 0.0194308218384685 0.973362279870189 

0.978568967019747 0.00307083282171815 0.000424064719919084 0.0179361354386162 
0.00483203717831996 0.982090525500828 0.0124686341869647 0.000608803133887187 
0.000608803133887187 0.0124686341869647 0.982090525500828 0.00483203717831996 
0.0179361354386162 0.000424064719919084 0.00307083282171815 0.978568967019747 

0.980922858187977 0.000174220322772136 0.004646633090039 0.0142562883992119 
9.84522285177123e-05 0.979664495782788 0.00313058613514217 0.0171064658535522 
0.0171064658535522 0.00313058613514217 0.979664495782788 9.84522285177123e-05 
0.0142562883992119 0.004646633090039 0.000174220322772136 0.980922858187977 

0.980683492271388 0.00385683932130459 0.0144697025575379 0.000989965849769903 
0.01795202140307 0.979812733124713 0.000350442343021951 0.00188480312919556 
0.00188480312919556 0.000350442343021951 0.979812733124713 0.01795202140307 
0.000989965849769903 0.0144697025575379 0.00385683932130459 0.980683492271388 

0.986483834082354 0.000528378136460575 0.00445904996866318 0.00852873781252189 
0.00069608577276104 0.974308131389181 0.0248640726040611 0.000131710233997268 
0.000131710233997268 0.0248640726040611 0.974308131389181 0.00069608577276104 
0.00852873781252189 0.00445904996866318 0.000528378136460575 0.986483834082354 


