4 5

0.391899980604649 0.108100019395351 0.108100019395351 0.391899980604649 

0.976672481555885 0.000302082440151869 0.0110160099564236 0.0120094260475397 
4.1537939924419e-06 0.993725339674776 0.00516477426595874 0.0011057322652731 
0.0011057322652731 0.00516477426595874 0.993725339674776 4.1537939924419e-06 
0.0120094260475397 0.0110160099564236 0.000302082440151869 0.976672481555885 

0.99548271240479 0.00424511195129797 4.31533755592536e-05 0.00022902226835253 
0.00667074174849556 0.975047629103472 0.0182042352000613 7.73939479709242e-05 
7.73939479709242e-05 0.0182042352000613 0.975047629103472 0.00667074174849556 
0.00022902226835253 4.31533755592536e-05 0.00424511195129797 0.99548271240479 

0.981715207030918 0.00418716044340382 0.00118600208612586 0.0129116304395526 
0.000470687823720061 0.988639413636025 0.00738103934610695 0.00350885919414801 
0.00350885919414801 0.00738103934610695 0.988639413636025 0.000470687823720061 
0.0129116304395526 0.00118600208612586 0.00418716044340382 0.981715207030918 

0.980348061333971 0.00347876486052919 0.00138715009928906 0.0147860237062106 
0.00845036217996095 0.990042666492321 0.000796800282250376 0.000710171045467367 
0.000710171045467367 0.000796800282250376 0.990042666492321 0.00845036217996095 
0.0147860237062106 0.00138715009928906 0.00347876486052919 0.980348061333971 

0.989437245422622 0.000787337570583457 0.00121723579083101 0.00855818121596369 
0.00311290033929066 0.980885481799335 0.00777588435453991 0.00822573350683456 
0.00822573350683456 0.00777588435453991 0.980885481799335 0.00311290033929066 
0.00855818121596369 0.00121723579083101 0.000787337570583457 0.989437245422622 


