4 5

0.184467672603205 0.315532327396795 0.315532327396795 0.184467672603205 

0.984615173945943 1.6121062298507e-05 1.47944575826286e-06 0.0153672255459998 
2.41907806974955e-06 0.995645268840503 0.00435117642051291 1.13566091452983e-06 
1.13566091452983e-06 0.00435117642051291 0.995645268840503 2.41907806974955e-06 
0.0153672255459998 1.47944575826286e-06 1.6121062298507e-05 0.984615173945943 

0.993027885427566 0.00307283299553192 0.000842739148849398 0.00305654242805214 
0.000323513050073983 0.987136857484166 0.0097569748058588 0.00278265465990109 
0.00278265465990109 0.0097569748058588 0.987136857484166 0.000323513050073983 
0.00305654242805214 0.000842739148849398 0.00307283299553192 0.993027885427566 

0.982665299642325 0.000823415297760552 0.0143948888145802 0.00211639624533455 
0.000549556105166806 0.997496123070333 0.00182839240224936 0.00012592842225103 
0.00012592842225103 0.00182839240224936 0.997496123070333 0.000549556105166806 
0.00211639624533455 0.0143948888145802 0.000823415297760552 0.982665299642325 

0.994302673838991 2.38512715293048e-06 0.000422390885272257 0.00527255014858419 
9.728399710644e-07 0.985928397086287 0.0139941140731581 7.65160005841866e-05 
7.65160005841866e-05 0.0139941140731581 0.985928397086287 9.728399710644e-07 
0.00527255014858419 0.000422390885272257 2.38512715293048e-06 0.994302673838991 

0.991650537061602 0.0034370799970733 0.000139561822197122 0.00477282111912719 
0.00707073591295392 0.988496072210268 0.00406764137561094 0.000365550501166716 
0.000365550501166716 0.00406764137561094 0.988496072210268 0.00707073591295392 
0.00477282111912719 0.000139561822197122 0.0034370799970733 0.991650537061602 


