4 5

0.12780320586171 0.37219679413829 0.37219679413829 0.12780320586171 

0.989476436526268 0.00702049396990161 0.0017451912424828 0.00175787826134804 
0.00109459252397878 0.980935303159768 0.0176506397836874 0.000319464532566177 
0.000319464532566177 0.0176506397836874 0.980935303159768 0.00109459252397878 
0.00175787826134804 0.0017451912424828 0.00702049396990161 0.989476436526268 

0.982942308605713 0.00306151832433389 1.68107630528053e-05 0.0139793623069006 
1.08981988858625e-05 0.987434126354584 0.00973957955052218 0.00281539589600757 
0.00281539589600757 0.00973957955052218 0.987434126354584 1.08981988858625e-05 
0.0139793623069006 1.68107630528053e-05 0.00306151832433389 0.982942308605713 

0.973232759723068 0.00289461400942868 0.0192296673767766 0.00464295889072702 
0.00190575481916607 0.997159901117573 0.00059008818926376 0.000344255873997259 
0.000344255873997259 0.00059008818926376 0.997159901117573 0.00190575481916607 
0.00464295889072702 0.0192296673767766 0.00289461400942868 0.973232759723068 

0.982761639193833 0.00290325859497581 0.00174995337322675 0.0125851488379645 
0.00389867460689796 0.98757360061958 0.001579783034027 0.00694794173949543 
0.00694794173949543 0.001579783034027 0.98757360061958 0.00389867460689796 
0.0125851488379645 0.00174995337322675 0.00290325859497581 0.982761639193833 

0.980304431639632 0.00234467469043235 0.00744590598303171 0.0099049876869044 
0.000362168198720775 0.990042288361405 0.00479698007627899 0.00479856336359545 
0.00479856336359545 0.00479698007627899 0.990042288361405 0.000362168198720775 
0.0099049876869044 0.00744590598303171 0.00234467469043235 0.980304431639632 


