4 5

0.42908824828919 0.0709117517108098 0.0709117517108098 0.42908824828919 

0.642843352855577 0.0519680646465788 0.0215073933828781 0.283681189114966 
0.0129368287106533 0.466499534942214 0.462276625991297 0.0582870103558366 
0.0582870103558366 0.462276625991297 0.466499534942214 0.0129368287106533 
0.283681189114966 0.0215073933828781 0.0519680646465788 0.642843352855577 

0.306856415613022 0.196411927677084 0.246800770339311 0.249930886370584 
0.00302790020193675 0.53805022703385 0.391262408772312 0.0676594639919007 
0.0676594639919007 0.391262408772312 0.53805022703385 0.00302790020193675 
0.249930886370584 0.246800770339311 0.196411927677084 0.306856415613022 

0.842600902785928 0.0282546048998135 0.00178050264079863 0.12736398967346 
0.0632275226262335 0.471414280475659 0.46525522888273 0.000102968015377139 
0.000102968015377139 0.46525522888273 0.471414280475659 0.0632275226262335 
0.12736398967346 0.00178050264079863 0.0282546048998135 0.842600902785928 

0.501703437080843 0.000463652372659452 0.00432010963071793 0.49351280091578 
0.0125982064970478 0.644616986078752 0.34175438937166 0.00103041805254031 
0.00103041805254031 0.34175438937166 0.644616986078752 0.0125982064970478 
0.49351280091578 0.00432010963071793 0.000463652372659452 0.501703437080843 

0.500395919214187 0.00978803915338628 0.028892699263977 0.460923342368449 
0.0601207818183141 0.407709879383486 0.0704378137215819 0.461731525076618 
0.461731525076618 0.0704378137215819 0.407709879383486 0.0601207818183141 
0.460923342368449 0.028892699263977 0.00978803915338628 0.500395919214187 


