4 5

0.393583614029922 0.106416385970078 0.106416385970078 0.393583614029922 

0.987470341681463 0.0041938494263742 0.0012486587038582 0.00708715018830514 
0.000910442847644582 0.992673297864139 9.03629055793442e-05 0.00632589638263653 
0.00632589638263653 9.03629055793442e-05 0.992673297864139 0.000910442847644582 
0.00708715018830514 0.0012486587038582 0.0041938494263742 0.987470341681463 

0.986318288930288 0.000952281962713191 0.00195996526266123 0.0107694638443376 
0.00292821315453157 0.99386225594388 0.00281573383695305 0.000393797064635325 
0.000393797064635325 0.00281573383695305 0.99386225594388 0.00292821315453157 
0.0107694638443376 0.00195996526266123 0.000952281962713191 0.986318288930288 

0.986836027518893 0.00506870786833048 0.00749284236482105 0.000602422247955481 
0.000135397268669967 0.993297357680225 0.00602094180503854 0.000546303246066628 
0.000546303246066628 0.00602094180503854 0.993297357680225 0.000135397268669967 
0.000602422247955481 0.00749284236482105 0.00506870786833048 0.986836027518893 

0.981835371460849 0.0178016837199175 0.000344182273478783 1.87625457543361e-05 
0.00111220685196468 0.998353314957254 0.000421566530715345 0.000112911660065878 
0.000112911660065878 0.000421566530715345 0.998353314957254 0.00111220685196468 
1.87625457543361e-05 0.000344182273478783 0.0178016837199175 0.981835371460849 

0.987363372387482 0.0038910765769398 0.00269535888963165 0.00605019214594632 
0.00218457383702909 0.992781067873127 0.00346631050526802 0.00156804778457618 
0.00156804778457618 0.00346631050526802 0.992781067873127 0.00218457383702909 
0.00605019214594632 0.00269535888963165 0.0038910765769398 0.987363372387482 


