4 5

0.157865372835658 0.342134627164342 0.342134627164342 0.157865372835658 

0.993971037405955 6.30353322561241e-05 0.000492212325735407 0.00547371493605348 
0.00206493006728279 0.976574357111275 0.0210785741833302 0.000282138638111793 
0.000282138638111793 0.0210785741833302 0.976574357111275 0.00206493006728279 
0.00547371493605348 0.000492212325735407 6.30353322561241e-05 0.993971037405955 

0.986139209487182 0.00343576698729315 0.00766350517687758 0.00276151834864757 
0.000465742734733108 0.984194043892261 0.0128070848253533 0.00253312854765274 
0.00253312854765274 0.0128070848253533 0.984194043892261 0.000465742734733108 
0.00276151834864757 0.00766350517687758 0.00343576698729315 0.986139209487182 

0.996390687605717 0.000751279641384052 0.000103579687519005 0.00275445306537958 
0.019905178756841 0.973983593673972 0.00267341053956005 0.00343781702962668 
0.00343781702962668 0.00267341053956005 0.973983593673972 0.019905178756841 
0.00275445306537958 0.000103579687519005 0.000751279641384052 0.996390687605717 

0.981121555680977 0.00536150726712939 0.0102524063688001 0.00326453068309385 
0.0021711600482527 0.989201109275292 0.00271049981983257 0.00591723085662231 
0.00591723085662231 0.00271049981983257 0.989201109275292 0.0021711600482527 
0.00326453068309385 0.0102524063688001 0.00536150726712939 0.981121555680977 

0.993038317632085 0.00057297458755885 0.000289871569034084 0.0060988362113219 
0.00787389270916218 0.977364178742242 0.0134129548249984 0.00134897372359786 
0.00134897372359786 0.0134129548249984 0.977364178742242 0.00787389270916218 
0.0060988362113219 0.000289871569034084 0.00057297458755885 0.993038317632085 


