4 5

0.0659095246810466 0.434090475318953 0.434090475318953 0.0659095246810466 

0.431457820233801 0.423968980495873 0.0197931995573323 0.124779999712993 
0.233636385822334 0.568686084252952 0.119472280782571 0.0782052491421433 
0.0782052491421433 0.119472280782571 0.568686084252952 0.233636385822334 
0.124779999712993 0.0197931995573323 0.423968980495873 0.431457820233801 

0.434577006601185 0.150854020785114 0.00539772574811005 0.409171246865591 
0.0259519267751558 0.57683796974597 0.239407161822957 0.157802941655918 
0.157802941655918 0.239407161822957 0.57683796974597 0.0259519267751558 
0.409171246865591 0.00539772574811005 0.150854020785114 0.434577006601185 

0.654178907314647 0.315348164830017 0.0182121602487146 0.0122607676066207 
0.136966019669486 0.320322807568122 0.0886225810103576 0.454088591752035 
0.454088591752035 0.0886225810103576 0.320322807568122 0.136966019669486 
0.0122607676066207 0.0182121602487146 0.315348164830017 0.654178907314647 

0.544920636745151 0.0467200130070681 0.0131111983756031 0.395248151872178 
0.000864145188394685 0.555400042544898 0.426372550184973 0.0173632620817342 
0.0173632620817342 0.426372550184973 0.555400042544898 0.000864145188394685 
0.395248151872178 0.0131111983756031 0.0467200130070681 0.544920636745151 

0.679075393553435 0.175176819134914 0.0100236969681016 0.135724090343549 
0.235311831489978 0.279136392477324 0.0014857089871817 0.484066067045516 
0.484066067045516 0.0014857089871817 0.279136392477324 0.235311831489978 
0.135724090343549 0.0100236969681016 0.175176819134914 0.679075393553435 


