4 5

0.0275368031580001 0.472463196842 0.472463196842 0.0275368031580001 

0.982013571448831 0.0041122783862951 8.30100312737125e-07 0.0138733200645614 
0.000352109019186343 0.998253930831269 0.00139383818907102 1.21960473962876e-07 
1.21960473962876e-07 0.00139383818907102 0.998253930831269 0.000352109019186343 
0.0138733200645614 8.30100312737125e-07 0.0041122783862951 0.982013571448831 

0.99257869793981 3.00295585759784e-05 0.00665833410448627 0.000732938397127458 
0.00523017797978251 0.987553771259436 0.00676434362405309 0.000451707136728621 
0.000451707136728621 0.00676434362405309 0.987553771259436 0.00523017797978251 
0.000732938397127458 0.00665833410448627 3.00295585759784e-05 0.99257869793981 

0.992831921715231 0.00183304214244072 0.00511156572995997 0.000223470412368088 
0.0115463972786404 0.987301237821794 0.00031025919619676 0.000842105703368333 
0.000842105703368333 0.00031025919619676 0.987301237821794 0.0115463972786404 
0.000223470412368088 0.00511156572995997 0.00183304214244072 0.992831921715231 

0.991913436525322 0.0019922257693017 0.00028812066817662 0.00580621703719997 
0.00486589169056821 0.988237202971051 0.006388396583006 0.000508508755374847 
0.000508508755374847 0.006388396583006 0.988237202971051 0.00486589169056821 
0.00580621703719997 0.00028812066817662 0.0019922257693017 0.991913436525322 

0.990324307576384 0.00287289448879804 0.000161960991156816 0.00664083694366074 
0.00102401502726066 0.989841749454817 0.00901764950152212 0.000116586016399873 
0.000116586016399873 0.00901764950152212 0.989841749454817 0.00102401502726066 
0.00664083694366074 0.000161960991156816 0.00287289448879804 0.990324307576384 


