4 5

0.458847564877942 0.0411524351220578 0.0411524351220578 0.458847564877942 

0.978250693089828 0.0155560755002526 0.000179970456169236 0.00601326095374966 
0.00121549149886169 0.992059948176013 0.00023631245462663 0.00648824787049906 
0.00648824787049906 0.00023631245462663 0.992059948176013 0.00121549149886169 
0.00601326095374966 0.000179970456169236 0.0155560755002526 0.978250693089828 

0.995804170709385 0.00289275662600489 5.95810652444825e-06 0.00129711455808618 
0.0182082425823777 0.974614380838718 0.00713886840699129 3.85081719127111e-05 
3.85081719127111e-05 0.00713886840699129 0.974614380838718 0.0182082425823777 
0.00129711455808618 5.95810652444825e-06 0.00289275662600489 0.995804170709385 

0.981218093428971 0.00162947497488771 0.000673541951716243 0.0164788896444247 
2.19444175367042e-05 0.989213298803726 0.0101551980746813 0.000609558704055621 
0.000609558704055621 0.0101551980746813 0.989213298803726 2.19444175367042e-05 
0.0164788896444247 0.000673541951716243 0.00162947497488771 0.981218093428971 

0.980620309267655 0.000936593683036899 0.0122946269676022 0.00614847008170555 
0.00222591558357012 0.989678718420169 0.00802978894416345 6.55770520975138e-05 
6.55770520975138e-05 0.00802978894416345 0.989678718420169 0.00222591558357012 
0.00614847008170555 0.0122946269676022 0.000936593683036899 0.980620309267655 

0.983956206906258 0.00684047023686142 0.0043810640645595 0.00482225879232145 
6.40104478914944e-05 0.986372171622187 0.013304927675593 0.000258890254328913 
0.000258890254328913 0.013304927675593 0.986372171622187 6.40104478914944e-05 
0.00482225879232145 0.0043810640645595 0.00684047023686142 0.983956206906258 


