4 5

0.0800532831344754 0.419946716865525 0.419946716865525 0.0800532831344754 

0.399028791884137 0.156633288760248 0.133030431131543 0.311307488224072 
0.00473092508818337 0.588300579987406 0.247720259089345 0.159248235835065 
0.159248235835065 0.247720259089345 0.588300579987406 0.00473092508818337 
0.311307488224072 0.133030431131543 0.156633288760248 0.399028791884137 

0.547346755233447 0.000583786881718023 0.0101904657188645 0.44187899216597 
0.000728694221687504 0.586207019001764 0.409679606067562 0.00338468070898681 
0.00338468070898681 0.409679606067562 0.586207019001764 0.000728694221687504 
0.44187899216597 0.0101904657188645 0.000583786881718023 0.547346755233447 

0.518113851675264 0.0457545447382137 0.119497490935184 0.316634112651338 
0.0362862491705339 0.52187339092559 0.399355411977844 0.0424849479260327 
0.0424849479260327 0.399355411977844 0.52187339092559 0.0362862491705339 
0.316634112651338 0.119497490935184 0.0457545447382137 0.518113851675264 

0.666009349167796 0.101177744782406 0.035051680665758 0.19776122538404 
0.368570420389296 0.294338721371702 0.138441926025365 0.198648932213637 
0.198648932213637 0.138441926025365 0.294338721371702 0.368570420389296 
0.19776122538404 0.035051680665758 0.101177744782406 0.666009349167796 

0.749129983195703 0.0170131861129394 0.027696117796319 0.206160712895039 
0.00497181469500758 0.505210104349667 0.468582992708214 0.0212350882471113 
0.0212350882471113 0.468582992708214 0.505210104349667 0.00497181469500758 
0.206160712895039 0.027696117796319 0.0170131861129394 0.749129983195703 


