4 5

0.0229576692217961 0.477042330778204 0.477042330778204 0.0229576692217961 

0.504061811523516 0.012363881874032 0.156374532592545 0.327199774009907 
0.0396347693318056 0.44539514114484 0.127412049679102 0.387558039844252 
0.387558039844252 0.127412049679102 0.44539514114484 0.0396347693318056 
0.327199774009907 0.156374532592545 0.012363881874032 0.504061811523516 

0.91724277092042 0.00360775914378798 0.000600808605097804 0.0785486613306942 
0.0174052645326532 0.253316960403911 0.249043420256567 0.480234354806869 
0.480234354806869 0.249043420256567 0.253316960403911 0.0174052645326532 
0.0785486613306942 0.000600808605097804 0.00360775914378798 0.91724277092042 

0.611030095881567 0.101397217062145 0.00273555022579826 0.284837136830489 
0.181956114493676 0.440988130675772 0.375698847308069 0.00135690752248346 
0.00135690752248346 0.375698847308069 0.440988130675772 0.181956114493676 
0.284837136830489 0.00273555022579826 0.101397217062145 0.611030095881567 

0.648300000420852 0.141588076154148 0.000468858353650264 0.20964306507135 
0.179562631160841 0.430834069307679 0.370608452065274 0.0189948474662049 
0.0189948474662049 0.370608452065274 0.430834069307679 0.179562631160841 
0.20964306507135 0.000468858353650264 0.141588076154148 0.648300000420852 

0.484933025604126 0.0259161010135296 0.0117794108386365 0.477371462543708 
0.00824294451118416 0.658605018954192 0.319754471046871 0.0133975654877534 
0.0133975654877534 0.319754471046871 0.658605018954192 0.00824294451118416 
0.477371462543708 0.0117794108386365 0.0259161010135296 0.484933025604126 


