4 5

0.377967277308926 0.122032722691074 0.122032722691074 0.377967277308926 

0.975938271455582 0.000331422574401644 0.00142353998752844 0.0223067659824879 
0.0002941404130408 0.994640676022008 0.00371741361115979 0.00134776995379146 
0.00134776995379146 0.00371741361115979 0.994640676022008 0.0002941404130408 
0.0223067659824879 0.00142353998752844 0.000331422574401644 0.975938271455582 

0.985357268828259 0.00172177639683086 0.0106650980940542 0.00225585668085609 
0.00128319175363417 0.985005641134373 0.00139681241574335 0.0123143546962497 
0.0123143546962497 0.00139681241574335 0.985005641134373 0.00128319175363417 
0.00225585668085609 0.0106650980940542 0.00172177639683086 0.985357268828259 

0.977362279472555 0.00293895684136042 0.0185717213799285 0.00112704230615568 
0.00207960877025645 0.992993742297415 0.00163362536925798 0.00329302356307041 
0.00329302356307041 0.00163362536925798 0.992993742297415 0.00207960877025645 
0.00112704230615568 0.0185717213799285 0.00293895684136042 0.977362279472555 

0.980358444875081 6.01096332818233e-05 0.00213219034788061 0.0174492551437562 
0.000158515912034956 0.990088897659198 0.00914828471286089 0.000604301715906437 
0.000604301715906437 0.00914828471286089 0.990088897659198 0.000158515912034956 
0.0174492551437562 0.00213219034788061 6.01096332818233e-05 0.980358444875081 

0.995551496418016 5.57498883885744e-05 0.00375655138278347 0.000636202310811684 
0.00607333787204916 0.974853262223033 0.000298055007866838 0.0187753448970509 
0.0187753448970509 0.000298055007866838 0.974853262223033 0.00607333787204916 
0.000636202310811684 0.00375655138278347 5.57498883885744e-05 0.995551496418016 


