4 5

0.226066257338971 0.273933742661029 0.273933742661029 0.226066257338971 

0.567864738920105 0.0193741297544453 7.42453672961697e-05 0.412686885958153 
0.0460439171215018 0.542351800436787 0.410309218264725 0.00129506417698617 
0.00129506417698617 0.410309218264725 0.542351800436787 0.0460439171215018 
0.412686885958153 7.42453672961697e-05 0.0193741297544453 0.567864738920105 

0.306288976383479 0.377061808951872 0.0876139149083724 0.229035299756277 
0.0168164071866993 0.494363989716044 0.342524715523016 0.14629488757424 
0.14629488757424 0.342524715523016 0.494363989716044 0.0168164071866993 
0.229035299756277 0.0876139149083724 0.377061808951872 0.306288976383479 

0.795993822304691 0.00460133312477334 0.0411597704341657 0.15824507413637 
0.0330341652339988 0.489952539367583 0.4590177667836 0.017995528614818 
0.017995528614818 0.4590177667836 0.489952539367583 0.0330341652339988 
0.15824507413637 0.0411597704341657 0.00460133312477334 0.795993822304691 

0.573137576184904 2.92241634779079e-05 0.0103452213673532 0.416487978284265 
0.000174629057106442 0.556004894406943 0.436482653437986 0.00733782309796391 
0.00733782309796391 0.436482653437986 0.556004894406943 0.000174629057106442 
0.416487978284265 0.0103452213673532 2.92241634779079e-05 0.573137576184904 

0.614406957832936 0.00961718972274343 0.000115688657994563 0.375860163786326 
0.0086107178250391 0.534590469644846 0.456000842765055 0.000797969765059177 
0.000797969765059177 0.456000842765055 0.534590469644846 0.0086107178250391 
0.375860163786326 0.000115688657994563 0.00961718972274343 0.614406957832936 


