4 5

0.263977257884108 0.236022742115892 0.236022742115892 0.263977257884108 

0.974210114908889 0.000755498885850074 0.0169381922320669 0.00809619397319433 
0.00217002276427331 0.986368327763358 0.00636554072726414 0.00509610874510463 
0.00509610874510463 0.00636554072726414 0.986368327763358 0.00217002276427331 
0.00809619397319433 0.0169381922320669 0.000755498885850074 0.974210114908889 

0.96533635888467 0.00170650943530307 0.00650533570680519 0.0264517959732222 
0.0035039219305458 0.995671466269342 0.000507601352234321 0.000317010447877489 
0.000317010447877489 0.000507601352234321 0.995671466269342 0.0035039219305458 
0.0264517959732222 0.00650533570680519 0.00170650943530307 0.96533635888467 

0.997149891876189 0.00150744543745379 3.00365353541083e-05 0.00131262615100303 
0.00543330722305616 0.964017674248402 0.0301954136367031 0.000353604891838298 
0.000353604891838298 0.0301954136367031 0.964017674248402 0.00543330722305616 
0.00131262615100303 3.00365353541083e-05 0.00150744543745379 0.997149891876189 

0.991820611430616 0.00292924808838178 0.00073278997943184 0.0045173505015707 
6.31538286825958e-05 0.969185734203258 0.0299236700678951 0.000827441900164159 
0.000827441900164159 0.0299236700678951 0.969185734203258 6.31538286825958e-05 
0.0045173505015707 0.00073278997943184 0.00292924808838178 0.991820611430616 

0.982258430654577 0.0131199508560667 0.000382313783042012 0.00423930470631462 
9.41467350793804e-05 0.978296592597097 0.0166958949812187 0.00491336568660524 
0.00491336568660524 0.0166958949812187 0.978296592597097 9.41467350793804e-05 
0.00423930470631462 0.000382313783042012 0.0131199508560667 0.982258430654577 


