4 5

0.12590278882999 0.37409721117001 0.37409721117001 0.12590278882999 

0.402906727137217 0.201526181855454 0.356601948425062 0.0389651425822667 
0.0140975492070991 0.549574862793096 0.211027676670806 0.225299911328999 
0.225299911328999 0.211027676670806 0.549574862793096 0.0140975492070991 
0.0389651425822667 0.356601948425062 0.201526181855454 0.402906727137217 

0.26783127698392 0.0425784319513827 0.446300030974701 0.243290260089997 
0.141125375304969 0.678626129122764 0.142929271327558 0.0373192242447089 
0.0373192242447089 0.142929271327558 0.678626129122764 0.141125375304969 
0.243290260089997 0.446300030974701 0.0425784319513827 0.26783127698392 

0.794295103767341 0.00160952177901612 0.0176749232934311 0.186420451160212 
0.00885267147940336 0.459680332650055 0.422088899750635 0.109378096119906 
0.109378096119906 0.422088899750635 0.459680332650055 0.00885267147940336 
0.186420451160212 0.0176749232934311 0.00160952177901612 0.794295103767341 

0.501521821324552 0.0442049092662228 0.0122856588296402 0.441987610579585 
0.00980502778545307 0.660925628608428 0.326652699062536 0.00261664454358339 
0.00261664454358339 0.326652699062536 0.660925628608428 0.00980502778545307 
0.441987610579585 0.0122856588296402 0.0442049092662228 0.501521821324552 

0.515153698888886 0.0593356061881253 0.000552142604029665 0.42495855231896 
0.148894142446629 0.600392941217268 0.247688636512363 0.00302427982374025 
0.00302427982374025 0.247688636512363 0.600392941217268 0.148894142446629 
0.42495855231896 0.000552142604029665 0.0593356061881253 0.515153698888886 


