4 5

0.250910677015781 0.249089322984219 0.249089322984219 0.250910677015781 

0.998647569399377 0.0010871260087528 4.868136319405e-05 0.000216623228675772 
0.0275400628058173 0.971789810883786 0.000154974798725338 0.000515151511670949 
0.000515151511670949 0.000154974798725338 0.971789810883786 0.0275400628058173 
0.000216623228675772 4.868136319405e-05 0.0010871260087528 0.998647569399377 

0.983981579601132 3.57880364309364e-05 0.000910081562325374 0.0150725508001114 
0.00877129108039517 0.98636674253382 0.00341596071058425 0.00144600567520041 
0.00144600567520041 0.00341596071058425 0.98636674253382 0.00877129108039517 
0.0150725508001114 0.000910081562325374 3.57880364309364e-05 0.983981579601132 

0.979980295003591 0.00269684015627175 0.00227987385464495 0.0150429909854924 
0.00356123387486018 0.99041314744736 0.00547129119537371 0.000554327482405691 
0.000554327482405691 0.00547129119537371 0.99041314744736 0.00356123387486018 
0.0150429909854924 0.00227987385464495 0.00269684015627175 0.979980295003591 

0.980564007403966 0.0030778399782534 0.00255607391414647 0.0138020787036343 
0.00559244839378151 0.989805247291347 0.00341834666183127 0.00118395765304021 
0.00118395765304021 0.00341834666183127 0.989805247291347 0.00559244839378151 
0.0138020787036343 0.00255607391414647 0.0030778399782534 0.980564007403966 

0.997295010716397 2.58066156081292e-05 0.000201532682435842 0.00247764998555944 
0.00356546914760332 0.973328298206102 0.0219390676431704 0.00116716500312379 
0.00116716500312379 0.0219390676431704 0.973328298206102 0.00356546914760332 
0.00247764998555944 0.000201532682435842 2.58066156081292e-05 0.997295010716397 


