4 5

0.357546093757264 0.142453906242736 0.142453906242736 0.357546093757264 

0.91990158516255 0.00793528176072485 0.041884137528151 0.0302789955485742 
0.00469409437735208 0.483616961208369 0.482261474283039 0.0294274701312396 
0.0294274701312396 0.482261474283039 0.483616961208369 0.00469409437735208 
0.0302789955485742 0.041884137528151 0.00793528176072485 0.91990158516255 

0.654473539466814 0.0458145592767812 0.177278759229955 0.12243314202645 
0.026661219303631 0.463347356026454 0.455585719537843 0.0544057051320719 
0.0544057051320719 0.455585719537843 0.463347356026454 0.026661219303631 
0.12243314202645 0.177278759229955 0.0458145592767812 0.654473539466814 

0.580715980635691 0.0234985589961425 0.020937867579313 0.374847592788853 
0.0113277924806194 0.492998093167429 0.491179114286311 0.00449500006564083 
0.00449500006564083 0.491179114286311 0.492998093167429 0.0113277924806194 
0.374847592788853 0.020937867579313 0.0234985589961425 0.580715980635691 

0.461541068446022 0.0175465293271648 0.0872533909576668 0.433659011269146 
0.245083171691245 0.365441999192133 0.02510036948262 0.364374459634002 
0.364374459634002 0.02510036948262 0.365441999192133 0.245083171691245 
0.433659011269146 0.0872533909576668 0.0175465293271648 0.461541068446022 

0.539762389719258 0.0314213669924747 0.0462682583944685 0.382547984893798 
0.0191720187169701 0.415494973478449 0.398668928136725 0.166664079667856 
0.166664079667856 0.398668928136725 0.415494973478449 0.0191720187169701 
0.382547984893798 0.0462682583944685 0.0314213669924747 0.539762389719258 


