4 5

0.25 0.25 0.25 0.25 

0.951661637216966 0.0207137531115301 0.01014939791306 0.0174752117584436 
0.0207137531115301 0.951661637216966 0.0174752117584436 0.01014939791306 
0.01014939791306 0.0174752117584436 0.951661637216966 0.0207137531115301 
0.0174752117584436 0.01014939791306 0.0207137531115301 0.951661637216966 

0.416889171434409 0.0835259837254361 0.368591356996749 0.130993487843405 
0.0835259837254361 0.416889171434409 0.130993487843405 0.368591356996749 
0.368591356996749 0.130993487843405 0.416889171434409 0.0835259837254361 
0.130993487843405 0.368591356996749 0.0835259837254361 0.416889171434409 

0.951693441815873 0.0188833416489272 0.00742998512562029 0.0219932314095794 
0.0188833416489272 0.951693441815873 0.0219932314095794 0.00742998512562029 
0.00742998512562029 0.0219932314095794 0.951693441815873 0.0188833416489272 
0.0219932314095794 0.00742998512562029 0.0188833416489272 0.951693441815873 

0.452749260206315 0.0476585702670636 0.0851463269147982 0.414445842611823 
0.0476585702670636 0.452749260206315 0.414445842611823 0.0851463269147982 
0.0851463269147982 0.414445842611823 0.452749260206315 0.0476585702670636 
0.414445842611823 0.0851463269147982 0.0476585702670636 0.452749260206315 

0.951742946049896 0.0119775091927414 0.00846686199666902 0.0278126827606938 
0.0119775091927414 0.951742946049896 0.0278126827606938 0.00846686199666902 
0.00846686199666902 0.0278126827606938 0.951742946049896 0.0119775091927414 
0.0278126827606938 0.00846686199666902 0.0119775091927414 0.951742946049896 


