4 5

0.25 0.25 0.25 0.25 

0.951675590619557 0.0111910631031217 0.0136181758540347 0.0235151704232867 
0.0111910631031217 0.951675590619557 0.0235151704232867 0.0136181758540347 
0.0136181758540347 0.0235151704232867 0.951675590619557 0.0111910631031217 
0.0235151704232867 0.0136181758540347 0.0111910631031217 0.951675590619557 

0.455229969258833 0.0449116734828902 0.294926379235761 0.204931978022516 
0.0449116734828902 0.455229969258833 0.204931978022516 0.294926379235761 
0.294926379235761 0.204931978022516 0.455229969258833 0.0449116734828902 
0.204931978022516 0.294926379235761 0.0449116734828902 0.455229969258833 

0.951693311259597 0.0148180477751189 0.0243552201593563 0.00913342080592769 
0.0148180477751189 0.951693311259597 0.00913342080592769 0.0243552201593563 
0.0243552201593563 0.00913342080592769 0.951693311259597 0.0148180477751189 
0.00913342080592769 0.0243552201593563 0.0148180477751189 0.951693311259597 

0.335535154751347 0.170140390435578 0.170749174714912 0.323575280098162 
0.170140390435578 0.335535154751347 0.323575280098162 0.170749174714912 
0.170749174714912 0.323575280098162 0.335535154751347 0.170140390435578 
0.323575280098162 0.170749174714912 0.170140390435578 0.335535154751347 

0.951998080370296 0.0373476017867407 0.00801343696051668 0.00264088088244671 
0.0373476017867407 0.951998080370296 0.00264088088244671 0.00801343696051668 
0.00801343696051668 0.00264088088244671 0.951998080370296 0.0373476017867407 
0.00264088088244671 0.00801343696051668 0.0373476017867407 0.951998080370296 


