4 5

0.25 0.25 0.25 0.25 

0.951950697521015 0.00415928655768685 0.0360335154768516 0.007856500444447 
0.00415928655768685 0.951950697521015 0.007856500444447 0.0360335154768516 
0.0360335154768516 0.007856500444447 0.951950697521015 0.00415928655768685 
0.007856500444447 0.0360335154768516 0.00415928655768685 0.951950697521015 

0.366624250315563 0.133801537637154 0.23484073680666 0.264733475240623 
0.133801537637154 0.366624250315563 0.264733475240623 0.23484073680666 
0.23484073680666 0.264733475240623 0.366624250315563 0.133801537637154 
0.264733475240623 0.23484073680666 0.133801537637154 0.366624250315563 

0.951982480125779 0.00709436081355627 0.00388392910661897 0.0370392299540453 
0.00709436081355627 0.951982480125779 0.0370392299540453 0.00388392910661897 
0.00388392910661897 0.0370392299540453 0.951982480125779 0.00709436081355627 
0.0370392299540453 0.00388392910661897 0.00709436081355627 0.951982480125779 

0.427698946807919 0.0729550544340349 0.0987310662837708 0.400614932474276 
0.0729550544340349 0.427698946807919 0.400614932474276 0.0987310662837708 
0.0987310662837708 0.400614932474276 0.427698946807919 0.0729550544340349 
0.400614932474276 0.0987310662837708 0.0729550544340349 0.427698946807919 

0.952093956164985 0.00170512972684059 0.0400847100820081 0.006116204026166 
0.00170512972684059 0.952093956164985 0.006116204026166 0.0400847100820081 
0.0400847100820081 0.006116204026166 0.952093956164985 0.00170512972684059 
0.006116204026166 0.0400847100820081 0.00170512972684059 0.952093956164985 


