4 5

0.25 0.25 0.25 0.25 

0.952137749735535 0.00240366793569427 0.0413236404520651 0.0041349418767061 
0.00240366793569427 0.952137749735535 0.0041349418767061 0.0413236404520651 
0.0413236404520651 0.0041349418767061 0.952137749735535 0.00240366793569427 
0.0041349418767061 0.0413236404520651 0.00240366793569427 0.952137749735535 

0.479934371319616 0.0203300415875289 0.0728185785211292 0.426917008571726 
0.0203300415875289 0.479934371319616 0.426917008571726 0.0728185785211292 
0.0728185785211292 0.426917008571726 0.479934371319616 0.0203300415875289 
0.426917008571726 0.0728185785211292 0.0203300415875289 0.479934371319616 

0.951894003066042 0.0144723824981283 0.00114071054916798 0.0324929038866618 
0.0144723824981283 0.951894003066042 0.0324929038866618 0.00114071054916798 
0.00114071054916798 0.0324929038866618 0.951894003066042 0.0144723824981283 
0.0324929038866618 0.00114071054916798 0.0144723824981283 0.951894003066042 

0.485712393328745 0.0144928906338656 0.0829621497519123 0.416832566285477 
0.0144928906338656 0.485712393328745 0.416832566285477 0.0829621497519123 
0.0829621497519123 0.416832566285477 0.485712393328745 0.0144928906338656 
0.416832566285477 0.0829621497519123 0.0144928906338656 0.485712393328745 

0.951792412703926 0.00310588614605126 0.0175295092476391 0.0275721919023835 
0.00310588614605126 0.951792412703926 0.0275721919023835 0.0175295092476391 
0.0175295092476391 0.0275721919023835 0.951792412703926 0.00310588614605126 
0.0275721919023835 0.0175295092476391 0.00310588614605126 0.951792412703926 


