4 5

0.25 0.25 0.25 0.25 

0.951695399491435 0.0230363235117391 0.0176042354608955 0.00766404153593089 
0.0230363235117391 0.951695399491435 0.00766404153593089 0.0176042354608955 
0.0176042354608955 0.00766404153593089 0.951695399491435 0.0230363235117391 
0.00766404153593089 0.0176042354608955 0.0230363235117391 0.951695399491435 

0.49835124045719 0.0683745845861911 0.00184665065450271 0.431427524302116 
0.0683745845861911 0.49835124045719 0.431427524302116 0.00184665065450271 
0.00184665065450271 0.431427524302116 0.49835124045719 0.0683745845861911 
0.431427524302116 0.00184665065450271 0.0683745845861911 0.49835124045719 

0.95187739453365 0.003056143882116 0.0122108888658277 0.0328555727184061 
0.003056143882116 0.95187739453365 0.0328555727184061 0.0122108888658277 
0.0122108888658277 0.0328555727184061 0.95187739453365 0.003056143882116 
0.0328555727184061 0.0122108888658277 0.003056143882116 0.95187739453365 

0.432383868151928 0.0685247600963156 0.0856777704766484 0.413413601275108 
0.0685247600963156 0.432383868151928 0.413413601275108 0.0856777704766484 
0.0856777704766484 0.413413601275108 0.432383868151928 0.0685247600963156 
0.413413601275108 0.0856777704766484 0.0685247600963156 0.432383868151928 

0.951670623709201 0.0207994000108113 0.0183616570926378 0.00916831918735006 
0.0207994000108113 0.951670623709201 0.00916831918735006 0.0183616570926378 
0.0183616570926378 0.00916831918735006 0.951670623709201 0.0207994000108113 
0.00916831918735006 0.0183616570926378 0.0207994000108113 0.951670623709201 


