4 5

0.25 0.25 0.25 0.25 

0.951941110916167 0.000762973288446323 0.01277572205186 0.0345201937435264 
0.000762973288446323 0.951941110916167 0.0345201937435264 0.01277572205186 
0.01277572205186 0.0345201937435264 0.951941110916167 0.000762973288446323 
0.0345201937435264 0.01277572205186 0.000762973288446323 0.951941110916167 

0.445439183243664 0.0550696873355762 0.0855963791754011 0.413894750245359 
0.0550696873355762 0.445439183243664 0.413894750245359 0.0855963791754011 
0.0855963791754011 0.413894750245359 0.445439183243664 0.0550696873355762 
0.413894750245359 0.0855963791754011 0.0550696873355762 0.445439183243664 

0.952354340720336 0.000581686071008503 0.000798630345782703 0.0462653428628727 
0.000581686071008503 0.952354340720336 0.0462653428628727 0.000798630345782703 
0.000798630345782703 0.0462653428628727 0.952354340720336 0.000581686071008503 
0.0462653428628727 0.000798630345782703 0.000581686071008503 0.952354340720336 

0.405098946163447 0.095137494740216 0.254040297466264 0.245723261630073 
0.095137494740216 0.405098946163447 0.245723261630073 0.254040297466264 
0.254040297466264 0.245723261630073 0.405098946163447 0.095137494740216 
0.245723261630073 0.254040297466264 0.095137494740216 0.405098946163447 

0.951698494450283 0.00717620087021859 0.0186096485355945 0.0225156561439038 
0.00717620087021859 0.951698494450283 0.0225156561439038 0.0186096485355945 
0.0186096485355945 0.0225156561439038 0.951698494450283 0.00717620087021859 
0.0225156561439038 0.0186096485355945 0.00717620087021859 0.951698494450283 


