4 5

0.25 0.25 0.25 0.25 

0.951670465004745 0.0225420715193466 0.0103144841722281 0.0154729793036807 
0.0225420715193466 0.951670465004745 0.0154729793036807 0.0103144841722281 
0.0103144841722281 0.0154729793036807 0.951670465004745 0.0225420715193466 
0.0154729793036807 0.0103144841722281 0.0225420715193466 0.951670465004745 

0.298994694194192 0.203753077776439 0.262854076189203 0.234398151840166 
0.203753077776439 0.298994694194192 0.234398151840166 0.262854076189203 
0.262854076189203 0.234398151840166 0.298994694194192 0.203753077776439 
0.234398151840166 0.262854076189203 0.203753077776439 0.298994694194192 

0.951751871868485 0.0206694402627512 0.00393492753676225 0.0236437603320015 
0.0206694402627512 0.951751871868485 0.0236437603320015 0.00393492753676225 
0.00393492753676225 0.0236437603320015 0.951751871868485 0.0206694402627512 
0.0236437603320015 0.00393492753676225 0.0206694402627512 0.951751871868485 

0.4973629379175 0.00281333120556393 0.420058242945517 0.0797654879314189 
0.00281333120556393 0.4973629379175 0.0797654879314189 0.420058242945517 
0.420058242945517 0.0797654879314189 0.4973629379175 0.00281333120556393 
0.0797654879314189 0.420058242945517 0.00281333120556393 0.4973629379175 

0.951700153418931 0.0219040732229337 0.0195027289506697 0.00689304440746599 
0.0219040732229337 0.951700153418931 0.00689304440746599 0.0195027289506697 
0.0195027289506697 0.00689304440746599 0.951700153418931 0.0219040732229337 
0.00689304440746599 0.0195027289506697 0.0219040732229337 0.951700153418931 


