4 5

0.25 0.25 0.25 0.25 

0.95179404417335 0.00515949519185871 0.0295731403520706 0.0134733202827204 
0.00515949519185871 0.95179404417335 0.0134733202827204 0.0295731403520706 
0.0295731403520706 0.0134733202827204 0.95179404417335 0.00515949519185871 
0.0134733202827204 0.0295731403520706 0.00515949519185871 0.95179404417335 

0.465701673196087 0.0345317860932724 0.100992038827022 0.398774501883619 
0.0345317860932724 0.465701673196087 0.398774501883619 0.100992038827022 
0.100992038827022 0.398774501883619 0.465701673196087 0.0345317860932724 
0.398774501883619 0.100992038827022 0.0345317860932724 0.465701673196087 

0.951800315728318 0.0282344325945189 0.00306993869449321 0.0168953129826694 
0.0282344325945189 0.951800315728318 0.0168953129826694 0.00306993869449321 
0.00306993869449321 0.0168953129826694 0.951800315728318 0.0282344325945189 
0.0168953129826694 0.00306993869449321 0.0282344325945189 0.951800315728318 

0.387949349342865 0.112640472775864 0.153127584511891 0.34628259336938 
0.112640472775864 0.387949349342865 0.34628259336938 0.153127584511891 
0.153127584511891 0.34628259336938 0.387949349342865 0.112640472775864 
0.34628259336938 0.153127584511891 0.112640472775864 0.387949349342865 

0.951689013991557 0.0151759391185923 0.0239463225458759 0.00918872434397483 
0.0151759391185923 0.951689013991557 0.00918872434397483 0.0239463225458759 
0.0239463225458759 0.00918872434397483 0.951689013991557 0.0151759391185923 
0.00918872434397483 0.0239463225458759 0.0151759391185923 0.951689013991557 


