4 5

0.25 0.25 0.25 0.25 

0.951685249830807 0.0223510115292309 0.0176764313842102 0.00828730725575233 
0.0223510115292309 0.951685249830807 0.00828730725575233 0.0176764313842102 
0.0176764313842102 0.00828730725575233 0.951685249830807 0.0223510115292309 
0.00828730725575233 0.0176764313842102 0.0223510115292309 0.951685249830807 

0.470791001256582 0.0294102353361984 0.393090346073519 0.1067084173337 
0.0294102353361984 0.470791001256582 0.1067084173337 0.393090346073519 
0.393090346073519 0.1067084173337 0.470791001256582 0.0294102353361984 
0.1067084173337 0.393090346073519 0.0294102353361984 0.470791001256582 

0.9517757718418 0.0290786449543497 0.00637712395340076 0.0127684592504493 
0.0290786449543497 0.9517757718418 0.0127684592504493 0.00637712395340076 
0.00637712395340076 0.0127684592504493 0.9517757718418 0.0290786449543497 
0.0127684592504493 0.00637712395340076 0.0290786449543497 0.9517757718418 

0.389925127448414 0.111293879993751 0.127926825382337 0.370854167175497 
0.111293879993751 0.389925127448414 0.370854167175497 0.127926825382337 
0.127926825382337 0.370854167175497 0.389925127448414 0.111293879993751 
0.370854167175497 0.127926825382337 0.111293879993751 0.389925127448414 

0.952247108215486 0.001364087727974 0.0024591381680478 0.0439296658884923 
0.001364087727974 0.952247108215486 0.0439296658884923 0.0024591381680478 
0.0024591381680478 0.0439296658884923 0.952247108215486 0.001364087727974 
0.0439296658884923 0.0024591381680478 0.001364087727974 0.952247108215486 


