4 5

0.25 0.25 0.25 0.25 

0.951963276093892 0.00836115468573381 0.00334961078515486 0.0363259584352196 
0.00836115468573381 0.951963276093892 0.0363259584352196 0.00334961078515486 
0.00334961078515486 0.0363259584352196 0.951963276093892 0.00836115468573381 
0.0363259584352196 0.00334961078515486 0.00836115468573381 0.951963276093892 

0.476871312736012 0.0232409139598828 0.279573632001384 0.220314141302722 
0.0232409139598828 0.476871312736012 0.220314141302722 0.279573632001384 
0.279573632001384 0.220314141302722 0.476871312736012 0.0232409139598828 
0.220314141302722 0.279573632001384 0.0232409139598828 0.476871312736012 

0.952053161073859 0.0388147656174576 0.00780652153108702 0.00132555177759616 
0.0388147656174576 0.952053161073859 0.00132555177759616 0.00780652153108702 
0.00780652153108702 0.00132555177759616 0.952053161073859 0.0388147656174576 
0.00132555177759616 0.00780652153108702 0.0388147656174576 0.952053161073859 

0.484023264101911 0.0160805557392118 0.258930330420258 0.240965849738618 
0.0160805557392118 0.484023264101911 0.240965849738618 0.258930330420258 
0.258930330420258 0.240965849738618 0.484023264101911 0.0160805557392118 
0.240965849738618 0.258930330420258 0.0160805557392118 0.484023264101911 

0.952002516544952 0.00670636229044841 0.037639894421478 0.00365122674312132 
0.00670636229044841 0.952002516544952 0.00365122674312132 0.037639894421478 
0.037639894421478 0.00365122674312132 0.952002516544952 0.00670636229044841 
0.00365122674312132 0.037639894421478 0.00670636229044841 0.952002516544952 


