4 5

0.25 0.25 0.25 0.25 

0.95210858651951 0.00343081610055138 0.00385419773273352 0.0406063996472046 
0.00343081610055138 0.95210858651951 0.0406063996472046 0.00385419773273352 
0.00385419773273352 0.0406063996472046 0.95210858651951 0.00343081610055138 
0.0406063996472046 0.00385419773273352 0.00343081610055138 0.95210858651951 

0.435261908822905 0.0649733371174503 0.149111575228717 0.350653178830928 
0.0649733371174503 0.435261908822905 0.350653178830928 0.149111575228717 
0.149111575228717 0.350653178830928 0.435261908822905 0.0649733371174503 
0.350653178830928 0.149111575228717 0.0649733371174503 0.435261908822905 

0.951904673346322 0.0116165383055803 0.00260691017709211 0.033871878171006 
0.0116165383055803 0.951904673346322 0.033871878171006 0.00260691017709211 
0.00260691017709211 0.033871878171006 0.951904673346322 0.0116165383055803 
0.033871878171006 0.00260691017709211 0.0116165383055803 0.951904673346322 

0.430741210988945 0.06949231663174 0.158647088873144 0.341119383506171 
0.06949231663174 0.430741210988945 0.341119383506171 0.158647088873144 
0.158647088873144 0.341119383506171 0.430741210988945 0.06949231663174 
0.341119383506171 0.158647088873144 0.06949231663174 0.430741210988945 

0.951682720228989 0.0108070991848417 0.0240730548628608 0.0134371257233088 
0.0108070991848417 0.951682720228989 0.0134371257233088 0.0240730548628608 
0.0240730548628608 0.0134371257233088 0.951682720228989 0.0108070991848417 
0.0134371257233088 0.0240730548628608 0.0108070991848417 0.951682720228989 


