4 5

0.25 0.25 0.25 0.25 

0.951831335977401 0.00102675146119158 0.0193923158817051 0.027749596679702 
0.00102675146119158 0.951831335977401 0.027749596679702 0.0193923158817051 
0.0193923158817051 0.027749596679702 0.951831335977401 0.00102675146119158 
0.027749596679702 0.0193923158817051 0.00102675146119158 0.951831335977401 

0.466429077164345 0.033693346847104 0.27138265218162 0.228494923806931 
0.033693346847104 0.466429077164345 0.228494923806931 0.27138265218162 
0.27138265218162 0.228494923806931 0.466429077164345 0.033693346847104 
0.228494923806931 0.27138265218162 0.033693346847104 0.466429077164345 

0.952071434315726 0.00305556496397572 0.00527512856516479 0.0395978721551332 
0.00305556496397572 0.952071434315726 0.0395978721551332 0.00527512856516479 
0.00527512856516479 0.0395978721551332 0.952071434315726 0.00305556496397572 
0.0395978721551332 0.00527512856516479 0.00305556496397572 0.952071434315726 

0.41621505811534 0.0842575897555502 0.37443177283288 0.12509557929623 
0.0842575897555502 0.41621505811534 0.12509557929623 0.37443177283288 
0.37443177283288 0.12509557929623 0.41621505811534 0.0842575897555502 
0.12509557929623 0.37443177283288 0.0842575897555502 0.41621505811534 

0.951668272063806 0.0185758476396413 0.00932208147566127 0.0204337988208912 
0.0185758476396413 0.951668272063806 0.0204337988208912 0.00932208147566127 
0.00932208147566127 0.0204337988208912 0.951668272063806 0.0185758476396413 
0.0204337988208912 0.00932208147566127 0.0185758476396413 0.951668272063806 


