4 5

0.25 0.25 0.25 0.25 

0.951656887384694 0.0200392041518599 0.0177985231190642 0.0105053853443815 
0.0200392041518599 0.951656887384694 0.0105053853443815 0.0177985231190642 
0.0177985231190642 0.0105053853443815 0.951656887384694 0.0200392041518599 
0.0105053853443815 0.0177985231190642 0.0200392041518599 0.951656887384694 

0.400922030987504 0.0993984867726625 0.178963707110502 0.320715775129331 
0.0993984867726625 0.400922030987504 0.320715775129331 0.178963707110502 
0.178963707110502 0.320715775129331 0.400922030987504 0.0993984867726625 
0.320715775129331 0.178963707110502 0.0993984867726625 0.400922030987504 

0.952401098538466 0.000205595670205228 0.000166502700543858 0.0472268030907846 
0.000205595670205228 0.952401098538466 0.0472268030907846 0.000166502700543858 
0.000166502700543858 0.0472268030907846 0.952401098538466 0.000205595670205228 
0.0472268030907846 0.000166502700543858 0.000205595670205228 0.952401098538466 

0.423527319790825 0.076733740000294 0.158610688202698 0.341128252006183 
0.076733740000294 0.423527319790825 0.341128252006183 0.158610688202698 
0.158610688202698 0.341128252006183 0.423527319790825 0.076733740000294 
0.341128252006183 0.158610688202698 0.076733740000294 0.423527319790825 

0.951809492041491 0.00119424289933751 0.0231536536718802 0.0238426113872912 
0.00119424289933751 0.951809492041491 0.0238426113872912 0.0231536536718802 
0.0231536536718802 0.0238426113872912 0.951809492041491 0.00119424289933751 
0.0238426113872912 0.0231536536718802 0.00119424289933751 0.951809492041491 


