4 5

0.25 0.25 0.25 0.25 

0.951778994317338 0.00413833695118698 0.0277190637708259 0.0163636049606488 
0.00413833695118698 0.951778994317338 0.0163636049606488 0.0277190637708259 
0.0277190637708259 0.0163636049606488 0.951778994317338 0.00413833695118698 
0.0163636049606488 0.0277190637708259 0.00413833695118698 0.951778994317338 

0.466377762813731 0.0337447198965688 0.271382616884094 0.228494900405607 
0.0337447198965688 0.466377762813731 0.228494900405607 0.271382616884094 
0.271382616884094 0.228494900405607 0.466377762813731 0.0337447198965688 
0.228494900405607 0.271382616884094 0.0337447198965688 0.466377762813731 

0.952021190960636 0.00658657094984805 0.00322999385325917 0.0381622442362564 
0.00658657094984805 0.952021190960636 0.0381622442362564 0.00322999385325917 
0.00322999385325917 0.0381622442362564 0.952021190960636 0.00658657094984805 
0.0381622442362564 0.00322999385325917 0.00658657094984805 0.952021190960636 

0.428968054481569 0.0712133926534162 0.276757376919752 0.223061175945263 
0.0712133926534162 0.428968054481569 0.223061175945263 0.276757376919752 
0.276757376919752 0.223061175945263 0.428968054481569 0.0712133926534162 
0.223061175945263 0.276757376919752 0.0712133926534162 0.428968054481569 

0.951875918938573 0.00658310490360298 0.0336405161973951 0.00790045996042865 
0.00658310490360298 0.951875918938573 0.00790045996042865 0.0336405161973951 
0.0336405161973951 0.00790045996042865 0.951875918938573 0.00658310490360298 
0.00790045996042865 0.0336405161973951 0.00658310490360298 0.951875918938573 


