4 5

0.25 0.25 0.25 0.25 

0.951817592908514 0.0139833108631343 0.00395433625618927 0.0302447599721626 
0.0139833108631343 0.951817592908514 0.0302447599721626 0.00395433625618927 
0.00395433625618927 0.0302447599721626 0.951817592908514 0.0139833108631343 
0.0302447599721626 0.00395433625618927 0.0139833108631343 0.951817592908514 

0.348426195845448 0.152216516373637 0.221486359380308 0.277870928400607 
0.152216516373637 0.348426195845448 0.277870928400607 0.221486359380308 
0.221486359380308 0.277870928400607 0.348426195845448 0.152216516373637 
0.277870928400607 0.221486359380308 0.152216516373637 0.348426195845448 

0.951702886139166 0.00751438524317249 0.0239385782573495 0.0168441503603123 
0.00751438524317249 0.951702886139166 0.0168441503603123 0.0239385782573495 
0.0239385782573495 0.0168441503603123 0.951702886139166 0.00751438524317249 
0.0168441503603123 0.0239385782573495 0.00751438524317249 0.951702886139166 

0.500435626417649 0.0017675004348748 0.00478453980823971 0.493012333339237 
0.0017675004348748 0.500435626417649 0.493012333339237 0.00478453980823971 
0.00478453980823971 0.493012333339237 0.500435626417649 0.0017675004348748 
0.493012333339237 0.00478453980823971 0.0017675004348748 0.500435626417649 

0.951803016296069 0.0119835292605284 0.0303710138855923 0.00584244055781064 
0.0119835292605284 0.951803016296069 0.00584244055781064 0.0303710138855923 
0.0303710138855923 0.00584244055781064 0.951803016296069 0.0119835292605284 
0.00584244055781064 0.0303710138855923 0.0119835292605284 0.951803016296069 


