4 5

0.25 0.25 0.25 0.25 

0.95168443099684 0.0158088536230818 0.00913553340783033 0.0233711819722479 
0.0158088536230818 0.95168443099684 0.0233711819722479 0.00913553340783033 
0.00913553340783033 0.0233711819722479 0.95168443099684 0.0158088536230818 
0.0233711819722479 0.00913553340783033 0.0158088536230818 0.95168443099684 

0.378107062398047 0.122244242583462 0.264398832501596 0.235249862516895 
0.122244242583462 0.378107062398047 0.235249862516895 0.264398832501596 
0.264398832501596 0.235249862516895 0.378107062398047 0.122244242583462 
0.235249862516895 0.264398832501596 0.122244242583462 0.378107062398047 

0.951904954315723 0.0345784935629228 0.00828353854909555 0.00523301357225869 
0.0345784935629228 0.951904954315723 0.00523301357225869 0.00828353854909555 
0.00828353854909555 0.00523301357225869 0.951904954315723 0.0345784935629228 
0.00523301357225869 0.00828353854909555 0.0345784935629228 0.951904954315723 

0.338616425640353 0.183608159013124 0.31472663713312 0.163048778213403 
0.183608159013124 0.338616425640353 0.163048778213403 0.31472663713312 
0.31472663713312 0.163048778213403 0.338616425640353 0.183608159013124 
0.163048778213403 0.31472663713312 0.183608159013124 0.338616425640353 

0.951749950443634 0.00393441065479244 0.0227445776376843 0.0215710612638891 
0.00393441065479244 0.951749950443634 0.0215710612638891 0.0227445776376843 
0.0227445776376843 0.0215710612638891 0.951749950443634 0.00393441065479244 
0.0215710612638891 0.0227445776376843 0.00393441065479244 0.951749950443634 


