4 5

0.25 0.25 0.25 0.25 

0.951674061016672 0.021012932645654 0.00888353798597791 0.0184294683516956 
0.021012932645654 0.951674061016672 0.0184294683516956 0.00888353798597791 
0.00888353798597791 0.0184294683516956 0.951674061016672 0.021012932645654 
0.0184294683516956 0.00888353798597791 0.021012932645654 0.951674061016672 

0.482673342000945 0.0315864137393592 0.0182106427582487 0.467529601501447 
0.0315864137393592 0.482673342000945 0.467529601501447 0.0182106427582487 
0.0182106427582487 0.467529601501447 0.482673342000945 0.0315864137393592 
0.467529601501447 0.0182106427582487 0.0315864137393592 0.482673342000945 

0.951854110156494 0.0201492449984574 0.027967880786423 2.87640586258964e-05 
0.0201492449984574 0.951854110156494 2.87640586258964e-05 0.027967880786423 
0.027967880786423 2.87640586258964e-05 0.951854110156494 0.0201492449984574 
2.87640586258964e-05 0.027967880786423 0.0201492449984574 0.951854110156494 

0.347156090559017 0.157694783939746 0.159234275589456 0.335914849911781 
0.157694783939746 0.347156090559017 0.335914849911781 0.159234275589456 
0.159234275589456 0.335914849911781 0.347156090559017 0.157694783939746 
0.335914849911781 0.159234275589456 0.157694783939746 0.347156090559017 

0.95185262825552 0.00426618111462457 0.0116592287015913 0.032221961928264 
0.00426618111462457 0.95185262825552 0.032221961928264 0.0116592287015913 
0.0116592287015913 0.032221961928264 0.95185262825552 0.00426618111462457 
0.032221961928264 0.0116592287015913 0.00426618111462457 0.95185262825552 


