4 5

0.25 0.25 0.25 0.25 

0.9518284914338 0.000569689676341967 0.0257265396315559 0.0218752792583018 
0.000569689676341967 0.9518284914338 0.0218752792583018 0.0257265396315559 
0.0257265396315559 0.0218752792583018 0.9518284914338 0.000569689676341967 
0.0218752792583018 0.0257265396315559 0.000569689676341967 0.9518284914338 

0.452768095847724 0.0560490544315355 0.442321871052793 0.0488609786679476 
0.0560490544315355 0.452768095847724 0.0488609786679476 0.442321871052793 
0.442321871052793 0.0488609786679476 0.452768095847724 0.0560490544315355 
0.0488609786679476 0.442321871052793 0.0560490544315355 0.452768095847724 

0.951665948629924 0.0184984532422438 0.00953333584065755 0.0203022622871746 
0.0184984532422438 0.951665948629924 0.0203022622871746 0.00953333584065755 
0.00953333584065755 0.0203022622871746 0.951665948629924 0.0184984532422438 
0.0203022622871746 0.00953333584065755 0.0184984532422438 0.951665948629924 

0.482100344368112 0.0180507556747487 0.122340496125956 0.377508403831183 
0.0180507556747487 0.482100344368112 0.377508403831183 0.122340496125956 
0.122340496125956 0.377508403831183 0.482100344368112 0.0180507556747487 
0.377508403831183 0.122340496125956 0.0180507556747487 0.482100344368112 

0.952315299958926 0.0010054470212307 0.00124039375449439 0.0454388592653487 
0.0010054470212307 0.952315299958926 0.0454388592653487 0.00124039375449439 
0.00124039375449439 0.0454388592653487 0.952315299958926 0.0010054470212307 
0.0454388592653487 0.00124039375449439 0.0010054470212307 0.952315299958926 


