4 5

0.25 0.25 0.25 0.25 

0.951768345596999 0.00342236590678277 0.0195357391045763 0.0252735493916415 
0.00342236590678277 0.951768345596999 0.0252735493916415 0.0195357391045763 
0.0195357391045763 0.0252735493916415 0.951768345596999 0.00342236590678277 
0.0252735493916415 0.0195357391045763 0.00342236590678277 0.951768345596999 

0.300761445514845 0.204822980445651 0.211363264424555 0.28305230961495 
0.204822980445651 0.300761445514845 0.28305230961495 0.211363264424555 
0.211363264424555 0.28305230961495 0.300761445514845 0.204822980445651 
0.28305230961495 0.211363264424555 0.204822980445651 0.300761445514845 

0.952415152002237 6.96633390687151e-05 5.19733424156343e-06 0.0475099873244524 
6.96633390687151e-05 0.952415152002237 0.0475099873244524 5.19733424156343e-06 
5.19733424156343e-06 0.0475099873244524 0.952415152002237 6.96633390687151e-05 
0.0475099873244524 5.19733424156343e-06 6.96633390687151e-05 0.952415152002237 

0.442863082046865 0.0574501245578999 0.111942038618576 0.387744754776659 
0.0574501245578999 0.442863082046865 0.387744754776659 0.111942038618576 
0.111942038618576 0.387744754776659 0.442863082046865 0.0574501245578999 
0.387744754776659 0.111942038618576 0.0574501245578999 0.442863082046865 

0.952133337646256 0.0026467107697988 0.003998192101453 0.0412217594824918 
0.0026467107697988 0.952133337646256 0.0412217594824918 0.003998192101453 
0.003998192101453 0.0412217594824918 0.952133337646256 0.0026467107697988 
0.0412217594824918 0.003998192101453 0.0026467107697988 0.952133337646256 


