4 5

0.25 0.25 0.25 0.25 

0.951702279388044 0.0192689620251697 0.0222262654240497 0.00680249316273679 
0.0192689620251697 0.951702279388044 0.00680249316273679 0.0222262654240497 
0.0222262654240497 0.00680249316273679 0.951702279388044 0.0192689620251697 
0.00680249316273679 0.0222262654240497 0.0192689620251697 0.951702279388044 

0.453411118309119 0.0467325123319341 0.207081184265199 0.292775185093748 
0.0467325123319341 0.453411118309119 0.292775185093748 0.207081184265199 
0.207081184265199 0.292775185093748 0.453411118309119 0.0467325123319341 
0.292775185093748 0.207081184265199 0.0467325123319341 0.453411118309119 

0.952101207470077 0.00111904784503405 0.00658282529946219 0.040196919385427 
0.00111904784503405 0.952101207470077 0.040196919385427 0.00658282529946219 
0.00658282529946219 0.040196919385427 0.952101207470077 0.00111904784503405 
0.040196919385427 0.00658282529946219 0.00111904784503405 0.952101207470077 

0.485242799699136 0.0154298217447895 0.0334602352503382 0.465867143305736 
0.0154298217447895 0.485242799699136 0.465867143305736 0.0334602352503382 
0.0334602352503382 0.465867143305736 0.485242799699136 0.0154298217447895 
0.465867143305736 0.0334602352503382 0.0154298217447895 0.485242799699136 

0.952320600332895 0.00144895986894047 0.000681327424541606 0.0455491123736231 
0.00144895986894047 0.952320600332895 0.0455491123736231 0.000681327424541606 
0.000681327424541606 0.0455491123736231 0.952320600332895 0.00144895986894047 
0.0455491123736231 0.000681327424541606 0.00144895986894047 0.952320600332895 


