4 5

0.25 0.25 0.25 0.25 

0.952156864110701 0.000174750058248546 0.00609790101058147 0.0415704848204685 
0.000174750058248546 0.952156864110701 0.0415704848204685 0.00609790101058147 
0.00609790101058147 0.0415704848204685 0.952156864110701 0.000174750058248546 
0.0415704848204685 0.00609790101058147 0.000174750058248546 0.952156864110701 

0.472095923334519 0.0285984385638275 0.0471693730553649 0.452136265046288 
0.0285984385638275 0.472095923334519 0.452136265046288 0.0471693730553649 
0.0471693730553649 0.452136265046288 0.472095923334519 0.0285984385638275 
0.452136265046288 0.0471693730553649 0.0285984385638275 0.472095923334519 

0.951720939044681 0.0232065325025154 0.00572552156817985 0.0193470068846233 
0.0232065325025154 0.951720939044681 0.0193470068846233 0.00572552156817985 
0.00572552156817985 0.0193470068846233 0.951720939044681 0.0232065325025154 
0.0193470068846233 0.00572552156817985 0.0232065325025154 0.951720939044681 

0.483763890257482 0.0163549452390432 0.167098787630023 0.332782376873452 
0.0163549452390432 0.483763890257482 0.332782376873452 0.167098787630023 
0.167098787630023 0.332782376873452 0.483763890257482 0.0163549452390432 
0.332782376873452 0.167098787630023 0.0163549452390432 0.483763890257482 

0.952357184294885 0.000470587580455789 0.000848141264215313 0.0463240868604434 
0.000470587580455789 0.952357184294885 0.0463240868604434 0.000848141264215313 
0.000848141264215313 0.0463240868604434 0.952357184294885 0.000470587580455789 
0.0463240868604434 0.000848141264215313 0.000470587580455789 0.952357184294885 


