4 5

0.25 0.25 0.25 0.25 

0.951941596930009 0.0344038854115339 0.00053811784836913 0.0131163998100883 
0.0344038854115339 0.951941596930009 0.0131163998100883 0.00053811784836913 
0.00053811784836913 0.0131163998100883 0.951941596930009 0.0344038854115339 
0.0131163998100883 0.00053811784836913 0.0344038854115339 0.951941596930009 

0.449222495599905 0.0509426450364017 0.322664347280144 0.17717051208355 
0.0509426450364017 0.449222495599905 0.17717051208355 0.322664347280144 
0.322664347280144 0.17717051208355 0.449222495599905 0.0509426450364017 
0.17717051208355 0.322664347280144 0.0509426450364017 0.449222495599905 

0.952367214848386 6.46064585109185e-05 0.00104060825856439 0.0465275704345388 
6.46064585109185e-05 0.952367214848386 0.0465275704345388 0.00104060825856439 
0.00104060825856439 0.0465275704345388 0.952367214848386 6.46064585109185e-05 
0.0465275704345388 0.00104060825856439 6.46064585109185e-05 0.952367214848386 

0.404752118514367 0.0954937915837612 0.221020946652644 0.278733143249228 
0.0954937915837612 0.404752118514367 0.278733143249228 0.221020946652644 
0.221020946652644 0.278733143249228 0.404752118514367 0.0954937915837612 
0.278733143249228 0.221020946652644 0.0954937915837612 0.404752118514367 

0.95172537989093 0.0202685400332777 0.00532626536555622 0.0226798147102364 
0.0202685400332777 0.95172537989093 0.0226798147102364 0.00532626536555622 
0.00532626536555622 0.0226798147102364 0.95172537989093 0.0202685400332777 
0.0226798147102364 0.00532626536555622 0.0202685400332777 0.95172537989093 


