4 5

0.25 0.25 0.25 0.25 

0.951638977585048 0.017687658167326 0.0128239627742837 0.0178494014733424 
0.017687658167326 0.951638977585048 0.0178494014733424 0.0128239627742837 
0.0128239627742837 0.0178494014733424 0.951638977585048 0.017687658167326 
0.0178494014733424 0.0128239627742837 0.017687658167326 0.951638977585048 

0.491046062162912 0.00905863864904993 0.31220509910557 0.187690200082468 
0.00905863864904993 0.491046062162912 0.187690200082468 0.31220509910557 
0.31220509910557 0.187690200082468 0.491046062162912 0.00905863864904993 
0.187690200082468 0.31220509910557 0.00905863864904993 0.491046062162912 

0.95175501399271 0.0259478892436151 0.00456668853478398 0.0177304082288905 
0.0259478892436151 0.95175501399271 0.0177304082288905 0.00456668853478398 
0.00456668853478398 0.0177304082288905 0.95175501399271 0.0259478892436151 
0.0177304082288905 0.00456668853478398 0.0259478892436151 0.95175501399271 

0.453482979074848 0.0466567799895371 0.277703428560626 0.222156812374989 
0.0466567799895371 0.453482979074848 0.222156812374989 0.277703428560626 
0.277703428560626 0.222156812374989 0.453482979074848 0.0466567799895371 
0.222156812374989 0.277703428560626 0.0466567799895371 0.453482979074848 

0.951831406193764 0.0319874673315668 0.00809014866956898 0.00809097780510043 
0.0319874673315668 0.951831406193764 0.00809097780510043 0.00809014866956898 
0.00809014866956898 0.00809097780510043 0.951831406193764 0.0319874673315668 
0.00809097780510043 0.00809014866956898 0.0319874673315668 0.951831406193764 


