4 5

0.25 0.25 0.25 0.25 

0.951716050953509 0.018719686053243 0.00613919904469601 0.0234250639485521 
0.018719686053243 0.951716050953509 0.0234250639485521 0.00613919904469601 
0.00613919904469601 0.0234250639485521 0.951716050953509 0.018719686053243 
0.0234250639485521 0.00613919904469601 0.018719686053243 0.951716050953509 

0.4689603073162 0.0312826336734825 0.0932551260318007 0.406501932978517 
0.0312826336734825 0.4689603073162 0.406501932978517 0.0932551260318007 
0.0932551260318007 0.406501932978517 0.4689603073162 0.0312826336734825 
0.406501932978517 0.0932551260318007 0.0312826336734825 0.4689603073162 

0.952054119414834 0.00768370381698258 0.00140110675377803 0.0388610700144049 
0.00768370381698258 0.952054119414834 0.0388610700144049 0.00140110675377803 
0.00140110675377803 0.0388610700144049 0.952054119414834 0.00768370381698258 
0.0388610700144049 0.00140110675377803 0.00768370381698258 0.952054119414834 

0.411963787441358 0.0883153951392543 0.173310409007018 0.326410408412369 
0.0883153951392543 0.411963787441358 0.326410408412369 0.173310409007018 
0.173310409007018 0.326410408412369 0.411963787441358 0.0883153951392543 
0.326410408412369 0.173310409007018 0.0883153951392543 0.411963787441358 

0.951716905446746 0.0212771506823705 0.00573526570480148 0.0212706781660816 
0.0212771506823705 0.951716905446746 0.0212706781660816 0.00573526570480148 
0.00573526570480148 0.0212706781660816 0.951716905446746 0.0212771506823705 
0.0212706781660816 0.00573526570480148 0.0212771506823705 0.951716905446746 


