4 5

0.25 0.25 0.25 0.25 

0.951752557281964 0.00971941217686847 0.0284880537141596 0.0100399768270081 
0.00971941217686847 0.951752557281964 0.0100399768270081 0.0284880537141596 
0.0284880537141596 0.0100399768270081 0.951752557281964 0.00971941217686847 
0.0100399768270081 0.0284880537141596 0.00971941217686847 0.951752557281964 

0.358761661892635 0.14587030025277 0.147157892291423 0.348210145563172 
0.14587030025277 0.358761661892635 0.348210145563172 0.147157892291423 
0.147157892291423 0.348210145563172 0.358761661892635 0.14587030025277 
0.348210145563172 0.147157892291423 0.14587030025277 0.358761661892635 

0.9518020039295 0.00273049448875143 0.0175561410244746 0.0279113605572742 
0.00273049448875143 0.9518020039295 0.0279113605572742 0.0175561410244746 
0.0175561410244746 0.0279113605572742 0.9518020039295 0.00273049448875143 
0.0279113605572742 0.0175561410244746 0.00273049448875143 0.9518020039295 

0.340843182062933 0.16003914950153 0.291280675118137 0.2078369933174 
0.16003914950153 0.340843182062933 0.2078369933174 0.291280675118137 
0.291280675118137 0.2078369933174 0.340843182062933 0.16003914950153 
0.2078369933174 0.291280675118137 0.16003914950153 0.340843182062933 

0.951776428852338 0.02958298369981 0.00823129125455507 0.0104092961932971 
0.02958298369981 0.951776428852338 0.0104092961932971 0.00823129125455507 
0.00823129125455507 0.0104092961932971 0.951776428852338 0.02958298369981 
0.0104092961932971 0.00823129125455507 0.02958298369981 0.951776428852338 


