4 5

0.25 0.25 0.25 0.25 

0.951736862421515 0.0126870936708996 0.00821098131035961 0.0273650625972258 
0.0126870936708996 0.951736862421515 0.0273650625972258 0.00821098131035961 
0.00821098131035961 0.0273650625972258 0.951736862421515 0.0126870936708996 
0.0273650625972258 0.00821098131035961 0.0126870936708996 0.951736862421515 

0.424183851159135 0.0760111277962085 0.215255705131172 0.284549315913485 
0.0760111277962085 0.424183851159135 0.284549315913485 0.215255705131172 
0.215255705131172 0.284549315913485 0.424183851159135 0.0760111277962085 
0.284549315913485 0.215255705131172 0.0760111277962085 0.424183851159135 

0.952077442954765 0.00481304423184492 0.00333083623905611 0.039778676574334 
0.00481304423184492 0.952077442954765 0.039778676574334 0.00333083623905611 
0.00333083623905611 0.039778676574334 0.952077442954765 0.00481304423184492 
0.039778676574334 0.00333083623905611 0.00481304423184492 0.952077442954765 

0.464033672498474 0.0369299907070801 0.0502309110174248 0.448805425777021 
0.0369299907070801 0.464033672498474 0.448805425777021 0.0502309110174248 
0.0502309110174248 0.448805425777021 0.464033672498474 0.0369299907070801 
0.448805425777021 0.0502309110174248 0.0369299907070801 0.464033672498474 

0.95186853259468 0.0178321840560692 0.000327689571169937 0.0299715937780813 
0.0178321840560692 0.95186853259468 0.0299715937780813 0.000327689571169937 
0.000327689571169937 0.0299715937780813 0.95186853259468 0.0178321840560692 
0.0299715937780813 0.000327689571169937 0.0178321840560692 0.95186853259468 


